" "	"SRR5928157"	"SRR5928159"	"SRR5928161"	"SRR5928164"	"SRR5928165"	"SRR5928167"	"SRR5928168"	"SRR5928170"	"SRR5928171"	"SRR5928173"	"SRR5928174"	"SRR5928177"	"SRR5928181"	"SRR5928182"	"SRR5928183"	"SRR5928184"	"SRR5928185"	"SRR5928187"	"SRR5928188"	"SRR5928189"	"SRR5928190"	"SRR5928192"	"SRR5928193"	"SRR5928195"	"SRR5928197"	"SRR5928199"	"SRR5928201"	"SRR5928203"	"SRR5928204"	"SRR5928207"	"SRR5928210"	"SRR5928211"	"SRR5928214"	"SRR5928216"	"SRR5928217"	"SRR5928218"	"SRR5928219"	"SRR5928221"	"SRR5928222"	"SRR5928225"	"SRR5928226"	"SRR5928227"	"SRR5928230"	"SRR5928231"	"SRR5928239"	"SRR5928240"	"SRR5928241"	"SRR5928243"	"SRR5928246"	"SRR5928247"	"SRR5928248"	"SRR5928249"	"SRR5928250"	"SRR5928251"	"SRR5928252"	"SRR5928254"	"SRR5928261"	"SRR5928263"	"SRR5928265"	"SRR5928266"	"SRR5928267"	"SRR5928268"	"SRR5928269"	"SRR5928270"	"SRR5928271"	"SRR5928273"	"SRR5928276"	"SRR5928363"	"SRR5928366"	"SRR5928368"	"SRR5928369"	"SRR5928370"	"SRR5928371"	"SRR5928372"	"SRR5928373"	"SRR5928375"	"SRR5928376"	"SRR5928378"	"SRR5928379"	"SRR5928386"	"SRR5928389"	"SRR5928391"	"SRR5928392"	"SRR5928395"	"SRR5928397"	"SRR5928402"	"SRR5928403"	"SRR5928405"	"SRR5928407"	"SRR5928408"	"SRR5928414"	"SRR5928415"	"SRR5928416"	"SRR5928417"	"SRR5928418"	"SRR5928419"	"SRR5928421"	"SRR5928423"	"SRR5928424"	"SRR5928426"	"SRR5928428"	"SRR5928430"	"SRR5928431"	"SRR5928432"	"SRR5928434"	"SRR5928437"	"SRR5928438"	"SRR5928440"	"SRR5928441"	"SRR5928445"	"SRR5928446"	"SRR5928448"	"SRR5928449"	"SRR5928451"	"SRR5928452"	"SRR5928453"	"SRR5928455"	"SRR5928456"	"SRR5928457"	"SRR5928458"	"SRR5928459"	"SRR5928461"	"SRR5928464"	"SRR5928465"	"SRR5928466"	"SRR5928468"	"SRR5928471"	"SRR5928472"	"SRR5928473"	"SRR5928474"	"SRR5928477"	"SRR5928478"	"SRR5928479"
"SRR5928157"	0	0.916814508180564	0.928808624846472	0.759207872750155	0.816494563981258	0.695279685817829	0.886715492274333	0.94474518188297	0.830899634566104	0.78971629592564	0.914373227797237	0.850141776221019	0.724726682739693	0.799905987960394	0.968794068143566	0.926458323856313	0.945958240458536	0.915768245159138	0.905487573731217	0.918224688774659	0.814508180563769	0.730124793400961	0.772142109812128	0.864819784985367	0.979059576339293	0.939801968187539	0.720511304189601	0.893463130600919	0.915737918694749	0.917193588985428	0.875661496004488	0.853841604876496	0.875252088735235	0.885608576324129	0.926761588500205	0.875479537218153	0.732763195802817	0.747031797297912	0.925442387299277	0.93493457065308	0.721785015693945	0.904016740208343	0.728805592200033	0.969309618038181	0.761558173740315	0.235848913554413	0.739222732717706	0.950886290921773	0.871885851188039	0.779511440658691	0.904774901818072	0.724180806380688	0.829443964275425	0.909066096529136	0.722998074269511	0.935374304386723	0.830186962652959	0.890324341536642	0.798844561706773	0.825228585725333	0.890294015072253	0.891309951629289	0.888944487406936	0.912796251649001	0.917026793431288	0.771899498097014	0.753870415017665	0.731838238638948	0.773127719904775	0.89002107689275	0.874509090357701	0.831839754962168	0.758540690533594	0.92833856464844	0.737372818389968	0.779845031766971	0.924396124277851	0.835827685029341	0.854523950325251	0.716447557961455	0.882864031296911	0.755037983896647	0.971675082260535	0.768032873887398	0.974283158198001	0.861468710670366	0.83605513351226	0.826562950158456	0.903349557991782	0.89807275318807	0.84815539280353	0.720753915904714	0.700662633246903	0.994647379035315	0.946959013783378	0.90109023639479	0.929627439384979	0.951280534958832	0.924380961045656	0.880741178789671	0.944775508347359	0.945442690563921	0.88717038924017	0.965731095240261	0.843060546786153	0.917982077059546	0.720132223384737	0.749746015860741	0.795357018302021	0.903667985867868	0.775932917860771	0.891795175059516	0.908808321581828	0.905942470697054	0.91322082215045	0.840118879740405	0.801589106733991	0.807366298200124	0.867518840316002	0.690351635354592	0.994253134998256	0.864061623375639	0.958968293681481	0.959104762771232	0.928520523434775	0.942228085338671	0.923637962668122	0.93370634884532	0.86260595308496	0.717933554716523	0.194407799966641	0.938922500720254	0.976891234135468
"SRR5928159"	0.916814508180564	0	0.966140502509515	0.820482494048431	0.929733582010341	0.938786031630502	0.882454624027658	0.918118546149297	0.913903167599205	0.918694748972691	0.889187099122049	0.872613686333379	0.911810641556354	0.91855827988294	0.944229631988355	0.94262232937573	0.970098106112299	0.850232755614187	0.932993676932175	0.875813128326434	0.91802756675613	0.941576066354304	0.914540023351378	0.893781558477005	0.933918634096044	0.941303128174802	0.919998786941424	0.866502903758965	0.965564299686121	0.888155999332818	0.891992297078045	0.916784181716175	0.876389331149828	0.922758495200837	0.891294788397095	0.868034390210617	0.911871294485132	0.931644149266858	0.9080501599721	0.858405737767062	0.865289845183399	0.928823788078667	0.848959044109842	0.91375153527726	0.906897754325312	0.933948960560433	0.871567423311953	0.808791642026414	0.910385297730064	0.931674475731247	0.856995557172967	0.936648015891067	0.921302824910158	0.930976967050296	0.943168205734734	0.796767198896117	0.846487437262127	0.901833234772324	0.801589106733991	0.930173315743984	0.83320444585968	0.871612913008537	0.828412864486194	0.847184945943077	0.863773521963942	0.930264295137151	0.888504753673293	0.926155059212422	0.938073359717357	0.883970947247115	0.912220048825608	0.879270345266797	0.889869444570805	0.867867594656477	0.867367207994056	0.943744408558128	0.953266918376321	0.889869444570805	0.86064989613186	0.880680525860893	0.903531516778116	0.879285508498992	0.94262232937573	0.914767471834296	0.964927443933949	0.89804242672368	0.902561069917664	0.885805698342659	0.887640449438202	0.911522540144657	0.835433440992282	0.92406253316957	0.944563223096635	0.99304007642269	0.875706985701072	0.950143292544239	0.976436337169631	0.898846078029993	0.976239215151102	0.858254105445117	0.968763741679176	0.90002881014117	0.876631942864941	0.951447330512972	0.937421340732991	0.951310861423221	0.895464677250603	0.920574989764818	0.868898694445708	0.865547620130707	0.91319049568606	0.931128599372242	0.865229192254621	0.94510909945564	0.957360991068856	0.923395350953009	0.91925578856389	0.904426147477596	0.91981682815509	0.913615066187509	0.995663315592352	0.890991523753203	0.934540326616021	0.914479370422599	0.88362219290664	0.805122139835327	0.886958103989446	0.959059273074649	0.896996163702255	0.945685302279034	0.929460643830839	0.914888777691853	0.96523070857784
"SRR5928161"	0.928808624846472	0.966140502509515	0	0.903364721223976	0.813795508650624	0.911780315091965	0.939559356472426	0.885714718949491	0.861408057741588	0.917011630199093	0.91766364918346	0.880210465662861	0.926064079819254	0.917239078682012	0.890203035679085	0.922894964290588	0.949824864668153	0.916981303734704	0.898800588333409	0.915025246781604	0.906048613322416	0.9527665317139	0.917891097666379	0.905275288480493	0.916829671412758	0.887231042168949	0.872007157045596	0.926155059212422	0.918467300489772	0.899740708729473	0.8814993403994	0.86207523995815	0.88949036376594	0.876616779632747	0.935419794083307	0.953009143429013	0.914524860119183	0.877981470530258	0.887397837723089	0.937436503965185	0.873523480265053	0.884425844212952	0.900119789534337	0.948930233968673	0.942516186750368	0.956466360369376	0.917891097666379	0.895419187554019	0.962486163550622	0.916511243536672	0.90251558022108	0.900574686500174	0.914767471834296	0.930628212709821	0.91229586498658	0.949961333757904	0.913766698509454	0.858314758373895	0.912720435488029	0.905184309087325	0.904198698994678	0.911037316714431	0.935328814690139	0.951189555565664	0.861696159153285	0.962076756281369	0.94974904850718	0.903501190313727	0.928914767471834	0.934525163383827	0.857207842423691	0.902166825880605	0.89807275318807	0.934631306009189	0.918330831400021	0.909900074299838	0.931689638963441	0.931371211087355	0.888929324174741	0.89217425586438	0.890096893053723	0.902470090524496	0.957133542585938	0.885729882181686	0.979059576339293	0.881029280201368	0.871643239472926	0.931310558158577	0.923698615596901	0.922333924699389	0.893554109994086	0.934373531061881	0.87828473517415	0.764894084823121	0.931871597749776	0.969021516626484	0.325751717236046	0.923744105293484	0.421462038848201	0.889035466800103	0.85030857177516	0.937663952448104	0.893311498278973	0.853280565285296	0.906276061805334	0.833962607469408	0.875388557824986	0.916026020106446	0.932887534306813	0.888034693475261	0.906442857359475	0.880468240610168	0.88985428133861	0.693808852294955	0.971750898421508	0.875479537218153	0.885881514503632	0.96168251224431	0.856222232331044	0.920499173603845	0.987581312832643	0.892280398489742	0.960560433061912	0.921484783696493	0.888049856707456	0.930188478976179	0.946109872780482	0.737251512532411	0.89287176454533	0.915525633444025	0.919073829777555	0.839193922576536	0.951356351119805
"SRR5928164"	0.759207872750155	0.820482494048431	0.903364721223976	0	0.789231072495413	0.802968960863698	0.812809898557977	0.896131859467164	0.758616506694567	0.714097256971296	0.812900877951144	0.746607226796464	0.777373424919256	0.804288162064626	0.891461583951235	0.81785925487877	0.952160002426117	0.779556930355275	0.860422447648941	0.841316775083777	0.671215636325039	0.800603496641344	0.718904001576976	0.805334425086051	0.908868974510607	0.851931037619979	0.716614353515595	0.801892371377883	0.868458960712065	0.794735325782044	0.774810838678373	0.811809125233135	0.800967414214014	0.80218047278958	0.836161276137621	0.793507103974283	0.689138576779026	0.765849368451379	0.8091100699025	0.855418581024731	0.720359671867655	0.783666166280004	0.705666499871113	0.901848398004519	0.745045413880423	0.778389361476292	0.714931234741998	0.872841134816297	0.81679782862515	0.86509272316487	0.810019863834175	0.766577203596719	0.793385798116727	0.796160669608334	0.76850293408543	0.898891567726577	0.73177758571017	0.744514700753613	0.350058378443949	0.820027597082594	0.730594853598993	0.791733005807518	0.805258608925079	0.781224885896678	0.832294651928005	0.873917724302112	0.695598113693915	0.794250102351817	0.783878451530728	0.822954100896147	0.824151996239518	0.745636779936011	0.727653186553246	0.823484814022957	0.421916935814038	0.873417337639691	0.914191269010902	0.558992554852992	0.7107310194241	0.734810232149085	0.757024367314137	0.76227084565346	0.941697372211861	0.746607226796464	0.97414668910825	0.838375108038029	0.83141518446072	0.75617522631124	0.815493790656416	0.842423691033981	0.710624876798738	0.801558780269602	0.80609258669578	0.992433547134907	0.847306251800634	0.885684392485102	0.94759586953555	0.86204491349376	0.921439293999909	0.74977634232513	0.901696765682573	0.859057756751429	0.81073253574732	0.955298791490394	0.84086187811794	0.842635976284705	0.670806229055786	0.764651473108008	0.770428664574141	0.803317715204173	0.67009355714264	0.873887397837723	0.783514533958058	0.875130782877678	0.904562616567347	0.776205856040274	0.807608909915237	0.771975314257987	0.846320641707986	0.753642966534746	0.992751975010993	0.802044003699829	0.937224218714461	0.855145642845229	0.825092116635582	0.862484647227403	0.874205825713809	0.903304068295198	0.733703316198881	0.795099243354713	0.771262642344842	0.863166992676159	0.944669365721997
"SRR5928165"	0.816494563981258	0.929733582010341	0.813795508650624	0.789231072495413	0	0.772536353849187	0.83585801149373	0.858420900999257	0.752187296244067	0.80628970871431	0.848367678054254	0.85083928490197	0.810838678372682	0.807078196788427	0.918998013616583	0.904395821013207	0.952114512729533	0.870839588166614	0.906655142610199	0.875752475397656	0.785334121821407	0.843788381931493	0.781710109326904	0.852325281657038	0.90964229935253	0.87096089402417	0.781285538825456	0.844683012630972	0.937936890627606	0.861059303401113	0.875813128326434	0.819466557491395	0.784697266069235	0.818117029826078	0.871840361491455	0.844546543541221	0.766167796327465	0.74301354076635	0.830929961030493	0.913766698509454	0.793112859937224	0.826684256016012	0.805167629531911	0.924942000636856	0.804333651761209	0.825819951780922	0.777767668956315	0.890991523753203	0.922515883485724	0.804121366510485	0.792718615900165	0.752172133011873	0.823272528772233	0.91033980803348	0.774916981303735	0.918239852006854	0.827776008734022	0.800982577446208	0.795250875676659	0.838739025610699	0.81623678903395	0.857329148281248	0.826669092783818	0.886033146825577	0.857268495352469	0.934676795705773	0.824531077044383	0.806865911537703	0.595824045853614	0.827033010356488	0.795205385980076	0.806608136590396	0.786926261201838	0.873189889156773	0.789473684210526	0.80287798147053	0.938437277290027	0.830050493563208	0.787836055133512	0.796736872431728	0.799542070387724	0.829898861241262	0.949248661844759	0.811111616552184	0.97523844182626	0.856965230708578	0.796221322537112	0.797358564951705	0.850081123292241	0.858223778980728	0.77294576111844	0.783362901636113	0.788776175529576	0.989992266751581	0.846654232816267	0.895585983108159	0.896920347541282	0.876556126703968	0.896222838860331	0.830277942046127	0.923592472971539	0.915358837889885	0.84653292695871	0.938588909611973	0.78613777312772	0.804909854584603	0.76084550182717	0.808291255363993	0.823151222914676	0.843773218699298	0.798419991205325	0.905836328071692	0.846426784333349	0.912735598720223	0.902363947899134	0.531926185385677	0.801103883303765	0.837495640570744	0.825198259260944	0.81573640237153	0.991660222292984	0.793158349633808	0.952857511107068	0.855934130919347	0.864652989431227	0.894554883318928	0.904062229904927	0.913251148614839	0.774310452015952	0.846017377064095	0.815236015709109	0.905881817768275	0.937679115680298
"SRR5928167"	0.695279685817829	0.938786031630502	0.911780315091965	0.802968960863698	0.772536353849187	0	0.921515110160882	0.917193588985428	0.819102639918725	0.820861574853296	0.927656219199685	0.896768715219336	0.77791930127826	0.861044140168918	0.96542783059637	0.960833371241414	0.959620312665848	0.901605786289405	0.908535383402326	0.93728487164324	0.806850748305509	0.70022289951326	0.74904850717979	0.858997103822651	0.968051069766031	0.958285948232725	0.746334288616962	0.899589076407527	0.902045520023048	0.946852871158016	0.929657765849368	0.872234605528515	0.890248525375669	0.919998786941424	0.939559356472426	0.878117939620009	0.776311998665636	0.77702467057878	0.943304674824486	0.949718722042791	0.757676386298503	0.925791141639752	0.764302718767533	0.962804591426708	0.80768472607621	0.72070842620813	0.778859421674324	0.93443418399066	0.906579326449226	0.335865593109827	0.883531213513473	0.755887124899544	0.884607802999287	0.954570956345055	0.774234635854979	0.95203869656856	0.887428164187478	0.922258108538416	0.846987823924548	0.858390574534868	0.894342598068204	0.929581949688396	0.883030826851052	0.941591229586499	0.885381127841211	0.935738221959393	0.833219609091874	0.789746622390029	0.739556323825987	0.925654672550001	0.827290785303795	0.877875327904896	0.709320838830005	0.952508756766592	0.788685196136408	0.369527968581783	0.928884441007445	0.873826744908945	0.893948354031145	0.749670199699768	0.91322082215045	0.752657356442099	0.969582556217683	0.806729442447952	0.975981440203794	0.866093496489712	0.867958574049644	0.82478885199169	0.90626089857314	0.926003426890476	0.861802301778647	0.786122609895525	0.300747547347193	0.988991493426739	0.931340884622966	0.904289678387845	0.910734052070539	0.965185218881257	0.909293545012055	0.920226235424343	0.964988096862727	0.932887534306813	0.906412530895086	0.922910127522783	0.85581282506179	0.921697068947217	0.781983047506406	0.69309618038181	0.841635202959863	0.917314894842985	0.804030387117318	0.910976663785653	0.916784181716175	0.922500720253529	0.849429104307874	0.800467027551593	0.869353591411545	0.817601479931462	0.853614156393577	0.760527073951083	0.99250936329588	0.885532760163156	0.967960090372864	0.942758798465481	0.938649562540751	0.954950037149919	0.946883197622405	0.944714855418581	0.884274211891007	0.71894949127356	0.687167356593732	0.904699085657099	0.973782771535581
"SRR5928168"	0.886715492274333	0.882454624027658	0.939559356472426	0.812809898557977	0.83585801149373	0.921515110160882	0	0.9119622738783	0.863652216106385	0.893159865957027	0.865183702558037	0.848018923713779	0.873599296426026	0.810550576960985	0.924942000636856	0.906245735340945	0.947929460643831	0.828746455594475	0.951659615763696	0.848398004518643	0.885760208646075	0.916268631821559	0.859345858163126	0.873932887534307	0.923789594990068	0.908398914312575	0.892052950006823	0.822650836252256	0.958756008430757	0.836934600979545	0.879194529105824	0.850293408542965	0.81179396200094	0.873038256834827	0.84139259124475	0.882439460795463	0.902424600827912	0.88720071570456	0.8705969764515	0.90964229935253	0.866138986186295	0.895328208160852	0.869338428179351	0.888019530243067	0.862818238335684	0.88720071570456	0.825137606332166	0.885760208646075	0.917390711003958	0.927823014753825	0.780542540447922	0.887124899543587	0.830308268510516	0.907307161594565	0.880331771520417	0.923107249541312	0.815357321566665	0.848443494215227	0.791171966216319	0.893296335046779	0.803620979848064	0.85064216288344	0.824864668152663	0.469393015815251	0.87613155620252	0.918998013616583	0.858815145036316	0.880164975966277	0.88504753673293	0.255606605103944	0.874948824091343	0.834887564633277	0.845805091813371	0.421553018241368	0.84583541827776	0.927261975162626	0.948520826699419	0.848731595626924	0.78398459415609	0.901211542252347	0.860073693308466	0.916116999499613	0.915328511425495	0.86204491349376	0.967201928763135	0.919119319474139	0.827988293984746	0.87523692550304	0.82856449680814	0.867003290421386	0.819360414866033	0.836707152496626	0.924350634581267	0.993358504298776	0.797631503131207	0.926064079819254	0.965609789382705	0.861605179760118	0.961970613656007	0.818784212042639	0.95044655718813	0.879467467285327	0.830247615581737	0.957360991068856	0.903925760815175	0.908277608455018	0.882181685848155	0.899316138228025	0.856692292529076	0.812779572093587	0.890991523753203	0.948733111950143	0.794280428816206	0.919346767957058	0.926882894357761	0.816418747820285	0.812370164824334	0.901499643664043	0.88912644619327	0.87006626332469	0.993752748335835	0.834569136757191	0.949324478005732	0.821589409998635	0.825076953403387	0.862909217728851	0.868367981318898	0.95153830990614	0.854887867897921	0.894403250996982	0.886260595308496	0.902818844864971	0.958194968839558
"SRR5928170"	0.94474518188297	0.918118546149297	0.885714718949491	0.896131859467164	0.858420900999257	0.917193588985428	0.9119622738783	0	0.876935207508833	0.909005443600358	0.847715659069887	0.894236455442842	0.924547756599797	0.922758495200837	0.883561539977862	0.951326024655416	0.87792081760148	0.8789822438551	0.876177045899104	0.855706682436428	0.895115922910128	0.938664725772946	0.915965367177668	0.903516353545922	0.867973737281839	0.906670305842393	0.872371074618266	0.896419960878861	0.912386844379748	0.916192815660586	0.884820088250011	0.842196242551062	0.868929020910097	0.904198698994678	0.91534367465769	0.865168539325843	0.894509393622344	0.919725848761922	0.872280095225098	0.925093632958802	0.877708532350756	0.914797798298685	0.895267555232073	0.92121184551699	0.937178729017877	0.953949263825077	0.842211405783257	0.920574989764818	0.893660252619448	0.910734052070539	0.893478293833114	0.91640510091131	0.925548529924639	0.94670123883607	0.923046596612534	0.943441143914237	0.916526406768867	0.876268025292271	0.883955784014921	0.895767941894494	0.859012267054845	0.861362568045004	0.918436974025383	0.912053253271467	0.483312862969871	0.908838648046218	0.938240155271498	0.923410514185204	0.919831991387284	0.914494533654794	0.547650457171451	0.859239715537764	0.899801361658251	0.915844061320111	0.8848504147144	0.907534610077484	0.946716402068265	0.90234878466694	0.881757115346707	0.876207372363493	0.877026186902	0.909991053693005	0.936056649835479	0.920211072192148	0.971932857207842	0.921181519052601	0.858542206856814	0.862560463388376	0.875343068128402	0.898891567726577	0.856677129296881	0.92087825440871	0.911583193073435	0.970522676613747	0.910506603587621	0.946034056619509	0.906867427860923	0.902621722846442	0.909884911067643	0.885654066020713	0.898694445708047	0.883516050281278	0.872704665726546	0.92727713839482	0.922576536414502	0.924471940438824	0.91037013449787	0.907549773309679	0.83605513351226	0.867609819709169	0.913781861741649	0.867973737281839	0.879998180412137	0.928262748487468	0.95329724484071	0.913084353060698	0.906200245644362	0.911901620949522	0.886882287828474	0.929581949688396	0.986004336684408	0.873917724302112	0.916132162731808	0.914145779314319	0.873387011175302	0.918694748972691	0.908459567241353	0.89429710837162	0.868428634247676	0.934479673687243	0.929278685044504	0.888671549227433	0.928550849899164
"SRR5928171"	0.830899634566104	0.913903167599205	0.861408057741588	0.758616506694567	0.752187296244067	0.819102639918725	0.863652216106385	0.876935207508833	0	0.821710715856192	0.814674976117909	0.658463358049402	0.832946670912372	0.872825971584103	0.932311331483419	0.758313242050676	0.964988096862727	0.838481250663391	0.857905351104642	0.877572063261005	0.798465480901909	0.872158789367542	0.797828625149737	0.321111768184506	0.907564936541873	0.896025716841802	0.801968187538856	0.844531380309027	0.871537096847564	0.749624710003184	0.854539113557446	0.854721072343781	0.739996057559629	0.863773521963942	0.89555565664377	0.820315698494291	0.779283992175772	0.781740435791293	0.811126779784379	0.909869747835449	0.80698721739526	0.858102473123171	0.81215787957361	0.914919104156242	0.835221155741558	0.840558613474048	0.817798601949992	0.921666742482828	0.841544223566695	0.848382841286449	0.87185552472365	0.843970340717827	0.874979150555732	0.75995087112769	0.860756038757222	0.930916314121518	0.78487922485557	0.82213528635764	0.704286645741406	0.854114543055998	0.795144733051297	0.811869778161913	0.861665832688896	0.846093193225068	0.825289238654112	0.908793158349634	0.793931674475731	0.829413637811036	0.808306418596188	0.863166992676159	0.793416124581116	0.75743377458339	0.811020637159017	0.8893235682118	0.807244992342568	0.8401340429726	0.931507680177107	0.817192072662209	0.805167629531911	0.812355001592139	0.833992933933797	0.842029446996922	0.93602632337109	0.829534943668592	0.973206568712187	0.876359004685439	0.841741345585225	0.794993100729351	0.848443494215227	0.903334394759587	0.751823378671398	0.862211709047901	0.831020940423661	0.992615505921242	0.906761285235561	0.904972023836601	0.921530273393076	0.857693065853917	0.917724302112238	0.785849671716023	0.91998362370923	0.904274515155651	0.819527210420173	0.934525163383827	0.821847184945943	0.868428634247676	0.771429437898983	0.85206750670973	0.776812385328057	0.839087779951174	0.815281505405692	0.877253635384919	0.828094436610108	0.803454184293924	0.918846381294637	0.781224885896678	0.866972963956997	0.850626999651246	0.543950628515974	0.844470727380248	0.971614429331756	0.763408088068053	0.942561676446951	0.914009310224567	0.815463464192027	0.898921894190966	0.90178774507574	0.924926837404661	0.776994344114391	0.835448604224477	0.834372014738662	0.785227979196045	0.956466360369376
"SRR5928173"	0.78971629592564	0.918694748972691	0.917011630199093	0.714097256971296	0.80628970871431	0.820861574853296	0.893159865957027	0.909005443600358	0.821710715856192	0	0.90198486709427	0.891673869201959	0.822529530394699	0.822408224537142	0.860922834311362	0.922303598235	0.977755538370559	0.87062730291589	0.9262157121412	0.91265978255925	0.305978862454321	0.78219533275713	0.747608000121306	0.87009658978908	0.905912144232665	0.91693581403812	0.696159153285114	0.850915101062943	0.871400627757813	0.812552123610669	0.85223430226387	0.854781725272559	0.855767335365206	0.876449984078606	0.888550243369877	0.856768108690048	0.744787638933115	0.81769245932463	0.877117166295167	0.867458187387223	0.717948717948718	0.88842893751232	0.715992660995618	0.940499476868489	0.77224825243749	0.819360414866033	0.733172603072071	0.894767168569652	0.829034557006171	0.903683149100062	0.879300671731186	0.702451894645863	0.823681936041487	0.903622496171284	0.723604603557294	0.895206902303295	0.823803241899043	0.806031933767002	0.764530167250451	0.859740102200185	0.83459946322158	0.887094573079198	0.849065186735204	0.895813431591078	0.853235075588712	0.870142079485663	0.756281368936602	0.836494867245902	0.798935541099941	0.883500887049083	0.819314925169449	0.849459430772263	0.740739055937164	0.893356987975557	0.711019120835797	0.900680829125536	0.913888004367011	0.824713035830718	0.805455730943608	0.722558340535869	0.810398944639039	0.763468740996831	0.955238138561616	0.754461781073254	0.97845304705151	0.875646332772294	0.85919422584118	0.806395851339672	0.834417504435245	0.862196545815706	0.812779572093587	0.8116271664468	0.819148129615309	0.993737585103641	0.889839118106416	0.903561843242506	0.949809701435958	0.918088219684908	0.945124262687835	0.868580266569622	0.904259351923456	0.927368117787988	0.907246508665787	0.94759586953555	0.873614459658221	0.911113132875404	0.724757009204082	0.774158819694006	0.882803378368133	0.882348481402296	0.370119334637371	0.917178425753234	0.847124293014299	0.945048446526862	0.928475033738192	0.822013980500083	0.832946670912372	0.818708395881666	0.861544526831339	0.800239579068674	0.98591335729124	0.862909217728851	0.969233801877208	0.895813431591078	0.902758191936193	0.894600373015512	0.906185082412167	0.907595263006262	0.760527073951083	0.775083776857875	0.782210495989325	0.938755705166113	0.942319064731838
"SRR5928174"	0.914373227797237	0.889187099122049	0.91766364918346	0.812900877951144	0.848367678054254	0.927656219199685	0.865183702558037	0.847715659069887	0.814674976117909	0.90198486709427	0	0.811930431090691	0.91693581403812	0.86688198456383	0.892265235257548	0.813507407238927	0.948081092965777	0.866199639115074	0.897739162079789	0.862090403190344	0.884046763408088	0.937330361339823	0.878678979211209	0.829519780436398	0.895313044928657	0.896207675628137	0.891340278093678	0.893159865957027	0.861665832688896	0.852401097818011	0.834781422007915	0.883288601798359	0.818101866593883	0.885957330664604	0.896799041683725	0.878678979211209	0.842833098303234	0.894509393622344	0.828822271755447	0.908277608455018	0.863257972069326	0.84155938679889	0.861665832688896	0.906336714734113	0.904380657781013	0.924411287510046	0.872325584921682	0.888762528620601	0.838390271270224	0.928429544041608	0.875706985701072	0.880437914145779	0.880331771520417	0.784394001425344	0.888413774280126	0.931613822802469	0.863455094087856	0.861908444404009	0.814902424600828	0.910946337321263	0.766956284401583	0.313014602192603	0.897572366525649	0.813204142595036	0.846987823924548	0.905411757570244	0.849641389558598	0.920029113405814	0.916905487573731	0.877829838208313	0.860467937345525	0.406602071297518	0.89572245219791	0.855994783848125	0.86061956966747	0.925639509317806	0.958058499749807	0.873963213998696	0.841953630835949	0.864607499734643	0.866624209616522	0.89432743483601	0.93814917587833	0.916192815660586	0.966079849580737	0.907352651291149	0.895464677250603	0.86579023184582	0.898436670760739	0.883303765030554	0.790231845820255	0.89005140335714	0.922318761467194	0.987050599705833	0.891673869201959	0.951523146673945	0.938315971432471	0.858799981804121	0.941121169388467	0.786016467270163	0.901848398004519	0.884122579569061	0.849762695416155	0.951735431924669	0.907458793916511	0.877996633762453	0.856055436776903	0.90215166264841	0.82853417034375	0.852325281657038	0.893159865957027	0.91375153527726	0.888550243369877	0.86187811793962	0.968703088750398	0.905275288480493	0.8569045777798	0.91998362370923	0.87666226932933	0.902818844864971	0.974556096377504	0.831597143247055	0.776084550182717	0.888823181549379	0.840149206204795	0.909975890460811	0.913145005989477	0.926867731125567	0.859997877147493	0.909869747835449	0.914570349815767	0.884016436943699	0.934328041365297
"SRR5928177"	0.850141776221019	0.872613686333379	0.880210465662861	0.746607226796464	0.85083928490197	0.896768715219336	0.848018923713779	0.894236455442842	0.658463358049402	0.891673869201959	0.811930431090691	0	0.84102867367208	0.854872704665727	0.885123352893903	0.704195666348239	0.937102912856905	0.825471197440446	0.870293711807609	0.861650669456701	0.869823651609577	0.905335941409271	0.851658099440477	0.645680753309375	0.922045823287692	0.845228888989977	0.832506937178729	0.848579963304978	0.892310724954131	0.731110403493609	0.782513760633217	0.814568833492547	0.772824455260883	0.821741042320581	0.84958073662982	0.854523950325251	0.812976694112117	0.855615703043261	0.81484177167205	0.892568499901439	0.851855221459006	0.872189115831931	0.86240883106643	0.911006990250042	0.85259821983654	0.878042123459037	0.847548863515747	0.895798268358883	0.848291861893281	0.894842984730625	0.82193816433911	0.834826911704499	0.859148736144597	0.707834842074937	0.828791945291058	0.914828124763075	0.781512987308375	0.794568530227903	0.762331498582238	0.840391817919908	0.79399232740451	0.793173512866003	0.880316608288223	0.825031463706804	0.860058530076271	0.901514806896238	0.806911401234287	0.834766258775721	0.903061456580085	0.848398004518643	0.888125672868429	0.779602420051858	0.88577537187827	0.853417034375047	0.82283279503859	0.906351877966307	0.941773188372834	0.847063640085521	0.802286615414942	0.874645559447452	0.817722785789019	0.906988733718479	0.941015026763105	0.859254878769959	0.971038226508362	0.898527650153907	0.83088447133391	0.85365964609016	0.854448134164278	0.871279321900256	0.807775705469378	0.887549470045035	0.913842514670427	0.992008976633459	0.862499810459598	0.925427224067082	0.92177288510819	0.855160806077424	0.9055330634278	0.781558477004958	0.926534140017286	0.878921590926322	0.811869778161913	0.956375380976209	0.897026490166644	0.89522206553549	0.800285068765258	0.87722330892053	0.808882621419582	0.821528757069857	0.877845001440507	0.868853204749124	0.822347571608364	0.727319595444965	0.947823318018469	0.831672959408027	0.828867761452031	0.895949900680829	0.823954874220989	0.844713339095362	0.971311164687865	0.804394304689988	0.934024776721406	0.864273908626363	0.805410241247024	0.876813901651276	0.876389331149828	0.910643072677372	0.817586316699268	0.868777388588151	0.839906594489681	0.73250542085551	0.927064853144096
"SRR5928181"	0.724726682739693	0.911810641556354	0.926064079819254	0.777373424919256	0.810838678372682	0.77791930127826	0.873599296426026	0.924547756599797	0.832946670912372	0.822529530394699	0.91693581403812	0.84102867367208	0	0.795281202141048	0.94066627242263	0.924244491955905	0.948308541448695	0.89200746031024	0.891340278093678	0.905457247266827	0.813840998347208	0.810065353530759	0.78328708547514	0.873387011175302	0.95704256319277	0.922728168736448	0.817571153467073	0.870551486754917	0.896298655021304	0.865138212861454	0.869929794234939	0.848655779465951	0.832067203445086	0.891461583951235	0.909520993494973	0.833841301611852	0.783681329512199	0.743832355304857	0.905153982622936	0.920756948551153	0.766895631472805	0.896025716841802	0.777661526330953	0.933024003396564	0.840846714885745	0.748942364554428	0.761740132526649	0.921075376427239	0.889717812248859	0.819466557491395	0.875646332772294	0.820315698494291	0.819466557491395	0.917436200700541	0.82836737478961	0.934828428027718	0.84387936132466	0.871612913008537	0.778798768745546	0.864167766001001	0.823242202307844	0.904501963638569	0.871112526346116	0.892947580706303	0.904426147477596	0.905593716356579	0.841059000136469	0.134831460674157	0.818496110630942	0.880801831718449	0.861574853295728	0.85491819436231	0.789397868049553	0.905032676765379	0.796069690215166	0.826123216424813	0.935798874888171	0.844819481720724	0.832522100410924	0.785121836570683	0.863682542570774	0.816661359535399	0.952084186265144	0.796873341521479	0.973267221640965	0.878557673353652	0.826123216424813	0.775023123929097	0.877784348511729	0.871612913008537	0.810702209282931	0.768154179744954	0.783105126688805	0.992463873599296	0.912735598720223	0.899983320444586	0.938224992039303	0.907655915935041	0.940560129797268	0.853250238820907	0.955829504617204	0.942470697053784	0.872249768760709	0.950780148296411	0.83337124141382	0.898891567726577	0.785728365858466	0.787305342006702	0.793400961348921	0.87470621237623	0.815433137727638	0.885532760163156	0.876844228115665	0.924562919831991	0.882788215135938	0.829929187705651	0.793279655491365	0.80234726834372	0.863348951462494	0.32848109903107	0.994374440855813	0.845880907974344	0.966049523116348	0.91889187099122	0.884789761785622	0.923152739237896	0.912872067809974	0.938118849413941	0.839027127022396	0.774795675446178	0.732384114997953	0.937967217091995	0.95846790701906
"SRR5928182"	0.799905987960394	0.91855827988294	0.917239078682012	0.804288162064626	0.807078196788427	0.861044140168918	0.810550576960985	0.922758495200837	0.872825971584103	0.822408224537142	0.86688198456383	0.854872704665727	0.795281202141048	0	0.903440537384949	0.904547453335153	0.967186765530941	0.839861104793098	0.915828898087916	0.896025716841802	0.789276562191997	0.865380824576567	0.795645119713718	0.901636112753795	0.910916010856874	0.839573003381401	0.828306721860832	0.844834644952918	0.922349087931584	0.821498430605468	0.831491000621693	0.79860194999166	0.850460204097105	0.846502600494321	0.878239245477566	0.878254408709761	0.795129569819103	0.79200594398702	0.887776918527953	0.918345994632216	0.836464540781513	0.85312893296335	0.833280262020652	0.905760511910719	0.858163126051949	0.817995723968521	0.757085020242915	0.904744575353682	0.895070433213544	0.858648349482176	0.810596066657569	0.848716432394729	0.2375623587924	0.908323098151602	0.847018150388937	0.91908899300975	0.785986140805774	0.81199108401947	0.815311831870081	0.854599766486224	0.77632716189783	0.873887397837723	0.849899164505906	0.864455867412698	0.876798738419081	0.901711928914767	0.852825668319459	0.796949157682452	0.841513897102306	0.796403281323447	0.854630092950613	0.814599159956936	0.83247661071434	0.865608273059485	0.835888337958119	0.856995557172967	0.939741315258761	0.851658099440477	0.68686409194984	0.844394911219275	0.81626711549834	0.894039333424313	0.950946943850551	0.774113329997422	0.975283931522843	0.857480780603193	0.795175059515686	0.867367207994056	0.848261535428892	0.496277426496232	0.76402978058803	0.439293999909021	0.858147962819755	0.993874054193392	0.846335804940181	0.912599129630472	0.935950507210117	0.911477050448073	0.927428770716766	0.823105733218093	0.909945563996421	0.914418717493821	0.786061956966747	0.96148539022578	0.842469180730565	0.879573609910689	0.781831415184461	0.844637522934389	0.845486663937285	0.821543920302052	0.784575960211679	0.920256561888732	0.832946670912372	0.935177182368194	0.904501963638569	0.811672656143384	0.175332453865866	0.887413000955284	0.873296031782135	0.784121063245842	0.996012069932827	0.842635976284705	0.955162322400643	0.874251315410393	0.824834341688274	0.884122579569061	0.803666469544648	0.91534367465769	0.794993100729351	0.88236364463449	0.802908307934919	0.902242642041578	0.934904244188691
"SRR5928183"	0.968794068143566	0.944229631988355	0.890203035679085	0.891461583951235	0.918998013616583	0.96542783059637	0.924942000636856	0.883561539977862	0.932311331483419	0.860922834311362	0.892265235257548	0.885123352893903	0.94066627242263	0.903440537384949	0	0.93175029189222	0.939529030008037	0.87632867822105	0.933827654702876	0.91212906943244	0.861332241580615	0.966367950992434	0.936284098318398	0.944350937845911	0.918967687152193	0.930476580387876	0.858693839178759	0.927140669305069	0.891416094254651	0.89983168812264	0.878603163050236	0.916647712626423	0.863530910248829	0.887883061153315	0.938786031630502	0.91464616597674	0.886973267221641	0.912174559129024	0.862560463388376	0.940924047369937	0.907201018969203	0.881423524238427	0.90215166264841	0.917390711003958	0.940575293029462	0.970052616415715	0.904001576976148	0.93708774962471	0.861165446026475	0.966868337654854	0.929020910097196	0.93407026641799	0.917117772824455	0.926852567893372	0.94066627242263	0.966337624528044	0.929748745242536	0.897420734203703	0.883212785637386	0.925427224067082	0.897633019454427	0.898694445708047	0.949733885274985	0.925032980030023	0.868807715052541	0.876707759025914	0.934782938331135	0.939756478490955	0.957679418944942	0.926473487088508	0.892280398489742	0.894024170192118	0.942773961697675	0.922318761467194	0.922682679039864	0.954207038772385	0.946716402068265	0.92585179456853	0.919392257653641	0.911749988627576	0.933463737130207	0.93619311892523	0.947004503479962	0.94865729578917	0.985412970628819	0.910779541767123	0.937391014268601	0.922743331968642	0.926928384054345	0.825456034208252	0.899634566104111	0.944836161276138	0.958983456913676	0.97825592503298	0.948035603269193	0.978998923410514	0.905093329694158	0.87987687455458	0.911507376912463	0.877435594171253	0.924047369937376	0.922500720253529	0.928975420400613	0.954479976951887	0.932250678554641	0.914191269010902	0.874736538840619	0.938164339110525	0.909232892083277	0.910309481569091	0.872234605528515	0.927868504450409	0.909157075922304	0.939665499097788	0.979696432091465	0.921545436625271	0.912902394274363	0.958846987823925	0.929703255545952	0.937557809822742	0.98501872659176	0.886654839345555	0.950294924866184	0.942940757251816	0.93065853917421	0.942910430787427	0.938194665574914	0.926761588500205	0.898800588333409	0.943046899877178	0.964290588181777	0.902091009719632	0.651094027202839
"SRR5928184"	0.926458323856313	0.94262232937573	0.922894964290588	0.81785925487877	0.904395821013207	0.960833371241414	0.906245735340945	0.951326024655416	0.758313242050676	0.922303598235	0.813507407238927	0.704195666348239	0.924244491955905	0.904547453335153	0.93175029189222	0	0.974267994965807	0.924638735992964	0.886245432076301	0.928505360202581	0.920620479461402	0.959119926003427	0.917239078682012	0.714612806865912	0.928566013131359	0.91053693005201	0.9100062169252	0.917618159486876	0.855160806077424	0.763878148266084	0.863348951462494	0.881120259594535	0.839694309238957	0.903349557991782	0.94315304250254	0.931356047855161	0.862696932478127	0.932781391681451	0.861726485617674	0.941075679691883	0.923092086309118	0.865562783362902	0.912235212057802	0.953282081608516	0.921166355820407	0.932569106430727	0.902818844864971	0.920074603102397	0.86970234575202	0.958149479142974	0.943532123307404	0.908474730473548	0.901348011342098	0.207190404706667	0.924305144884684	0.95578401492062	0.841483570637917	0.904122882833705	0.809428497778586	0.930294621601541	0.837253028855631	0.812991857344312	0.94795978710822	0.871446117454397	0.925639509317806	0.93423706197213	0.891416094254651	0.92657962971387	0.947186462266297	0.912553639933888	0.924032206705181	0.804985670745576	0.946200852173649	0.898724772172436	0.89021819891128	0.96204642981698	0.987687455458005	0.891764848595127	0.864349724787336	0.929081563025975	0.921196682284796	0.960818208009219	0.96595854372318	0.926170222444616	0.98554943971857	0.929248358580115	0.902758191936193	0.927034526679707	0.932917860771202	0.923304371559842	0.843106036482737	0.929703255545952	0.963395957482297	0.989704165339884	0.933888307631655	0.972463570334653	0.94991584406132	0.875782801862045	0.943623102700572	0.807032707091844	0.899922667515808	0.924017043472987	0.894418414229177	0.960408800739966	0.950416230723741	0.904168372530289	0.859740102200185	0.944972630365889	0.879785895161413	0.89787563116954	0.910263991872508	0.910248828640313	0.923789594990068	0.4879831384858	0.98289587408452	0.936208282157425	0.897299428346146	0.938164339110525	0.891689032434154	0.932599432895116	0.973828261232164	0.853265402053102	0.947944623876025	0.920241398656538	0.874039030159669	0.946018893387314	0.915889551016695	0.891764848595127	0.909172239154498	0.89469135240868	0.930249131904957	0.760709032737418	0.969036679858679
