	SRR5928377	SRR5928383	SRR5928275	SRR5928253	SRR5928178	SRR5928242	SRR5928259	SRR5928257	SRR5928436	SRR5928207	SRR5928478	SRR5928406	SRR5928244	SRR5928172	SRR5928258	SRR5928393	SRR5928454	SRR5928428	SRR5928203	SRR5928440	SRR5928222	SRR5928450	SRR5928442	SRR5928426	SRR5928396	SRR5928366	SRR5928197	SRR5928479	SRR5928276	SRR5928456	SRR5928181	SRR5928234	SRR5928251	SRR5928215	SRR5928262	SRR5928230	SRR5928189	SRR5928389	SRR5928270	SRR5928403	SRR5928387	SRR5928373	SRR5928376	SRR5928415	SRR5928267	SRR5928238	SRR5928157	SRR5928464	SRR5928424	SRR5928266	SRR5928179	SRR5928209	SRR5928457	SRR5928431	SRR5928249	SRR5928452	SRR5928441	SRR5928247	SRR5928402	SRR5928190
SRR5928377	0.0	87.33014350638956	89.48144510432572	123.50176193890879	97.84140551267468	28.90189210415885	120.44607264523123	104.21269156476235	118.60202490808703	82.19521731695598	85.4523736561506	109.53116904516291	106.34597957478958	25.535239116544567	48.689110059523856	93.92562563145883	95.36398847066978	41.29520387600534	113.8026079139891	88.55265604840481	86.00772901605464	100.18655106905415	91.59040659580864	137.6321971174659	131.09907304403075	155.82838192561084	21.394476081018446	50.1003322605819	135.70774599736913	39.4643763102215	116.31546080174537	88.65322437020652	90.3299533743034	96.70315433817568	84.57470308847772	51.35888511530492	187.9699230092168	88.19438000525686	65.32566729963509	73.24798571416275	104.86888826935031	45.692485680364015	123.25533482589792	86.6779558509456	78.351065662814	95.21673420672349	206.8754111537151	70.29721208731668	143.2671107285821	85.0566311624437	111.32951744918915	213.2790870744783	107.68229602249386	100.77036972811173	97.1106183142126	76.18729369922036	146.2337548925336	416.2302768941892	152.53802738474528	246.6331742946308
SRR5928383	87.33014350638956	0.0	5.320562802444923	75.49115559529729	32.304391660413096	65.68663734632207	75.47414955767937	190.7073637937245	88.89631671122038	9.187977161969059	60.76124623609208	195.29630763360925	65.08309805938617	70.37625114811603	80.231574163532	16.549162763626697	27.6055502342103	49.55777240791683	136.71568339007538	134.59382067312495	6.972711662833583	178.75286387599465	168.81257519629932	99.36615475647211	157.28332100063002	238.7192066099658	103.71340790942804	50.898992280719334	97.15426516036992	106.05810728132083	202.58364291287478	8.364784690972305	107.92209734769663	35.71019618301015	145.90552358092472	95.44431716960851	240.62099465339946	28.993812726240183	45.2453511109619	145.94873217918644	45.809803239873254	71.67237219621066	209.24635621761692	15.439084809486612	23.21631083192201	35.16447605418298	288.6192970787531	67.6626245492832	228.73533466113665	102.43803947446503	144.43000346369226	290.4571054430064	148.375315334743	112.80826554965692	106.16559829843698	124.39645700560402	186.93118380173445	499.18481893120276	237.68967440543128	329.40473515806104
SRR5928275	89.48144510432572	5.320562802444923	0.0	70.38025515756169	27.505466009198173	68.77089306142186	70.42052702661528	192.37767475178114	84.26830150939846	14.066012874141743	57.15613080173694	196.69085867374514	60.46140981969429	71.69348625814737	79.57502595185831	11.25277259767489	23.280235265435422	52.0650437624994	133.91695977579502	133.14607942742052	9.708596918456314	179.19109550439174	169.27910584497607	94.39516586531708	154.40679163029708	239.758919310656	106.19859676256473	50.771756194277685	92.10301850172115	106.6390414951394	204.65325539090207	10.455601630676398	105.31816439490805	30.814732583797827	145.31084843422695	94.97074046064701	238.77477130740107	24.944778371921753	44.01122103072629	146.3637286111318	40.645944631665614	71.6611067080703	211.42873888443762	18.771504469777245	22.23621486345822	30.67789348039094	289.1414809438229	65.51410270089482	231.31283636699652	99.93403345876213	142.13524119735197	290.52764556445175	146.52482888826125	109.90401928474753	103.0507664650196	123.35119318010406	184.55328464152234	499.8085502087302	239.25098867310052	330.33978260069284
SRR5928253	123.50176193890879	75.49115559529729	70.38025515756169	0.0	49.103666058348104	114.82157596931637	15.705504391089468	209.1085563347179	23.8341039696612	82.35547494360436	38.78495539488504	209.8508168645446	18.947986176165962	100.85803511235478	85.02572053607926	59.58429404266359	51.147312325255406	97.37229672364555	95.89836817732547	114.7457066835891	76.27853740205695	181.10408956811048	171.90751980944194	25.003027739085088	113.0546461670687	245.15639138597055	140.2730883586702	75.72143705869537	23.754840399501923	118.92730414797278	225.33071798747955	76.25069040234669	75.96602137834155	40.14846261723002	136.60040979821838	97.25426830541633	206.16899933061018	49.71834862840261	64.01945982697899	150.29102757400523	30.556154254712595	86.90978277694175	233.11325148501024	83.04756201032056	66.23641122184928	43.0105411777322	286.8156104294555	59.46202048275076	257.29204944625934	73.80679323647473	110.14323611601186	281.3461613880927	120.10288849309147	74.07025182536938	67.78562774248405	111.74910279925206	149.08876742633052	494.50465105669593	251.53458783676624	331.262479039239
SRR5928178	97.84140551267468	32.304391660413096	27.505466009198173	49.103666058348104	0.0	83.80774477139737	45.43423300913093	196.72612863579445	63.67662935243866	40.60762729423642	43.17504413973493	199.39977618738206	43.42603030283344	79.15710372401053	78.06880756547403	17.578899426198685	25.682021940595522	66.80195078011766	119.87171814735737	125.26013476951067	36.37657744860624	178.01052805179185	169.17295663886475	73.61853405449222	139.2423514510066	241.78928461920395	116.71830942897635	55.03908965187646	68.49368050356506	109.28763984976271	211.45341940903205	37.07882274083021	92.9670623344827	19.077259365982755	141.1143216242321	93.89804269892318	227.46834724174028	23.801771067520406	47.33374131340083	147.32096633464252	19.13980058199324	75.38353083364572	218.87382191199305	45.437104664234475	36.48026668888364	25.146765960166732	286.98691226694217	59.95829618453051	240.42776341464258	88.0048738538795	130.68171256438256	287.53761393208725	137.42378399554065	97.24820444455705	86.5088840160915	118.3301928973728	169.59304156359397	498.0427738217792	243.6496163115347	331.5569457833814
SRR5928242	28.90189210415885	65.68663734632207	68.77089306142186	114.82157596931637	83.80774477139737	0.0	113.85046913856428	129.37989909333552	115.02711187107596	58.841034753525214	79.76338928464551	135.727915230011	97.49556511668041	25.581112810717862	54.677264311307354	75.42173261131227	77.0797047154701	18.589677511780547	125.59029807567731	105.68408235260182	63.24352908273672	126.37809033312121	116.2254126970834	132.0832176120857	144.9774444824019	180.05284574139822	39.47199550726897	40.51352925816488	131.24345659231395	57.85234458147611	138.89422030428034	65.59292959024731	98.84199743074633	81.84016344362965	105.54765521786982	62.3074333557402	209.38769906362626	71.7467718357055	52.44102637273085	95.09831767334248	92.3593894008358	43.9476493955938	145.059380283027	61.88812308572293	58.16414956028966	79.28522677604714	233.64772977275112	66.91924487888393	163.4899456247529	93.21832626935269	125.3834951322258	238.35193722705273	123.11651607912586	107.28837928221091	105.09088154848224	92.06631369177035	166.02587859784114	442.0038740951347	175.9955230414132	270.65772546605643
SRR5928259	120.44607264523123	75.47414955767937	70.42052702661528	15.705504391089468	45.43423300913093	113.85046913856428	0.0	205.99344851011494	26.42545671756836	82.7998133409603	38.58310150541776	206.31167420904353	26.235903233523906	99.68276534718093	84.18948637221342	59.508538269305234	54.967729010015304	97.15631605027595	94.9125345097556	113.27258678147386	77.50148206841592	177.95881232836192	169.82061357899815	32.738589796759825	111.45826443821922	243.32448234649723	138.54724874234125	75.38685644081322	23.616060854616155	117.85801905201929	223.11500655758516	77.90390438095086	74.91970955413548	42.239336236196074	135.06068480668952	96.97073361226303	204.49123156888615	52.05554095439749	66.09355162066389	149.3713508449935	30.28718497961685	87.9073194817978	231.1137834146303	85.36737502049255	68.90336482304767	47.01015751242993	283.03654110527293	61.09813121005181	255.23953285374952	72.33312370198307	109.6700506505025	279.2841888184135	120.06867513917581	75.21155175083813	63.682542686379755	111.24202078327336	144.82147688056688	491.47112081837025	249.60704817304673	329.63910930385913
SRR5928257	104.21269156476235	190.7073637937245	192.37767475178114	209.1085563347179	196.72612863579445	129.37989909333552	205.99344851011494	0.0	195.15493231561817	185.72324034842077	171.44039438897363	12.307094805013552	192.5498806334932	121.48456187944745	125.4642206347145	195.38506749868355	193.93191218434427	143.0097979683846	148.49304284066048	111.55596330671442	188.92559185745546	45.58401342334206	49.34001159136245	214.28894018026347	153.71650353246773	58.225648641352876	90.24331261848782	145.74207441555495	213.65783702614348	92.38391445011463	23.097190808241308	191.44056698390563	144.22209366309878	193.31019408153395	86.95416110829349	113.56322173141034	150.85085132890916	186.10394681085364	159.34036909715675	65.72996225507669	199.54845542180752	129.86296681225895	31.675656553302606	189.1636259648427	178.19752729518322	191.62843930750003	110.44630454519762	152.15211275855384	56.54937969554784	142.7373624122486	135.1020578335878	123.89553997967117	123.4349928681391	153.0313098289106	155.45197541473976	106.94585817530863	144.3387959061226	314.295127101614	50.72039575458322	145.62488790496232
SRR5928436	118.60202490808703	88.89631671122038	84.26830150939846	23.8341039696612	63.67662935243866	115.02711187107596	26.42545671756836	195.15493231561817	0.0	94.50121792371809	35.48636746718052	194.87896348599935	25.401657241425173	96.66265240083743	75.08746379482949	74.40235693791807	65.32623862988261	99.28000140883907	72.7711802289292	94.80304037468227	89.20742459485723	163.82892518994592	155.11615358536343	20.24296031093625	89.3610081765579	227.7691630126891	134.37080112723842	74.56021795935496	20.373565634272456	107.48103076085941	212.2790245698971	89.75091073444743	55.62226676661156	54.13286707365638	118.13455613267767	84.76915996247585	182.6792175476838	61.190158971942324	65.41037017812258	134.7345450027728	46.768016256440866	80.6208642369128	220.25329062058728	95.77653224095086	75.70835066826153	56.12576773893163	267.20387027489176	51.85051438985137	245.34423843899506	54.6143736741078	87.71103813768961	260.5381618759599	98.52973103698	52.637449311865296	46.85093034763596	93.8648772668569	125.86786497601562	473.5649601962508	235.78543787910596	312.1901356714198
SRR5928207	82.19521731695598	9.187977161969059	14.066012874141743	82.35547494360436	40.60762729423642	58.841034753525214	82.7998133409603	185.72324034842077	94.50121792371809	0.0	64.54865254708713	190.77864495748403	70.5605318953017	65.97119719498093	78.68362989708889	24.946082319229227	33.035236476680765	43.4121901817509	138.56459321134415	134.12587291287167	7.227509884848216	175.51842344096156	165.32255532076962	105.64017605101608	159.3140009168267	234.23388547422397	97.58417611079923	48.8695210719453	104.03020308421968	102.40499277798412	196.83775853301933	9.234061052509324	109.53184846820704	42.21627803722358	144.00618081301823	93.35260741149767	240.6756360144512	33.839974509179775	44.647646225347096	142.35121659145003	53.29698269330857	68.77881014136176	203.29631590971155	10.169379665683918	23.118319508447858	40.602973488619334	285.26738002644595	68.40198734771002	222.29137153754877	103.95688949192503	145.2556544416723	287.4028161673746	148.32970702553928	114.68451043715159	109.13313687755304	123.12729464701573	188.45277582919599	495.43012209047026	232.50377063382172	324.95944919132273
SRR5928478	85.4523736561506	60.76124623609208	57.15613080173694	38.78495539488504	43.17504413973493	79.76338928464551	38.58310150541776	171.44039438897363	35.48636746718052	64.54865254708713	0.0	172.8042882785837	22.16178091748583	62.95307673759597	46.86758855182609	49.85098347108	42.03694859269748	63.95342468176984	78.26597075164231	85.59976755174407	60.53747995597774	146.20924152981073	136.66836323173732	53.00062479895759	98.42709892497746	210.0962649085623	101.92761813233233	39.45704882416154	51.83603664473075	80.92268737018756	187.275786061237	61.79179399320789	51.14091743016266	32.888487238845194	104.1313380820962	60.37698525299121	186.6392224419287	34.54604358691294	31.432091317571295	114.52672663484691	33.251296535984544	49.40921626757458	195.013389684718	66.82287791670304	45.271695203422404	33.667427592609535	254.30587385649486	23.01012222500405	218.87778337515186	46.65519444756399	88.66797714052593	251.1068792404336	95.62391341185528	54.39078551843505	47.91120933294895	79.67096477519439	131.37242027148707	463.7086914977048	214.97580480724298	297.9961198140347
SRR5928406	109.53116904516291	195.29630763360925	196.69085867374514	209.8508168645446	199.39977618738206	135.727915230011	206.31167420904353	12.307094805013552	194.87896348599935	190.77864495748403	172.8042882785837	0.0	193.84440902038807	126.01243685358146	127.56308038436534	199.0861006763496	197.51417958502824	148.4958715866317	144.98272525853372	108.73217214639068	193.73752092608555	38.8140573231729	46.08326507506524	213.95500165278565	148.6836586823453	52.766294499774865	97.23260051573223	149.3590349395355	213.04173740229825	95.35293700526351	32.4755491096442	196.29175128106021	142.80466296633116	196.10133199553292	84.14572386957381	115.31128683906202	141.40370576483417	189.43193316977553	162.83626740765274	66.179978239558	201.63032095404878	133.37425327816953	40.277293680849205	194.48493298501728	182.51651874003934	194.69999075951156	101.00770795654962	154.04196621261664	64.13780546273414	141.68301298985938	131.3415901735876	114.87919853859017	119.800487485432	151.5826373130027	153.5229952243128	105.8540760199823	136.4492859683499	307.3833234587656	49.422722543796944	140.15112405711812
SRR5928244	106.34597957478958	65.08309805938617	60.46140981969429	18.947986176165962	43.42603030283344	97.49556511668041	26.235903233523906	192.5498806334932	25.401657241425173	70.5605318953017	22.16178091748583	193.84440902038807	0.0	82.94983836363062	67.52797124310393	50.89328602130617	40.21459352752324	80.2262554193766	87.9203227942437	101.79478053763499	64.84086435644622	166.12814825311705	156.27477432470988	36.17002255557667	106.97357269398236	229.44207539290105	122.34528165857108	57.94533668508264	37.449268203860875	101.39969293903327	208.08612057724136	65.1545547751105	64.45948733227387	30.009381833591465	122.12626371428625	80.0233874848896	198.20870359582847	36.77171654410006	45.908700577637255	133.83592679086482	25.83724372280287	68.3292521166965	215.72188013321403	71.02157911905456	51.636451147035615	31.064777108676257	273.31460707338107	41.31868179371276	239.6709949293955	61.48632550423686	100.2742394345623	268.26951716599046	108.67166255927002	63.69456315498067	59.65549797044763	96.93554255080392	142.91929622293824	481.5835435005563	235.02838110920734	316.3971809542033
SRR5928172	25.535239116544567	70.37625114811603	71.69348625814737	100.85803511235478	79.15710372401053	25.581112810717862	99.68276534718093	121.48456187944745	96.66265240083743	65.97119719498093	62.95307673759597	126.01243685358146	82.94983836363062	0.0	29.482345426792623	74.8023337383667	73.29264427152306	25.376107974496616	100.11630136402877	80.74382418703361	68.16566023858017	110.18456730314396	99.70355649433618	114.90440701577009	119.4110802257656	168.39228727351332	39.69750980233964	26.315090889267985	114.33991612231071	37.45068802592921	133.94813710164104	70.60953011822855	73.8465915118017	74.69473095699382	83.10742706287309	37.30661649092327	185.7394954374719	66.05153797918955	40.82650969195205	77.26740068173673	83.4961966869604	21.72832267804691	140.97182328592655	69.14714033851166	56.812938364387335	72.44688853911484	219.8296761336645	46.61829602384638	162.39795282200683	68.34787884313212	99.89606699859007	222.1429793466737	98.09227513842606	82.69958228753124	81.18161210043266	67.51151093538195	141.19202717966	429.5521652623231	167.60728920064815	259.1190835226747
SRR5928258	48.689110059523856	80.231574163532	79.57502595185831	85.02572053607926	78.06880756547403	54.677264311307354	84.18948637221342	125.4642206347145	75.08746379482949	78.68362989708889	46.86758855182609	127.56308038436534	67.52797124310393	29.482345426792623	0.0	78.48753296585717	73.13911617451319	48.42492258807489	71.03505727105934	56.32217260061065	78.35520930434842	103.36711747839647	92.80899479358837	93.99848956402172	90.85325444230205	165.4879571872249	60.77224402219372	29.839584435738214	94.18881187398335	34.06080131827537	140.61565382415836	80.50848215314227	44.512555834382226	70.43619585072898	65.84036783531369	15.99105984350013	163.11656209632872	64.88023877698276	38.784906982478184	69.76077443144538	76.16862967248726	16.264268948696508	148.27429887444796	81.31306231760622	62.386659810435724	68.7130515078807	213.29416442108425	26.987760515301986	172.28201646666005	39.20926984112201	72.10799032011035	211.866201109223	72.20900064751294	53.375125333187945	53.68532016321694	44.658618568133555	115.99029081937927	423.0868962161965	168.95741576840717	254.73384447413332
SRR5928393	93.92562563145883	16.549162763626697	11.25277259767489	59.58429404266359	17.578899426198685	75.42173261131227	59.508538269305234	195.38506749868355	74.40235693791807	24.946082319229227	49.85098347108	199.0861006763496	50.89328602130617	74.8023337383667	78.48753296585717	0.0	16.606244746915678	57.96292377561348	127.76780786413777	129.87599491621663	19.60151842106349	179.64330101933166	169.88015992556194	83.90222946032134	147.99545713010602	241.42656998981502	111.29190314947098	51.49324201763263	81.26451951534914	107.85423546161648	208.52919274477966	19.838168669416262	99.73370777998761	20.965919813540808	143.794609094776	94.12254425285997	234.36625206745464	18.353197780774686	42.88995213379629	147.0113578159255	29.64324499849697	72.21030868121034	215.54391183793115	28.28992309743588	24.064161520246007	22.446137689428173	289.5438888440893	61.558600386976764	236.2305921062563	94.5864093190065	137.06276521580273	290.0688792945707	142.4113700040882	103.73502592388041	96.24286430015663	121.04716957389073	179.00411792616904	500.3306458537668	242.01541368008978	331.69608346745053
SRR5928454	95.36398847066978	27.6055502342103	23.280235265435422	51.147312325255406	25.682021940595522	77.0797047154701	54.967729010015304	193.93191218434427	65.32623862988261	33.035236476680765	42.03694859269748	197.51417958502824	40.21459352752324	73.29264427152306	73.13911617451319	16.606244746915678	0.0	58.59149684981987	119.26662117402962	122.90516871404577	26.288069143345776	176.22354478216528	165.61164019266715	73.99329413707358	139.76263096735866	237.37627290089299	111.27415638330989	48.212088786072826	74.02626124671595	103.73695359487239	206.85001625896854	25.881534579032298	91.6962510208125	13.201829450890093	137.77353455822873	88.00599487890648	226.63281721058544	9.112923959536309	35.573038648073876	141.84557130699525	25.772145227474855	66.23371186425638	213.82737329414564	32.03201038992765	19.498084082088443	9.283803245488032	286.29289079878345	52.74342214296609	235.2379057037031	87.02461951364374	128.4687840209066	284.6184709816028	133.8142714458853	94.0020852883801	89.93660998234328	113.87059522648924	173.05043547766482	496.20131322578607	238.93026277274052	327.0110011281593
SRR5928428	41.29520387600534	49.55777240791683	52.0650437624994	97.37229672364555	66.80195078011766	18.589677511780547	97.15631605027595	143.0097979683846	99.28000140883907	43.4121901817509	63.95342468176984	148.4958715866317	80.2262554193766	25.376107974496616	48.42492258807489	57.96292377561348	58.59149684981987	0.0	118.41956148605057	103.71599120715702	46.72983522775415	135.028331048743	124.44195414054786	115.47633892574665	138.70100964274627	191.53976441785585	54.87295682429165	25.902560739232186	114.91000366382833	62.330635778472924	153.69829719774674	49.080805630292375	90.23878525853016	63.56891592520476	107.97079322696874	59.634737844426965	209.7932201986192	53.30323965311407	35.34103982505783	101.7961967403612	74.51696810672412	36.38027210350031	160.1631420866183	46.183138699302134	39.733746259770214	60.78420948534836	244.1706841276005	53.5127356555077	179.7210815901397	84.50305763676342	120.42725603801405	246.9126899355407	119.98731759715484	97.65820400872467	95.2383886929681	90.64885740909942	163.37352294570994	453.43415529041096	189.25954192088426	282.2522343671934
SRR5928203	113.8026079139891	136.71568339007538	133.91695977579502	95.89836817732547	119.87171814735737	125.59029807567731	94.9125345097556	148.49304284066048	72.7711802289292	138.56459321134415	78.26597075164231	144.98272525853372	87.9203227942437	100.11630136402877	71.03505727105934	127.76780786413777	119.26662117402962	118.41956148605057	0.0	37.409094490678655	135.81927333732904	107.9993143325227	101.4079178757434	85.98583452329068	21.16075654497862	167.9963844304764	122.39399072239866	95.10379156563121	87.47432511869313	83.33070259235372	167.22823720552415	137.39293382859356	29.151862413340243	110.86288367998809	62.41077305936243	66.19335023502683	110.51347607090425	111.93936907610048	95.94515838308672	88.1415151006389	108.83526247569394	84.51551474029085	175.3205224104571	140.68461964945945	118.51894820459898	110.92592341092089	201.01391974407554	71.31677076874016	202.1015235020067	35.0097597786778	17.493123651968496	190.93468846088365	31.53764991283761	26.63237843003039	35.48652712912318	47.549142040402245	58.36343501021197	403.23978285813024	180.85273568594366	246.26691461869655
SRR5928440	88.55265604840481	134.59382067312495	133.14607942742052	114.7457066835891	125.26013476951067	105.68408235260182	113.27258678147386	111.55596330671442	94.80304037468227	134.12587291287167	85.59976755174407	108.73217214639068	101.79478053763499	80.74382418703361	56.32217260061065	129.87599491621663	122.90516871404577	103.71599120715702	37.409094490678655	0.0	133.10946122651274	72.87609320145442	64.94400307406289	111.60980467292217	47.969663874292294	134.61972307104966	92.84894251577519	85.7723488103816	112.62298921378103	53.39687859330154	129.9539987844608	135.11272457895245	39.18837857393934	117.11510534061962	25.655936577126717	44.77174958295641	106.82285151515084	114.75539582487555	91.82166115856778	51.02958092788654	118.67101665974447	69.75092996349004	138.0500444169184	136.62564030444435	116.17685385095102	116.24049049245937	173.45388061183988	70.38098487941139	164.78539196944635	41.10420602454572	26.11949259485094	166.6983206607521	20.378645893224352	45.13023575891088	52.7079177182692	15.88442393511724	64.73580542262883	380.01613447902207	145.50211842138393	217.48891230488502
SRR5928222	86.00772901605464	6.972711662833583	9.708596918456314	76.27853740205695	36.37657744860624	63.24352908273672	77.50148206841592	188.92559185745546	89.20742459485723	7.227509884848216	60.53747995597774	193.73752092608555	64.84086435644622	68.16566023858017	78.35520930434842	19.60151842106349	26.288069143345776	46.72983522775415	135.81927333732904	133.10946122651274	0.0	177.21197909328336	166.82418707089093	99.58876962061996	156.59877257353173	236.413632571106	101.4500585610603	48.837630452258395	98.38710023852117	103.740716169758	200.32116773619316	2.950714764573393	106.9704568933424	36.24220387422235	144.06878925111906	93.18658327920963	239.33321589810677	28.15711163118936	42.39484939967067	143.51681865793782	47.62261630584974	68.71305278158054	206.86505690743556	9.343474218591487	19.052058835846303	34.32388567641447	287.24129594266014	65.71229701169447	226.33719852907458	101.56746943201772	143.0543220367405	288.48902389243665	146.59404884162873	111.45466792395727	106.34826716072678	122.40016211863544	186.82793257050253	497.41690287050875	235.3250039768112	326.9970420829278
SRR5928450	100.18655106905415	178.75286387599465	179.19109550439174	181.10408956811048	178.01052805179185	126.37809033312121	177.95881232836192	45.58401342334206	163.82892518994592	175.51842344096156	146.20924152981073	38.8140573231729	166.12814825311705	110.18456730314396	103.36711747839647	179.64330101933166	176.22354478216528	135.028331048743	107.9993143325227	72.87609320145442	177.21197909328336	0.0	15.437747710680798	182.15926724030479	110.37580961152267	67.14509414473294	92.49599300666142	129.54445529823343	181.76047491149296	74.81814812817413	65.77191303694788	179.6741892786189	109.53098032266989	173.15276748143836	48.57541461216298	89.6749213217959	109.63697489770689	167.8382747450325	141.40287563138304	40.05981207937604	177.27866311497783	112.16515931116378	73.82847507177291	178.98315538140037	163.5911801728603	171.95539543442092	110.29204194662204	127.98352917588964	99.99435600476478	109.41520861769585	93.72452100990135	113.84464025033745	82.18830850194064	117.38142449265017	120.6404452162835	72.90358784112841	99.23501916501372	320.7276141021007	75.93321259462572	154.61448797352395
SRR5928442	91.59040659580864	168.81257519629932	169.27910584497607	171.90751980944194	169.17295663886475	116.2254126970834	169.82061357899815	49.34001159136245	155.11615358536343	165.32255532076962	136.66836323173732	46.08326507506524	156.27477432470988	99.70355649433618	92.80899479358837	169.88015992556194	165.61164019266715	124.44195414054786	101.4079178757434	64.94400307406289	166.82418707089093	15.437747710680798	0.0	173.2250346710653	105.87819909272076	73.63011794907884	82.9845110669426	119.05188919163989	173.7367782730075	63.2820157469054	67.25329862203837	169.18055275649908	101.0725631803298	163.16658618933133	39.440511822533686	78.37424923088676	113.11375049611438	157.48084450297716	130.3852752145148	25.74108882319437	167.9547646170895	100.5338043263246	75.2001204736929	168.1517252977667	152.68262057368625	161.49423520863738	122.06696530595224	117.28808643038585	102.05304312117963	100.85250230534838	86.87132922447053	122.5770461725178	74.59457821547728	108.35899380442737	113.78140461282595	62.509451743828365	100.52176570289292	330.976346193699	81.22174012020047	162.3994404503949
SRR5928426	137.6321971174659	99.36615475647211	94.39516586531708	25.003027739085088	73.61853405449222	132.0832176120857	32.738589796759825	214.28894018026347	20.24296031093625	105.64017605101608	53.00062479895759	213.95500165278565	36.17002255557667	114.90440701577009	93.99848956402172	83.90222946032134	73.99329413707358	115.47633892574665	85.98583452329068	111.60980467292217	99.58876962061996	182.15926724030479	173.2250346710653	0.0	100.47566727429697	245.23639078366293	153.087610588823	91.73283753834974	14.918016752237227	126.30465294188485	231.14646814521444	99.59918410770617	72.88683745717492	63.66606709834558	135.53693165122402	103.30901493682893	193.62772011952694	72.09353906200607	80.73659366276267	152.73242366074902	55.167039889411676	98.22723824935457	239.03148075944102	105.80877922378765	87.46944620034927	65.4645623813498	284.17122217157686	69.49839900930209	264.2124558951804	72.77408354479756	101.45777167157055	275.83461535465835	112.85270586441675	67.46892244366157	64.62473756885777	111.23247954043154	138.191479656582	488.860440602258	253.87672014099425	328.45801949259817
SRR5928396	131.09907304403075	157.28332100063002	154.40679163029708	113.0546461670687	139.2423514510066	144.9774444824019	111.45826443821922	153.71650353246773	89.3610081765579	159.3140009168267	98.42709892497746	148.6836586823453	106.97357269398236	119.4110802257656	90.85325444230205	147.99545713010602	139.76263096735866	138.70100964274627	21.16075654497862	47.969663874292294	156.59877257353173	110.37580961152267	105.87819909272076	100.47566727429697	0.0	166.97994657901918	138.69684801594315	115.7505481742056	101.55526843529846	99.33897992812147	173.0047229321806	158.19204405121585	49.99962359123095	130.88833471443917	69.3885550618967	84.70407728287111	93.71258810179967	132.47654848291555	117.00738605497781	97.15195642659492	127.99057646207277	104.74356751725601	181.0348497248594	161.64541084402782	139.4933979172884	131.25967576462054	194.03826045081107	92.41449265558961	207.90380489649155	55.63573729861154	24.29976561759215	182.10826903478969	36.2700473583781	47.300780929576455	53.279171736336856	61.517124333221886	41.411126200988114	392.2906228176822	182.13386259147532	240.30870988404087
SRR5928366	155.82838192561084	238.7192066099658	239.758919310656	245.15639138597055	241.78928461920395	180.05284574139822	243.32448234649723	58.225648641352876	227.7691630126891	234.23388547422397	210.0962649085623	52.766294499774865	229.44207539290105	168.39228727351332	165.4879571872249	241.42656998981502	237.37627290089299	191.53976441785585	167.9963844304764	134.61972307104966	236.413632571106	67.14509414473294	73.63011794907884	245.23639078366293	166.97994657901918	0.0	141.91757726219288	190.20661668508245	246.28280208624767	133.7887816187575	57.66817366167897	238.75040737008035	172.84390486672925	235.86174311313988	109.8549404134445	150.91162592864416	130.2996583713892	229.53637322018642	201.86453738906894	96.24038019490227	241.2329668797335	171.3655507131861	58.420056430736956	236.70143789670996	223.15849344342234	233.83352330637354	64.57553509988831	190.1040835769338	73.04537981994264	173.31458928152475	151.66694986205488	70.52028946950308	138.4691082986622	178.75661123604246	185.58885101140402	134.2071271303037	149.93614510195454	262.9594130061539	24.237734910751282	90.91062634055082
SRR5928197	21.394476081018446	103.71340790942804	106.19859676256473	140.2730883586702	116.71830942897635	39.47199550726897	138.54724874234125	90.24331261848782	134.37080112723842	97.58417611079923	101.92761813233233	97.23260051573223	122.34528165857108	39.69750980233964	60.77224402219372	111.29190314947098	111.27415638330989	54.87295682429165	122.39399072239866	92.84894251577519	101.4500585610603	92.49599300666142	82.9845110669426	153.087610588823	138.69684801594315	141.91757726219288	0.0	65.9018968453187	152.5134248786486	40.157165361234505	99.48804551581833	103.86443767079503	101.34713982440314	113.77278771041316	83.5527396991983	58.56579977582693	186.86063821186025	104.64232641784754	79.97203890910518	65.6464687941412	122.78657221194747	56.37261490740825	105.81924288269178	100.6167109281738	93.31116068942093	111.41197756672175	196.42125351057143	83.99658378706287	125.1198146674944	96.76551183893689	117.09092972156881	202.78917706577894	110.95292723325738	110.88442860329559	110.91730830179203	79.47409862755471	151.8922297403468	403.51260101804763	136.82899557849166	232.24933506498843
SRR5928479	50.1003322605819	50.898992280719334	50.771756194277685	75.72143705869537	55.03908965187646	40.51352925816488	75.38685644081322	145.74207441555495	74.56021795935496	48.8695210719453	39.45704882416154	149.3590349395355	57.94533668508264	26.315090889267985	29.839584435738214	51.49324201763263	48.212088786072826	25.902560739232186	95.10379156563121	85.7723488103816	48.837630452258395	129.54445529823343	119.05188919163989	91.73283753834974	115.7505481742056	190.20661668508245	65.9018968453187	0.0	91.21428639838703	56.47340607210796	159.09533113923814	51.09504791715492	66.25159766630944	48.64151094269669	95.27940263410042	44.64146017417389	192.57373923098734	40.452105826219814	15.653995884015568	95.79039846844928	57.57153574887915	21.93413406496616	166.27776925185628	51.789449694631735	34.273140350105926	46.434405569351476	239.80640482704538	28.321282513371834	188.26735639686743	60.47932020177215	99.16476849741584	240.02141155107017	100.79260911011788	73.30436069708269	70.32473512278375	74.36747283256503	143.07004656930445	449.94760398759615	191.19948441946647	280.4130653604447
SRR5928276	135.70774599736913	97.15426516036992	92.10301850172115	23.754840399501923	68.49368050356506	131.24345659231395	23.616060854616155	213.65783702614348	20.373565634272456	104.03020308421968	51.83603664473075	213.04173740229825	37.449268203860875	114.33991612231071	94.18881187398335	81.26451951534914	74.02626124671595	114.91000366382833	87.47432511869313	112.62298921378103	98.38710023852117	181.76047491149296	173.7367782730075	14.918016752237227	101.55526843529846	246.28280208624767	152.5134248786486	91.21428639838703	0.0	126.8342039084004	231.2869321457157	98.63249735311248	73.70841144858387	62.215504636621475	136.5385582736645	104.43581043330322	195.2214641046949	71.44498974001125	81.58221603170814	154.09065846698041	51.663260333161	99.58487804900916	239.36730481853203	105.55413041901332	87.71639598708826	65.51147972714045	283.656271690327	70.9678137817109	264.43520404117646	73.0390962785646	103.62945089737399	277.0787372176769	115.49381301739464	70.55598881845528	62.189088823190296	112.93177250641669	136.81889192747482	489.3864255814467	254.66104085284252	330.02787862024985
SRR5928456	39.4643763102215	106.05810728132083	106.6390414951394	118.92730414797278	109.28763984976271	57.85234458147611	117.85801905201929	92.38391445011463	107.48103076085941	102.40499277798412	80.92268737018756	95.35293700526351	101.39969293903327	37.45068802592921	34.06080131827537	107.85423546161648	103.73695359487239	62.330635778472924	83.33070259235372	53.39687859330154	103.740716169758	74.81814812817413	63.2820157469054	126.30465294188485	99.33897992812147	133.7887816187575	40.157165361234505	56.47340607210796	126.8342039084004	0.0	106.73670701758289	106.04105525823026	65.05962161679082	102.80598761856857	48.05158053939574	23.346868848451596	152.38086012057028	95.91145476664738	68.35811862422105	40.04909213947987	109.4822351517798	38.27445614033957	114.32297936726117	104.92913840373637	89.70178441947952	100.63097054168925	184.80395756944768	60.325183268752234	138.53362995236375	61.55057049545695	77.1426089299773	185.19091565674273	71.08179172259257	74.07901184343874	77.47468088170544	39.409275419373365	115.28702050255251	394.0748372882977	135.7066134908433	223.94942808641383
SRR5928181	116.31546080174537	202.58364291287478	204.65325539090207	225.33071798747955	211.45341940903205	138.89422030428034	223.11500655758516	23.097190808241308	212.2790245698971	196.83775853301933	187.275786061237	32.4755491096442	208.08612057724136	133.94813710164104	140.61565382415836	208.52919274477966	206.85001625896854	153.69829719774674	167.22823720552415	129.9539987844608	200.32116773619316	65.77191303694788	67.25329862203837	231.14646814521444	173.0047229321806	57.66817366167897	99.48804551581833	159.09533113923814	231.2869321457157	106.73670701758289	0.0	202.71756573838508	162.14543455746374	207.44818599565338	105.00317992949462	128.7385767704568	166.72364777773458	199.50825349134232	172.42253742582244	81.13297801148981	214.690986905642	142.90947005151844	8.79845020305484	199.5910816142162	190.14473904726484	205.22610645007592	113.92743009848775	167.05463382796594	35.04249839375627	160.57598545910224	153.3650861019689	127.63501336845033	141.02382596710245	170.34634727113334	174.43022972174015	123.95119368630412	164.98925312193307	309.39506096708294	41.845297225548784	139.38722134032096
SRR5928234	88.65322437020652	8.364784690972305	10.455601630676398	76.25069040234669	37.07882274083021	65.59292959024731	77.90390438095086	191.44056698390563	89.75091073444743	9.234061052509324	61.79179399320789	196.29175128106021	65.1545547751105	70.60953011822855	80.50848215314227	19.838168669416262	25.881534579032298	49.080805630292375	137.39293382859356	135.11272457895245	2.950714764573393	179.6741892786189	169.18055275649908	99.59918410770617	158.19204405121585	238.75040737008035	103.86443767079503	51.09504791715492	98.63249735311248	106.04105525823026	202.71756573838508	0.0	108.62567434016346	36.444737439107975	146.24150639514838	95.27807723041025	241.24123436089087	28.697716447087	44.03140692946692	145.7449275112247	47.828692572306174	70.71214620577666	209.2260695510194	8.59121299747466	20.127256651391328	34.33486975679694	289.74586466331573	67.2684560846588	228.66626107270622	103.29365426106787	144.7401343809794	290.77132379996823	148.3529266688182	112.82337826067756	108.01885350753459	124.39401751549836	188.8032687033768	499.8363144141857	237.68301889843966	329.2873573948065
SRR5928251	90.3299533743034	107.92209734769663	105.31816439490805	75.96602137834155	92.9670623344827	98.84199743074633	74.91970955413548	144.22209366309878	55.62226676661156	109.53184846820704	51.14091743016266	142.80466296633116	64.45948733227387	73.8465915118017	44.512555834382226	99.73370777998761	91.6962510208125	90.23878525853016	29.151862413340243	39.18837857393934	106.9704568933424	109.53098032266989	101.0725631803298	72.88683745717492	49.99962359123095	172.84390486672925	101.34713982440314	66.25159766630944	73.70841144858387	65.05962161679082	162.14543455746374	108.62567434016346	0.0	83.91011870836121	62.990269957106776	44.09467386321055	135.52411579408968	83.98704827367288	67.09220007742962	82.6599113833074	83.36241041126881	57.71314423780414	170.26264817880127	111.81792679608542	89.79433976565404	83.76517940916145	212.028262963606	42.65253065332539	196.35004863870068	6.191139541039847	37.72313616983213	205.42812141501813	45.821710438876956	13.234701564137934	18.63829669557899	40.086696076511274	82.719134387614	418.6380357652219	182.15557408285187	256.63404583619433
SRR5928215	96.70315433817568	35.71019618301015	30.814732583797827	40.14846261723002	19.077259365982755	81.84016344362965	42.239336236196074	193.31019408153395	54.13286707365638	42.21627803722358	32.888487238845194	196.10133199553292	30.009381833591465	74.69473095699382	70.43619585072898	20.965919813540808	13.201829450890093	63.56891592520476	110.86288367998809	117.11510534061962	36.24220387422235	173.15276748143836	163.16658618933133	63.66606709834558	130.88833471443917	235.86174311313988	113.77278771041316	48.64151094269669	62.215504636621475	102.80598761856857	207.44818599565338	36.444737439107975	83.91011870836121	0.0	133.60924505826287	85.53152380703011	219.4117427716922	11.068462166145698	36.597429889756704	140.07915367939964	13.319862664631358	66.43952668359697	214.74469116644204	43.42517258713131	28.22842332191602	7.076595907536138	282.6590631746253	48.44614662541226	236.89723038835746	79.36633537274234	121.2507050901099	280.84873212632436	127.68343462158552	86.33062432398398	80.10278679889025	109.49080196710389	164.01355764618327	492.790790451789	238.46083531718324	325.1286081075367
SRR5928262	84.57470308847772	145.90552358092472	145.31084843422695	136.60040979821838	141.1143216242321	105.54765521786982	135.06068480668952	86.95416110829349	118.13455613267767	144.00618081301823	104.1313380820962	84.14572386957381	122.12626371428625	83.10742706287309	65.84036783531369	143.794609094776	137.77353455822873	107.97079322696874	62.41077305936243	25.655936577126717	144.06878925111906	48.57541461216298	39.440511822533686	135.53693165122402	69.3885550618967	109.8549404134445	83.5527396991983	95.27940263410042	136.5385582736645	48.05158053939574	105.00317992949462	146.24150639514838	62.990269957106776	133.60924505826287	0.0	51.23835058756694	104.4293131845153	129.56639510873083	103.96979631566889	28.33787422014648	136.84920487211113	76.90107377635131	113.0131367769858	146.55395008077778	127.97765635539436	132.23452445928186	152.23477849702795	86.12125144882692	139.8481950442588	63.67675996732271	48.52149289687511	147.28160860577037	37.251656224962325	69.49053045023102	76.54995024811178	25.780003918357092	74.91882156756643	360.04973136616303	119.96851465216338	194.7635917545541
