	SRR5928377	SRR5928275	SRR5928198	SRR5928253	SRR5928467	SRR5928400	SRR5928232	SRR5928384	SRR5928242	SRR5928417	SRR5928393	SRR5928162	SRR5928229	SRR5928460	SRR5928478	SRR5928420	SRR5928222	SRR5928271	SRR5928458	SRR5928158	SRR5928276	SRR5928254	SRR5928440	SRR5928194	SRR5928479	SRR5928392	SRR5928270	SRR5928223	SRR5928397	SRR5928263	SRR5928238	SRR5928376	SRR5928453	SRR5928262	SRR5928373	SRR5928209	SRR5928391	SRR5928184	SRR5928188	SRR5928210	SRR5928217	SRR5928407	SRR5928421	SRR5928374	SRR5928411	SRR5928370	SRR5928250	SRR5928241	SRR5928171	SRR5928463	SRR5928459	SRR5928240	SRR5928466	SRR5928267	SRR5928438	SRR5928248	SRR5928441	SRR5928269	SRR5928167	SRR5928173
SRR5928377	0.0	251.5765007098577	238.0761347075592	97.45360573418125	272.8575226907494	204.36337286681078	274.5863217955759	230.92177044360227	281.1300569776614	285.37515974803193	354.43379546212975	370.088274063762	222.1266312046842	228.84240722739077	74.9547814733404	197.56133691642012	181.71005228073886	336.8932623986655	184.04759669419877	178.75885303259372	85.92271690434762	272.35574747400807	304.11958966154253	349.0682703127546	424.64170974503577	379.58794568243985	332.39222760341534	417.64415215491414	299.7142806366696	213.53259867953182	366.68758148482505	306.1721623585556	523.8446509001161	207.68415362252958	365.2218956553532	421.03686246776874	173.84566257872592	47.22821462238783	232.63830119121874	227.06193385283314	311.8396481170559	352.5481801528235	372.5999378683008	337.30669243874473	347.8892319331236	300.29997905789554	191.58984894506426	310.1077661006688	205.57086149371756	234.17468864637547	567.643734407533	215.72340581662803	309.3813523235307	287.4045949005779	434.0808854340315	383.51173938028245	313.9776046510822	405.63102456704263	389.02209308408015	389.1448527676811
SRR5928275	251.5765007098577	0.0	14.398026966577856	181.14265429235854	26.34535039626162	60.479116017091854	30.615339484896012	262.0908255900739	154.33909926889038	159.5536259140283	176.61220610081222	167.71287913802763	304.83877723299673	88.00419815638115	178.86118312180884	170.80353593723765	106.31905859168727	218.801208002221	177.78275991343529	173.9297116968727	172.36842033132572	96.17262094995016	213.22479402827608	209.78665794622293	264.4586267352075	194.66991924007507	81.86647839883172	215.98760808885822	126.2049363018133	52.32073763005557	163.92772421504364	374.06214805824953	363.4233662035028	168.84428468571878	175.4421672022359	307.38511481451917	191.23929429341786	221.29559988963987	245.47640628511255	164.69381284800448	69.24425020751664	101.68559602251494	302.3264235238975	274.65034537730327	161.59856503378631	175.06087231809994	81.64644378993846	237.9535888439581	107.81008780882179	289.57745801091573	404.9115523888574	464.20286595205596	85.74682475190176	69.54443215143377	402.8193955554441	137.53839872234514	323.3978351577155	194.7214890136541	427.54832282206195	217.53435877167786
SRR5928198	238.0761347075592	14.398026966577856	0.0	169.918584646596	36.51353348004285	47.68124184415666	44.14550777364879	250.78701215271624	149.3877492747567	154.8421932901011	178.1371065559069	172.1947221642042	292.4009330474638	79.58935681621232	165.19382090388905	166.27927307449224	93.92777944067238	215.33986959525453	165.76503852815026	161.77585821191994	159.91619303836077	93.75473995861351	207.59164959115267	208.1841089737494	265.86663842695634	197.62074595869902	95.50812340872642	221.2725195256735	125.40742222869656	41.0963154046337	168.47494918798	362.95243290097727	365.8510580627564	158.1859207660782	178.57689298408326	305.37912208528206	178.89700929843818	207.51955007920876	234.70735965931388	155.24324380816466	83.23914427696275	115.05373728135245	297.14611956516416	268.5456648814694	163.7695829430121	171.1481942427504	69.48416460373025	231.76019848605517	97.27890977028979	278.0689681943647	407.8789768023732	450.35460836052255	91.83188721344364	73.34763592152134	396.59267149719807	149.4889770785196	314.1223321310161	200.97350620626398	417.9905545055013	219.47205011757762
SRR5928253	97.45360573418125	181.14265429235854	169.918584646596	0.0	206.01825598484214	150.71689694209874	198.26862401102875	266.5173025889241	260.9207850096749	265.92394527156966	321.6386548065253	327.9293476516875	277.5580464660801	190.63298852159923	69.46371895140773	102.46339199225791	149.73916559107988	326.41137395382134	192.0655147634691	185.20641767675423	33.539334441542664	231.48703203497695	300.3495903179172	330.7943065900956	402.53639113152576	344.8560577199388	259.6846131849085	377.39478803866194	263.5935390725755	156.1036441489065	323.93975026950835	362.40686228033087	505.0435307314037	207.168589666401	327.7065673827156	417.28457424413443	189.6222129644995	98.07153179504832	260.35089321418803	221.52228662380816	230.85420987199447	280.6340825811856	382.64323680951105	347.45985433713037	311.22909793025514	282.38665784232455	145.05452349699166	313.79350700413994	176.04517956546596	278.9481962540438	548.6700103312465	307.5773929531758	253.81712417523846	232.52878759365743	461.4581820407571	317.1159310752445	349.47741272340716	360.57411778004905	439.5446532013577	360.22959998742493
SRR5928467	272.8575226907494	26.34535039626162	36.51353348004285	206.01825598484214	0.0	73.2037791923589	34.814650206973546	262.86054067399186	142.2021368917376	147.0314551122153	154.79909997280356	143.14822724399423	308.89456365259497	86.08988291644238	199.11813964656096	196.4614958952398	115.45704821360421	203.24738348309012	182.05510182191634	179.02134897818652	195.40949243673748	81.88220215965539	201.71779375330297	191.79747269592073	242.36765293145777	171.4585028861911	62.262724948378	190.78409316131803	108.28902224522304	64.64469825356352	139.42976954989243	373.93898431408496	340.0577676763363	169.59885069299565	152.17893063368507	289.32340244902434	196.8966077044038	240.3095246762793	245.2137822556337	162.284193466411	65.1433753933973	80.6026024369172	289.2832966339062	263.5456295724226	139.21259191504737	161.2734163147242	93.22981365156693	227.48169089258508	110.8110566814493	291.45446411829363	381.06680700477165	483.52692965577126	61.390845495580756	48.20217734440517	391.44095071129453	113.15705475139761	318.66723533404485	169.07321894252587	422.98884802420037	195.27660190037582
SRR5928400	204.36337286681078	60.479116017091854	47.68124184415666	150.71689694209874	73.2037791923589	0.0	87.52919730538527	207.03413723858282	125.41347030695371	130.72517803108548	173.28710276450366	177.25989049862278	247.1779251933342	48.02985555991199	129.59786560469323	175.84108877662706	46.36135335963563	193.89841824237396	120.2077426531468	115.57108627131414	132.45823900486886	82.3227995628656	178.3946931260344	191.4734123181626	257.8036779514789	195.73594960779874	133.68495378271533	226.86827462443514	115.51283980193736	13.467668880339916	173.3450808450447	318.75716238848815	360.16549251821607	114.73649843010337	177.99060656081414	285.89715422302277	132.25926413988907	168.74774156351833	191.1993861352621	115.21123139757148	128.4245130075626	152.424189697586	268.17618150507786	236.85559923426322	161.66414358449083	147.603632293943	22.973159341991103	199.75349102516876	54.223991349069266	232.62729976786858	403.30066728044505	411.8128803328488	106.11959530268204	84.11466532775427	363.436895254209	179.65914307957917	273.8579542174242	210.14382787682587	377.1265707197764	213.3161568298967
SRR5928232	274.5863217955759	30.615339484896012	44.14550777364879	198.26862401102875	34.814650206973546	87.52919730538527	0.0	288.813252411438	174.31958498094542	178.8549135519983	185.76965036696467	171.38265563736007	332.61959220641086	112.3159622687214	202.72294056530095	174.23411063680607	132.30201726884818	236.0188686817005	204.75298621299422	200.69524984157434	192.4787620956502	113.51331681913872	233.06233988722744	223.5246769456205	272.62682014972523	200.38239547079638	61.910782965052654	216.9429299269695	140.0788087638445	77.11767123985524	167.2415738644276	400.12681793806246	369.2879047416477	194.3087519067236	181.10679739611382	321.2620677011847	217.94201863075145	245.42902388684863	271.22600734367165	189.13264767919193	41.2687769406673	82.94118603307285	321.16572774377084	294.7373244057269	169.85242586091155	192.3982667336113	106.55694588030539	258.04204267479247	132.82712610186402	315.6143231649601	409.4184938809486	488.1101440094821	88.21820665508193	78.07480671024243	422.5985992712913	122.58422196139342	347.52370456393004	193.7653532887666	452.06205311474434	224.70795190749482
SRR5928384	230.92177044360227	262.0908255900739	250.78701215271624	266.5173025889241	262.86054067399186	207.03413723858282	288.813252411438	0.0	151.39882722524908	151.1320914283773	223.03781054295547	256.62774263891146	57.33453423311008	177.66545776794658	198.06697371047656	347.72585099382337	164.6634131849332	161.18424389446534	88.32991300338196	94.67610058500493	233.7702682777828	196.8151211501931	124.73025654265449	185.9920786296878	253.06514441671663	245.19781968742387	314.0282925240429	287.44956450286503	197.79830327261254	216.3465421122119	255.45175532304745	112.52866650990086	334.8138986797856	95.74410876175247	241.49272458500153	217.14643386747173	82.8098190010291	190.6744885677619	23.804981006773065	104.0667780651738	327.10153165773545	325.8412102204557	154.4696552328437	123.3200404786085	227.89772045095458	154.66919761025466	191.48655695691735	113.64126277123593	157.3366562961022	36.92041683826801	375.7285146449457	345.5855190871344	251.54843174337714	237.9929821375478	204.15175968101136	330.95598770455507	85.14518086251793	289.7800182107923	176.50790920386822	239.0130913099178
SRR5928242	281.1300569776614	154.33909926889038	149.3877492747567	260.9207850096749	142.2021368917376	125.41347030695371	174.31958498094542	151.39882722524908	0.0	7.457293627551337	79.06351598225763	107.53012248373675	207.161630329651	77.71221561996022	214.16427937296731	300.99723689164904	112.40158302640461	68.51111223389607	108.02104016158327	111.10350536599537	234.24868023872565	61.42249392088367	60.0871629080036	71.30874695370242	144.5937877679647	104.82840111966199	177.78910662667283	146.23848823362368	48.50120550442796	128.28504968406565	106.01851559231703	251.71574157945483	245.65807777687695	83.45305051564205	95.66184380755081	161.17788544619404	125.05135490213584	237.18067698770622	131.8545968813311	63.15515242257747	204.07811686331598	184.85667849255404	148.09653616948538	121.72893706558992	79.30288246050951	28.16547802564729	122.83934499647656	86.93799082684077	86.70545197110923	182.24065362242408	289.7064644658299	457.74030687250934	109.48991275732324	103.01960854527694	249.59812887951853	182.61981374129033	184.90955811114753	142.98404962141453	287.6301501639972	110.16029110589542
SRR5928417	285.37515974803193	159.5536259140283	154.8421932901011	265.92394527156966	147.0314551122153	130.72517803108548	178.8549135519983	151.1320914283773	7.457293627551337	0.0	76.69981738553005	106.56447290253257	207.39045927126483	82.79459326292913	218.70895580357185	306.4472793944828	116.88996051692115	63.46438034476327	110.61930044202161	113.76128025478458	238.95922758959716	65.579079891923	54.89889540340204	65.61348739834216	139.71906646690687	101.70115632392282	181.1240569745534	143.70320097308002	50.05872487060402	133.22812312049635	104.97804261599744	249.74324301794957	240.76277608738724	85.38768441414508	93.40973732806862	155.45568795674453	127.16335387939726	241.02419695737174	131.13638294863625	64.74054638271207	208.2982072319389	187.86589097237774	142.8069061744012	116.68094962505981	78.03969253318395	20.778347759737446	127.51982103920852	81.74451859597733	90.98391737672762	181.27650775264593	284.70950067212414	460.4052277255049	112.18033142301176	106.616889761112	244.45556941035557	184.22123745978018	181.81655731703637	141.2950261987257	284.3508064094164	105.72283144810469
SRR5928393	354.43379546212975	176.61220610081222	178.1371065559069	321.6386548065253	154.79909997280356	173.28710276450366	185.76965036696467	223.03781054295547	79.06351598225763	76.69981738553005	0.0	37.55728556163924	280.00491757344906	131.19284867025266	283.92165676896695	342.921672704022	176.49974778557697	78.87703633836813	186.5732569392405	189.113252912316	298.49195249337623	90.98148212192164	104.57895772642524	53.8757627274889	87.86924409413518	27.39214355667165	161.70409245284415	67.22396297014595	58.19527520244639	171.12828688532173	38.550107361754954	312.08595114010245	188.21593105040878	161.2199880176269	21.344171885735307	141.43337019438985	203.29081776462576	311.15807917235077	203.39334267921464	140.7888089677965	201.78240053893182	159.63692932305764	164.40253492370823	152.96485400511136	16.594603142082374	70.7995933750564	177.4589985179785	128.73707163583018	151.0021449037353	252.38706651186612	230.80551788705097	536.285234392427	98.93943087523373	108.97012157955017	267.57319693380606	139.1244453205	236.69867996114812	67.167601845986	332.2437842655939	43.15660582046848
SRR5928162	370.088274063762	167.71287913802763	172.1947221642042	327.9293476516875	143.14822724399423	177.25989049862278	171.38265563736007	256.62774263891146	107.53012248373675	106.56447290253257	37.55728556163924	0.0	313.25477209139586	141.79387833353815	297.3349254362133	337.80185668854807	189.54422994559923	116.28898064465481	212.10230343013623	213.7067174552626	307.68711833011764	98.30727404927137	141.18738427731552	90.74726605698926	106.2050580239486	35.10114651270071	136.69937342102088	50.0814523564767	71.55886341552271	172.94013488181176	6.901767261172022	348.65425171163986	198.16894134034703	187.42192151905954	21.798597298418674	171.7824983465489	229.22310879096904	328.26630355954984	236.7304964578058	167.90872130063067	180.4061519458226	130.94394228216456	200.8871182723636	190.41735798489174	28.738611733413688	103.92018382529203	185.13402659879432	165.74102517835675	165.86139120256723	286.28520385462684	238.25305881360651	559.7507886164261	84.43479176272098	100.69255187216122	303.20209022215	104.94943520471625	273.93610967171804	37.18871673243025	369.7960903975423	62.14425429391531
SRR5928229	222.1266312046842	304.83877723299673	292.4009330474638	277.5580464660801	308.89456365259497	247.1779251933342	332.61959220641086	57.33453423311008	207.161630329651	207.39045927126483	280.00491757344906	313.25477209139586	0.0	224.81596057818982	208.27107188430116	368.07876256359737	203.37261435095763	217.25130113993202	128.35396190510951	133.0326771636606	245.8372417632582	248.91545692050377	181.630202878992	242.89237496602314	308.2978860604754	302.4210022518706	363.38710337310687	344.5751082953139	252.85080089726094	257.5267662758947	312.08656990989243	88.09981507397103	385.8145182601183	143.59104678162396	298.54257882244764	266.5602293882988	117.10526959409368	189.23972697720603	79.14774225664965	155.9853901575473	372.15193312309816	376.4374422847506	199.8074329059111	172.668458673333	284.5543078966985	211.7992743053445	230.58437050172353	168.79863407982194	201.72186215787175	42.17461785856535	425.57967353272403	302.0924004760318	303.84982007688865	288.73143513666207	227.39341502320642	384.5275003767178	107.41550183735941	346.799153839163	167.88334427801377	296.0652110590836
SRR5928460	228.84240722739077	88.00419815638115	79.58935681621232	190.63298852159923	86.08988291644238	48.02985555991199	112.3159622687214	177.66545776794658	77.71221561996022	82.79459326292913	131.19284867025266	141.79387833353815	224.81596057818982	0.0	155.58895789587385	223.80894957110007	48.51267927538521	146.11871323175552	98.26641026277528	95.92462031148128	167.46175031537533	43.6112475158893	131.3620657258786	144.18146498757815	212.71630141354592	155.04851379297193	139.22043001067425	190.19571335832143	73.40977277047065	51.22920025632078	138.15356980087566	288.4191880950522	315.3176963254417	83.60441546341424	138.75671603405502	237.93686743820675	113.9627161687118	187.9444664562883	159.50367934446896	77.00361795123034	149.70927286410085	153.99441558157247	221.38097269923293	191.01659611846102	121.75391050014154	99.62992601913355	47.64112677370314	153.8318975312882	29.573354680614766	205.55742517450398	358.7660848702398	425.56546596905105	88.03211118034505	68.30323862541522	318.5312167935023	169.9911560756099	235.7685677214585	176.8823246354305	340.1443413288424	169.92009036409985
SRR5928478	74.9547814733404	178.86118312180884	165.19382090388905	69.46371895140773	199.11813964656096	129.59786560469323	202.72294056530095	198.06697371047656	214.16427937296731	218.70895580357185	283.92165676896695	297.3349254362133	208.27107188430116	155.58895789587385	0.0	164.00727066839778	108.77996843518402	274.8535861616678	129.2977086395741	122.83211738385036	38.01744167347769	199.13579162087672	244.97058726246883	283.60188339393915	358.23966894783126	308.6275831185499	258.9402374690897	345.48923047237474	227.78302504082825	138.7334734818655	293.7403106845592	293.11806890228956	459.3088401872646	148.47866752094086	293.4285145670841	363.0065516524018	124.2684461656517	44.5469657180673	193.29770821994163	165.61231887839665	241.4522292210001	278.92212069801093	322.1472791205403	286.6312838699598	276.27109508991435	234.42390829765293	116.77190109187987	255.23093242305794	133.88132754615884	209.94730218518882	503.1855390940226	285.5153523669701	234.55058051102813	212.58846411994443	395.97929434395746	308.86299062848184	281.65422385095485	332.3889081880002	370.263885334249	320.0248309986484
SRR5928420	197.56133691642012	170.80353593723765	166.27927307449224	102.46339199225791	196.4614958952398	175.84108877662706	174.23411063680607	347.72585099382337	300.99723689164904	306.4472793944828	342.921672704022	337.80185668854807	368.07876256359737	223.80894957110007	164.00727066839778	0.0	199.88026046639425	369.48796675552416	263.88038061752314	257.252005181572	128.82472592871702	254.14592571466193	351.9861236186915	366.83652237550643	429.9474378018646	362.59240297173335	232.54182317239253	386.2041842468465	287.3596933079008	175.26172747677754	333.72076832409556	451.7612602069358	531.1175855028933	271.5133307255864	343.6011478259957	461.7336665473461	266.92717908746795	199.47565911751698	337.9128032052825	280.0403928956364	190.80816738802133	252.12938496857544	440.54560445724405	407.43375970226646	329.0748143497207	323.26541212653245	181.85597193065516	370.980324225022	221.9321650690841	365.379619624512	573.3181699981602	399.4116709961348	254.88581389399707	237.56425930240394	530.2409480691022	294.9400955000685	427.24682706947095	364.7623349188243	523.9454482608023	383.4725214197658
SRR5928222	181.71005228073886	106.31905859168727	93.92777944067238	149.73916559107988	115.45704821360421	46.36135335963563	132.30201726884818	164.6634131849332	112.40158302640461	116.88996051692115	176.49974778557697	189.54422994559923	203.37261435095763	48.51267927538521	108.77996843518402	199.88026046639425	0.0	178.3144073344546	76.67197815093968	71.07165686213848	123.26418120276497	91.82006785924091	154.54588097177682	181.2565664983838	253.74624019687147	200.46524281101472	173.73032381743698	237.1808469503327	119.73781724525851	55.31780316329801	185.7292566562296	275.2268645295107	356.0847774618002	74.4424193225435	185.03549763814718	269.22257945966436	87.03995014745368	140.19310386826405	149.0861654448875	80.55047719385803	173.23720407984507	191.29375070206692	241.61120599526507	207.92822401216202	168.4062251324261	132.76067415059856	27.240153488557407	171.55979477831553	26.40963098460808	188.06293676572884	399.67728490053713	379.37959396365886	132.50039878074506	111.48862091030938	331.00087661652213	212.56589660155188	234.59834098350993	224.4292618467236	336.65708982770354	212.957702327092
SRR5928271	336.8932623986655	218.801208002221	215.33986959525453	326.41137395382134	203.24738348309012	193.89841824237396	236.0188686817005	161.18424389446534	68.51111223389607	63.46438034476327	78.87703633836813	116.28898064465481	217.25130113993202	146.11871323175552	274.8535861616678	369.48796675552416	178.3144073344546	0.0	154.4101815092457	159.60355788143508	298.276425074058	123.50892161284202	40.03311923563075	31.180364154539344	94.51687246363917	94.41740827445236	227.58120223895415	132.76549755711687	97.08418067564743	196.37809607148802	117.34996133564793	238.26992776284396	187.61241867183247	131.00288709692583	98.52048228926218	93.45127993650533	168.46330278435494	292.2441149130356	144.0699224964344	111.48406110350402	261.00324233412533	229.68756509501054	90.19873677841989	76.21181698049375	91.55845782306743	50.686738279361805	190.72986783512277	58.0311069507889	152.96863177948075	189.30999544551042	231.434547283773	496.364066597542	158.94411527281292	159.7225497187661	194.81809538309213	215.51969056412153	160.77350166331237	141.9139186402354	253.99379771912106	82.4612572825911
SRR5928458	184.04759669419877	177.78275991343529	165.76503852815026	192.0655147634691	182.05510182191634	120.2077426531468	204.75298621299422	88.32991300338196	108.02104016158327	110.61930044202161	186.5732569392405	212.10230343013623	128.35396190510951	98.26641026277528	129.2977086395741	263.88038061752314	76.67197815093968	154.4101815092457	0.0	8.189399577674875	160.00925062985021	129.13589202654978	120.15232724635041	169.16406972287223	244.83399126819333	211.5431240243291	237.4713651428819	253.32603053108429	142.5514915703896	129.83262255928094	209.56965578944818	199.18868606750095	341.5062204096958	27.087449522622506	201.4312327514707	237.11730652154608	18.639460638210654	138.99140891012084	74.91949123427888	47.08628776523496	244.50431416642195	252.04997515285956	192.89022294771624	157.4248565032579	185.09758634247316	122.61464384660086	103.75479293481068	127.21366762427637	73.55821883446447	112.88533163733806	384.9959831184477	349.8262712292308	182.37909992735712	164.95491687182152	270.2227276429094	264.82330351417835	163.48035168512448	248.00868961579735	262.7323194245	215.0147200456982
SRR5928158	178.75885303259372	173.9297116968727	161.77585821191994	185.20641767675423	179.02134897818652	115.57108627131414	200.69524984157434	94.67610058500493	111.10350536599537	113.76128025478458	189.113252912316	213.7067174552626	133.0326771636606	95.92462031148128	122.83211738385036	257.252005181572	71.07165686213848	159.60355788143508	8.189399577674875	0.0	153.03971769956232	128.62152882006205	125.52518244944712	173.218797013258	249.0433620157462	213.95015942939767	234.8505232868362	255.56252539331956	143.49391381175946	125.09231101294904	210.95633502295792	204.63516913502195	346.38360884519676	29.752594195466195	203.3428371015715	242.84795600403663	18.17701938450464	133.29194968009705	81.20862218679616	50.20634220111811	240.77213046935225	249.9074219947319	199.38746528765006	163.81517276116926	187.0596120796569	125.89481342763739	98.26698792922079	132.9740002330369	69.85754138648494	117.58239311165819	389.86231444629755	347.2338155725411	181.04438155226146	163.17408140740454	276.8410373627833	263.6067776319327	170.06645636865045	249.54845087610346	269.08894509679806	218.093254699815
SRR5928276	85.92271690434762	172.36842033132572	159.91619303836077	33.539334441542664	195.40949243673748	132.45823900486886	192.4787620956502	233.7702682777828	234.24868023872565	238.95922758959716	298.49195249337623	307.68711833011764	245.8372417632582	167.46175031537533	38.01744167347769	128.82472592871702	123.26418120276497	298.276425074058	160.00925062985021	153.03971769956232	0.0	209.8750509464909	270.544036054829	303.8873444012181	376.94596048995925	322.1550275602025	252.10339005666907	356.6590841136507	240.79508674891096	139.16721339700797	303.7180409248952	329.97014246151446	479.1535673498857	175.89142547097077	305.73462253322424	388.06047283755385	156.74997096271449	72.0193353422057	227.36871636623607	191.17585901191794	228.62913091999513	272.89056016997785	351.353024404807	315.9472324476722	289.13583848980176	254.894524264572	123.00762580775096	282.7831789839854	149.63951344536866	245.8912791283267	522.8343082749842	300.00946817708893	237.6454697574433	215.93189595710567	428.64323754943763	306.35324241310497	316.4090820539184	341.2848011911423	406.69291926985676	335.916775215264
SRR5928254	272.35574747400807	96.17262094995016	93.75473995861351	231.48703203497695	81.88220215965539	82.3227995628656	113.51331681913872	196.8151211501931	61.42249392088367	65.579079891923	90.98148212192164	98.30727404927137	248.91545692050377	43.6112475158893	199.13579162087672	254.14592571466193	91.82006785924091	123.50892161284202	129.13589202654978	128.62152882006205	209.8750509464909	0.0	120.17014134501561	114.6303337644175	176.259466125778	113.804743623513	119.41839232758728	147.12268713699652	33.46295381825354	80.59218050815667	94.69060890537641	303.67964059423747	278.2944472495614	108.57041182276888	96.59280248970464	212.01634054200318	146.13950365804106	231.2643207582355	177.22394028703877	94.40874643698999	143.05120406258524	129.4863369187169	207.7360417734626	181.9713266953941	79.75153019508434	79.52978957882388	87.8876133023913	146.0974310658062	69.83455348236903	226.3396245942936	321.23870348573485	467.19556872984714	55.07552139681746	42.87331018458086	309.6957365028942	136.31108968939765	242.01409229358498	133.3953553222607	346.0262923808725	131.34288701674475
SRR5928440	304.11958966154253	213.22479402827608	207.59164959115267	300.3495903179172	201.71779375330297	178.3946931260344	233.06233988722744	124.73025654265449	60.0871629080036	54.89889540340204	104.57895772642524	141.18738427731552	181.630202878992	131.3620657258786	244.97058726246883	351.9861236186915	154.54588097177682	40.03311923563075	120.15232724635041	125.52518244944712	270.544036054829	120.17014134501561	0.0	61.39354693142261	131.1291843427964	123.33159511292271	234.61414031290633	164.81766343141973	101.68863966922322	182.1995409251957	140.7131540158398	207.61465291924026	222.74468272592247	97.37566909349707	123.29802269370468	118.0464018781011	132.45376094848567	258.80657164841193	105.94064185456051	79.62721497704642	262.91962552097436	240.23375528648003	90.05063495941957	61.834303382923025	113.52749239222054	44.81407302833734	171.03195093205872	28.03748220294149	130.7690388870706	151.87805023062526	265.76852282697484	458.7261472436557	164.94487968646538	160.87236645136167	189.83345095928712	231.95973078195004	133.50303273190588	170.36893172504242	233.31545093313966	114.51367354860912
SRR5928194	349.0682703127546	209.78665794622293	208.1841089737494	330.7943065900956	191.79747269592073	191.4734123181626	223.5246769456205	185.9920786296878	71.30874695370242	65.61348739834216	53.8757627274889	90.74726605698926	242.89237496602314	144.18146498757815	283.60188339393915	366.83652237550643	181.2565664983838	31.180364154539344	169.16406972287223	173.218797013258	303.8873444012181	114.6303337644175	61.39354693142261	0.0	75.89266595317383	65.59909916246762	208.99539202695397	104.95990623107484	83.79123477001204	191.83163055613392	91.39158258290271	264.8989223803568	175.8934273423385	143.71263467735525	71.12966161721106	97.93303925639756	183.81548501520876	304.015754600561	166.9950450097933	123.19320869683958	245.52698789033477	209.60588627059906	111.14766309244469	100.300696620361	68.05282941847157	49.58001718317256	189.84394989649465	80.36944327058795	154.97334455661925	213.02812119445295	219.60686369019967	515.5265259317945	141.3276677127977	145.6287463271793	214.43227214400957	191.63543826099183	187.13974981882654	113.94621122712908	280.0851179793017	53.41278882181898
SRR5928479	424.64170974503577	264.4586267352075	265.86663842695634	402.53639113152576	242.36765293145777	257.8036779514789	272.62682014972523	253.06514441671663	144.5937877679647	139.71906646690687	87.86924409413518	106.2050580239486	308.2978860604754	212.71630141354592	358.23966894783126	429.9474378018646	253.74624019687147	94.51687246363917	244.83399126819333	249.0433620157462	376.94596048995925	176.259466125778	131.1291843427964	75.89266595317383	0.0	73.65175951362623	242.58123262933876	81.53885083275294	142.8458201066245	256.41345580910655	109.51737999729582	316.411454195381	102.73762992590599	219.55799585156478	92.32423525786788	79.63419803263399	259.294521135107	379.75975708225155	235.78330275118026	199.0748515383781	285.7091760825163	236.70623182764666	136.1102075715188	144.9789131319355	103.15626242272025	124.83224016497158	259.11042684490445	141.74229328145793	227.3889714649752	278.13525012636325	146.14768041545221	589.5401031607856	184.7296837368072	196.33239460607916	223.87470772729588	206.21351993652874	235.74287401026288	104.6548667069067	313.49055976163703	49.129488289238665
SRR5928392	379.58794568243985	194.66991924007507	197.62074595869902	344.8560577199388	171.4585028861911	195.73594960779874	200.38239547079638	245.19781968742387	104.82840111966199	101.70115632392282	27.39214355667165	35.10114651270071	302.4210022518706	155.04851379297193	308.6275831185499	362.59240297173335	200.46524281101472	94.41740827445236	211.5431240243291	213.95015942939767	322.1550275602025	113.804743623513	123.33159511292271	65.59909916246762	73.65175951362623	0.0	169.36939599614993	43.03204249023365	81.74590690708018	192.38899156745398	36.8522634409877	329.7793775308476	169.8703466155288	185.6326450864164	19.31666094376881	138.8987777026819	227.7740795324386	335.9904388147435	225.22213778877244	165.15953543954492	212.41093989635132	164.56222525296738	172.35916520229588	165.41549133630707	35.58349087170953	92.72903380380771	200.13738619860442	144.73374003141123	175.05718440135882	273.19056509011267	211.01563006052652	561.1020026749434	112.19113051559891	125.81805719127358	272.5714467488625	137.2338082901915	252.5869568802283	48.48583186614282	345.0710944403082	27.19289904641993
SRR5928270	332.39222760341534	81.86647839883172	95.50812340872642	259.6846131849085	62.262724948378	133.68495378271533	61.910782965052654	314.0282925240429	177.78910662667283	181.1240569745534	161.70409245284415	136.69937342102088	363.38710337310687	139.22043001067425	258.9402374690897	232.54182317239253	173.73032381743698	227.58120223895415	237.4713651428819	234.8505232868362	252.10339005666907	119.41839232758728	234.61414031290633	208.99539202695397	242.58123262933876	169.36939599614993	0.0	175.0322269083726	133.17982254003948	123.41500088408014	133.06510207244858	422.50087888540685	331.85876151905495	221.42257990691027	151.37055112807926	302.8411587575727	252.77596262499148	300.2994644507246	294.83458381374356	210.88026919721062	47.154148804048845	21.469650305745244	316.257466067076	295.1706093026842	145.14799948457838	190.68868472215934	151.6373935029337	260.99512095373166	165.64053354014936	342.6500795467102	369.3451449927798	543.8467062715247	69.95133531888757	76.89031776994904	420.0107403724274	62.482888779153896	361.0530182966756	149.84370340034715	464.79365180623273	195.94624230376849
SRR5928223	417.64415215491414	215.98760808885822	221.2725195256735	377.39478803866194	190.78409316131803	226.86827462443514	216.9429299269695	287.44956450286503	146.23848823362368	143.70320097308002	67.22396297014595	50.0814523564767	344.5751082953139	190.19571335832143	345.48923047237474	386.2041842468465	237.1808469503327	132.76549755711687	253.32603053108429	255.56252539331956	356.6590841136507	147.12268713699652	164.81766343141973	104.95990623107484	81.53885083275294	43.03204249023365	175.0322269083726	0.0	117.93078862428226	222.27875777951746	53.643650179340554	369.7841450382927	157.27271869416018	227.69186769031285	52.91437463761735	159.09004996724732	269.8582362197729	374.8997021552523	267.82337129571334	207.34896166414205	221.1481046846787	165.15745446327634	204.29760651617121	202.2832862357052	70.18930762266827	135.67003261798615	233.85620388835184	185.13509247469236	212.67454263860964	315.63866680351197	194.39164336612345	602.768201937466	131.500197010151	149.37544179181444	300.3253677757875	129.31675243516224	291.43010104367636	25.840149258081347	380.3361808541616	54.94800480680577
SRR5928397	299.7142806366696	126.2049363018133	125.40742222869656	263.5935390725755	108.28902224522304	115.51283980193736	140.0788087638445	197.79830327261254	48.50120550442796	50.05872487060402	58.19527520244639	71.55886341552271	252.85080089726094	73.40977277047065	227.78302504082825	287.3596933079008	119.73781724525851	97.08418067564743	142.5514915703896	143.49391381175946	240.79508674891096	33.46295381825354	101.68863966922322	83.79123477001204	142.8458201066245	81.74590690708018	133.17982254003948	117.93078862428226	0.0	113.74513000005562	68.37757601895976	299.0825192226857	244.92907772439	118.6700245540997	65.81440309194895	181.63851739834098	159.6917599451805	257.2068583854701	177.52261873807237	100.54689259713155	164.58672137940707	138.64791288879437	184.2438853992344	162.0698514234022	48.67742812607349	58.04218767290151	119.30729868105611	128.44822130276026	95.09450052757424	227.51585734699577	287.86501625841305	488.49444579559093	63.581323856097036	62.81152362396603	287.7495751374801	134.52502366929517	231.5268237501802	107.59516323390027	333.8279050443426	98.04664186106568
SRR5928263	213.53259867953182	52.32073763005557	41.0963154046337	156.1036441489065	64.64469825356352	13.467668880339916	77.11767123985524	216.3465421122119	128.28504968406565	133.22812312049635	171.12828688532173	172.94013488181176	257.5267662758947	51.22920025632078	138.7334734818655	175.26172747677754	55.31780316329801	196.37809607148802	129.83262255928094	125.09231101294904	139.16721339700797	80.59218050815667	182.1995409251957	191.83163055613392	256.41345580910655	192.38899156745398	123.41500088408014	222.27875777951746	113.74513000005562	0.0	168.69879446007894	327.6600063375336	358.61359403701226	122.60865721664852	174.27625493812107	287.3975240689204	141.81731095533593	178.11203221771214	199.65557632067205	121.8941182462399	118.22874995199275	142.61355178026233	272.19925822455457	241.38669977648377	158.8157398633964	149.12632002193743	29.679353322319187	203.93526921348615	60.62526296019459	241.49456403972601	401.35238273075356	421.51621393177396	98.5117800462529	76.91949117293575	368.3489263280701	170.25769897743498	281.2428975816291	204.63760144564677	384.97672969089973	210.81303067618094
SRR5928238	366.68758148482505	163.92772421504364	168.47494918798	323.93975026950835	139.42976954989243	173.3450808450447	167.2415738644276	255.45175532304745	106.01851559231703	104.97804261599744	38.550107361754954	6.901767261172022	312.08656990989243	138.15356980087566	293.7403106845592	333.72076832409556	185.7292566562296	117.34996133564793	209.56965578944818	210.95633502295792	303.7180409248952	94.69060890537641	140.7131540158398	91.39158258290271	109.51737999729582	36.8522634409877	133.06510207244858	53.643650179340554	68.37757601895976	168.69879446007894	0.0	348.0860785656147	202.21888739441405	184.7705803951761	21.356511916751383	174.22186438420027	226.53916960734924	324.7607114644999	235.23371754834852	165.42270351224332	176.69733902266572	127.88325365625124	202.0836656237191	190.78143510798392	28.16144852866176	102.29383833678166	180.96102260655502	165.24401313489193	162.1346996185288	284.7308818366723	242.2099832413202	556.7790809832619	79.88197768338287	96.3373991954334	304.4564451144577	102.38680295559857	273.7440596601598	39.31101328453034	370.2392734626038	63.991876886726544
SRR5928376	306.1721623585556	374.06214805824953	362.95243290097727	362.40686228033087	373.93898431408496	318.75716238848815	400.12681793806246	112.52866650990086	251.71574157945483	249.74324301794957	312.08595114010245	348.65425171163986	88.09981507397103	288.4191880950522	293.11806890228956	451.7612602069358	275.2268645295107	238.26992776284396	199.18868606750095	204.63516913502195	329.97014246151446	303.67964059423747	207.61465291924026	264.8989223803568	316.411454195381	329.7793775308476	422.50087888540685	369.7841450382927	299.0825192226857	327.6600063375336	348.0860785656147	0.0	375.4053984355036	205.96308700217736	330.8515820126375	256.3419603606014	190.31311074014107	273.3353775432428	128.95403430193667	212.46036433373166	438.1213142855895	433.1011999225196	186.09472470807907	171.59850332795082	320.6394983469678	247.41997602223444	302.1209120139514	185.31575355033485	268.09631844712345	88.51653754621198	409.93316157063316	353.29161218562814	357.1641057514852	345.7188229914996	170.90108912488967	433.48989631892323	80.75002734090896	377.58248340185827	84.96455605254614	316.5235347150247
SRR5928453	523.8446509001161	363.4233662035028	365.8510580627564	505.0435307314037	340.0577676763363	360.16549251821607	369.2879047416477	334.8138986797856	245.65807777687695	240.76277608738724	188.21593105040878	198.16894134034703	385.8145182601183	315.3176963254417	459.3088401872646	531.1175855028933	356.0847774618002	187.61241867183247	341.5062204096958	346.38360884519676	479.1535673498857	278.2944472495614	222.74468272592247	175.8934273423385	102.73762992590599	169.8703466155288	331.85876151905495	157.27271869416018	244.92907772439	358.61359403701226	202.21888739441405	375.4053984355036	0.0	317.17943310679823	189.05585977630145	120.59387579658855	354.87407087849056	478.83797494312523	320.43262056404944	297.27837141936976	377.3410875594607	322.16935445685976	190.571724949296	214.72334097842585	202.22987560741527	225.40855881951023	361.8378276670988	225.7546128130584	329.7247876755641	356.3632535131061	44.40249984901798	678.6446735708724	281.43710781819425	295.3384334824337	241.07741663953053	285.2865456438843	296.9259519721111	182.9920673988938	349.98519977670867	148.7962386065667
SRR5928262	207.68415362252958	168.84428468571878	158.1859207660782	207.168589666401	169.59885069299565	114.73649843010337	194.3087519067236	95.74410876175247	83.45305051564205	85.38768441414508	161.2199880176269	187.42192151905954	143.59104678162396	83.60441546341424	148.47866752094086	271.5133307255864	74.4424193225435	131.00288709692583	27.087449522622506	29.752594195466195	175.89142547097077	108.57041182276888	97.37566909349707	143.71263467735525	219.55799585156478	185.6326450864164	221.42257990691027	227.69186769031285	118.6700245540997	122.60865721664852	184.7705803951761	205.96308700217736	317.17943310679823	0.0	175.85844293748517	215.20474187640406	42.181402517521086	162.01800386682652	77.29113403151564	20.826047237977214	232.86959147512087	234.86361548677357	175.60043566690985	140.35965969411092	160.15258983336278	96.43655635126738	99.460332334867	107.06792458854434	62.33842072278935	121.98418560363741	360.6281421919811	375.5743704042543	162.4124767417657	146.64183388452832	258.9205859189957	244.33483229293842	160.2745244865439	222.82278676641565	263.01011767905993	188.8326263884566
SRR5928373	365.2218956553532	175.4421672022359	178.57689298408326	327.7065673827156	152.17893063368507	177.99060656081414	181.10679739611382	241.49272458500153	95.66184380755081	93.40973732806862	21.344171885735307	21.798597298418674	298.54257882244764	138.75671603405502	293.4285145670841	343.6011478259957	185.03549763814718	98.52048228926218	201.4312327514707	203.3428371015715	305.73462253322424	96.59280248970464	123.29802269370468	71.12966161721106	92.32423525786788	19.31666094376881	151.37055112807926	52.91437463761735	65.81440309194895	174.27625493812107	21.356511916751383	330.8515820126375	189.05585977630145	175.85844293748517	0.0	153.87679273767083	218.00128686526355	322.16703777441637	221.2099629133114	155.8181203359164	193.74821630466903	147.6140555559546	181.48957930266116	170.9987360159362	19.782876879237435	87.44846775342515	183.25100534659617	146.727258854089	160.16321656302648	270.08229604192303	230.13876470708973	550.368275229441	92.9279500741283	106.59138781054817	283.4577232285173	123.13936146450952	255.3994201943764	48.4846485910811	350.78239552626684	44.859718665531524
