" "	"SRR5928426"	"SRR5928190"	"SRR5928235"	"SRR5928419"	"SRR5928216"	"SRR5928446"	"SRR5928440"	"SRR5928164"	"SRR5928401"	"SRR5928185"	"SRR5928430"	"SRR5928184"	"SRR5928227"	"SRR5928194"	"SRR5928237"	"SRR5928400"	"SRR5928454"	"SRR5928181"	"SRR5928231"	"SRR5928249"	"SRR5928433"	"SRR5928470"	"SRR5928209"	"SRR5928218"	"SRR5928259"	"SRR5928273"	"SRR5928479"	"SRR5928221"	"SRR5928201"	"SRR5928203"	"SRR5928270"	"SRR5928422"	"SRR5928189"	"SRR5928447"	"SRR5928260"	"SRR5928258"	"SRR5928395"	"SRR5928450"	"SRR5928161"	"SRR5928384"	"SRR5928272"	"SRR5928170"	"SRR5928176"	"SRR5928264"	"SRR5928432"	"SRR5928205"	"SRR5928248"	"SRR5928464"	"SRR5928178"	"SRR5928276"	"SRR5928160"	"SRR5928478"	"SRR5928436"	"SRR5928394"	"SRR5928198"	"SRR5928435"	"SRR5928381"	"SRR5928191"	"SRR5928366"	"SRR5928236"	"SRR5928251"	"SRR5928225"	"SRR5928233"	"SRR5928242"	"SRR5928252"	"SRR5928196"	"SRR5928254"	"SRR5928468"	"SRR5928229"	"SRR5928393"	"SRR5928411"	"SRR5928460"	"SRR5928168"	"SRR5928226"	"SRR5928372"	"SRR5928256"	"SRR5928255"	"SRR5928195"	"SRR5928269"	"SRR5928193"	"SRR5928238"	"SRR5928159"	"SRR5928438"	"SRR5928383"	"SRR5928453"	"SRR5928413"	"SRR5928466"	"SRR5928241"	"SRR5928388"	"SRR5928213"	"SRR5928253"	"SRR5928397"	"SRR5928441"	"SRR5928228"	"SRR5928396"	"SRR5928477"	"SRR5928407"	"SRR5928386"	"SRR5928165"	"SRR5928387"	"SRR5928442"	"SRR5928197"	"SRR5928166"	"SRR5928427"	"SRR5928417"	"SRR5928363"	"SRR5928364"	"SRR5928162"	"SRR5928463"	"SRR5928222"	"SRR5928402"	"SRR5928405"	"SRR5928385"	"SRR5928398"	"SRR5928220"	"SRR5928177"	"SRR5928465"	"SRR5928219"	"SRR5928232"	"SRR5928187"	"SRR5928172"	"SRR5928380"	"SRR5928375"	"SRR5928416"	"SRR5928368"	"SRR5928378"	"SRR5928437"	"SRR5928245"	"SRR5928206"	"SRR5928186"	"SRR5928212"	"SRR5928389"	"SRR5928458"	"SRR5928207"	"SRR5928455"	"SRR5928265"	"SRR5928199"	"SRR5928240"	"SRR5928456"	"SRR5928370"	"SRR5928239"	"SRR5928267"	"SRR5928467"	"SRR5928202"	"SRR5928379"	"SRR5928371"	"SRR5928459"	"SRR5928443"	"SRR5928257"	"SRR5928163"	"SRR5928217"	"SRR5928439"	"SRR5928210"	"SRR5928408"	"SRR5928374"	"SRR5928261"	"SRR5928174"	"SRR5928224"	"SRR5928469"	"SRR5928188"	"SRR5928418"	"SRR5928362"	"SRR5928266"	"SRR5928420"	"SRR5928471"	"SRR5928243"	"SRR5928365"	"SRR5928157"	"SRR5928183"	"SRR5928204"	"SRR5928215"	"SRR5928182"	"SRR5928230"	"SRR5928367"	"SRR5928457"	"SRR5928392"	"SRR5928473"	"SRR5928208"	"SRR5928403"	"SRR5928223"	"SRR5928448"	"SRR5928246"	"SRR5928263"	"SRR5928475"	"SRR5928167"	"SRR5928445"	"SRR5928373"	"SRR5928404"	"SRR5928271"	"SRR5928376"	"SRR5928429"	"SRR5928474"	"SRR5928192"	"SRR5928275"	"SRR5928200"	"SRR5928390"	"SRR5928247"	"SRR5928452"	"SRR5928377"	"SRR5928434"	"SRR5928169"	"SRR5928406"	"SRR5928268"	"SRR5928461"	"SRR5928274"	"SRR5928179"	"SRR5928244"	"SRR5928391"	"SRR5928480"	"SRR5928414"	"SRR5928171"	"SRR5928173"	"SRR5928369"	"SRR5928424"	"SRR5928451"	"SRR5928382"	"SRR5928211"	"SRR5928214"	"SRR5928250"	"SRR5928476"	"SRR5928399"	"SRR5928175"	"SRR5928234"	"SRR5928158"	"SRR5928262"	"SRR5928409"	"SRR5928415"	"SRR5928423"	"SRR5928449"	"SRR5928421"	"SRR5928431"	"SRR5928472"	"SRR5928428"
"SRR5928426"	0	0.686620281150131	0.771655874017324	0.779076049959691	0.632341712626717	0.746041155463768	0.789918004018251	0.678245995565251	0.697427027551481	0.578862663219634	0.535403689124205	0.782095889107235	0.784653321805574	0.762769288797461	0.819890850311056	0.753228033686577	0.780010514684126	0.789918004018251	0.506731261115575	0.731163272213012	0.549302899034218	0.735714077194245	0.789918004018251	0.772231244378437	0.678566512033386	0.490602278635427	0.0618475252900872	0.789918004018251	0.737632897604407	0.758037336502324	0.426682928641788	0.819890850311056	0.720746751961293	0.789918004018251	0.00933135383088799	0.691796797250951	0.789918004018251	0.617763124142326	0.548426385577855	0.781823040586051	0.452090313087429	0.635883038701567	0.789918004018251	0.789918004018251	0.715922673477083	0.592473555419373	0.789538991013992	0.370081017145778	0.651648766535279	0.72943699500134	0.745359005671163	0.736108872319164	0.77314752132725	0.637811786769205	0.581537387830601	0.613344290298781	0.786362543285578	0.622288001228309	0.789730199759527	0.789918004018251	0.772665792576925	0.69088577930526	0.771917583120238	0.745557794616489	0.732365521951367	0.642096651627789	0.759211729626353	0.76974575903034	0.74376672865473	0.752917815316637	0.78395563795062	0.639350153516095	0.713264930032411	0.772510647357621	0.533117095698846	0.644731451463414	0.636521725034377	0.536605078246688	0.76812317486314	0.789918004018251	0.748903460617447	0.622309005751683	0.677436202685849	0.646462959194524	0.788385018976263	0.785105622454162	0.697769095074315	0.718182826803863	0.469027700686974	0.659972612837756	0.296749979021885	0.728657055248848	0.620970225953819	0.66611949482253	0.754086747912434	0.77441987003818	0.774755184669632	0.776178076311979	0.789808414606385	0.614372517799158	0.339958540515741	0.193190700552412	0.789918004018251	0.54211670537549	0.482076539518469	0.789918004018251	0.559305194617648	0.819890850311056	0.7557257493196	0.273121707090802	0.68343953580509	0.783153193141513	0.651231679054178	0.781787999449262	0.328115346770125	0.508738404347229	0.786346164277215	0.635463473434281	0.426066257210821	0.753911558576654	0.264274325993203	0.683944573685196	0.7896198035558	0.789358860220267	0.727713012393206	0.718954757688832	0.49278176744963	0.789918004018251	0.755545484788388	0.789918004018251	0.104752922361476	0.770220666276923	0.789918004018251	0.394492190053592	0.709040361678752	0.64473052478615	0.76628677541951	0.770007574573315	0.78523302250774	0.505031731358719	0.772243092662091	0.351628506693643	0.789918004018251	0.432631377591811	0.694675985192796	0.777121439193402	0.751006483788028	0.671403057967423	0.733781831232978	0.584462154909156	0.78169583943222	0.744351028321613	0.0459734418378534	0.653618084174776	0.765155509414715	0.694082727713953	0.10808737183508	0.789918004018251	0.760050648830023	0.634948974516276	0.789918004018251	0.755933226466785	0.759825378445801	0.675716474730628	0.73068223682451	0.576644772288097	0.770682581264094	0.77237893312903	0.620817157367585	0.754180804384535	0.0900193385798633	0.711290960081987	0.770764891948354	0.776766914824852	0.730003619381826	0.658319823567637	0.718786929058329	0.442882344753812	0.757494538905914	0.253382833405769	0.429380469884403	0.122527692277193	0.691100480294294	0.454587562918996	0.789918004018251	0.770978042292164	0.752638179635055	0.69163566714149	0.512074050677205	0.777343794869311	0.789918004018251	0.767669979885666	0.789918004018251	0.689145668052999	0.789918004018251	0.819890850311056	0.789709190123067	0.78309800748936	0.789918004018251	0.788982702776298	0.638379025819447	0.819890850311056	0.167935388809857	0.701911813497433	0.677829131370303	0.789918004018251	0.374082901647122	0.782355635516436	0.716747799646475	0.614410015069161	0.631116975193104	0.685572062149185	0.713908592016086	0.749110227067875	0.713820311458712	0.737684827312365	0.681873779860453	0.655447999064147	0.661553017228206	0.789918004018251	0.614823821411928	0.698312092705353	0.619844294522972	0.819890850311056	0.744703381410789	0.789918004018251	0.766080553135212	0.356933338672889	0.778696089657077	0.48881435832268	0.761056885642816	0.666038738231038	0.619758378655586
"SRR5928190"	0.686620281150131	0	0.169691028667432	0.186281466631771	0.0918127760627715	0.114782975723177	0.211107412683941	0.0149138630872768	0.0196804939405135	0.172202229230902	0.231268064840764	0.975483200806208	0.976109874219331	0.150235174543344	0.984606587639963	0.129831107465947	0.188393559506237	0.211107412683941	0.267534580827143	0.0844739031169447	0.212937228065852	0.093626713132701	0.211107412683941	0.170966104850736	0.0143483465738862	0.287070059407599	0.719691120810082	0.211107412683941	0.0975167991661843	0.140054146311366	0.358956565256157	0.984606587639963	0.06390327831722	0.211107412683941	0.691778293814326	0.952438479323512	0.211107412683941	0.114644862240062	0.214108288111029	0.192504972485368	0.331387571452425	0.0861562419187009	0.211107412683941	0.211107412683941	0.0545514004566676	0.152597155737799	0.21022755581436	0.416093589698075	0.0604305986952955	0.0810285911493599	0.966326871072182	0.963974917783406	0.173000578045618	0.0830569269492233	0.168393217510716	0.121424519678945	0.202888093527323	0.107635344591916	0.210671325793734	0.211107412683941	0.973160506957304	0.00770866012054041	0.170270766495509	0.113780587057974	0.0868819868099539	0.0761242652891333	0.142569497108987	0.165471569799602	0.96592336977243	0.129175935047165	0.197367432294698	0.0805754725841291	0.0494453914740353	0.171585972351498	0.234235563195302	0.0718286112294916	0.0851313881767885	0.229703540921919	0.161903530479026	0.211107412683941	0.120743684431306	0.107602646342759	0.0163407970109683	0.0689919515215884	0.207554091149817	0.200000771504924	0.020311623801889	0.0589193381974509	0.31228709799403	0.0464792478590486	0.482423506341118	0.0794767523070497	0.109683790725875	0.0360073524042907	0.131647361988681	0.175833667475573	0.176581854326376	0.179763993408571	0.210852916624231	0.119852684001726	0.841606293840307	0.563854353688496	0.211107412683941	0.222477996241157	0.297157340454707	0.211107412683941	0.199426503335058	0.984606587639963	0.135124936838339	0.502168906708153	0.00569870300496204	0.195534619255639	0.0611228433740454	0.19242530281886	0.455029652959997	0.265061047776487	0.202850407286375	0.0868287061440452	0.872384531224671	0.131276502018815	0.509375165258633	0.00479667046452087	0.210415083592327	0.20980970124479	0.0776023526492289	0.0604166241472141	0.894444418553423	0.211107412683941	0.134741752823154	0.211107412683941	0.624135936820346	0.166518704736026	0.211107412683941	0.392140042811131	0.0413959038648196	0.0718301264520315	0.157883211033874	0.166048695110815	0.200292993086492	0.269621569491389	0.170992381696327	0.433550790656958	0.211107412683941	0.874621294335483	0.014623122926973	0.181880205902615	0.125150526126571	0.0268886814718505	0.0897279648776701	0.164203890536489	0.192215802278429	0.11128327886046	0.71144800265112	0.0571533675494778	0.155416001264226	0.0135367871299099	0.742801367331053	0.211107412683941	0.144370917944196	0.936952185309364	0.211107412683941	0.135566182293952	0.143886815063059	0.0193623252240839	0.083512385584203	0.175344746151138	0.167538422127912	0.17129370295313	0.93297637991843	0.968552298255764	0.633467488414876	0.0456740596665728	0.167720257535243	0.181084305788457	0.0821578570751281	0.0492702389379003	0.0600908556168208	0.341525556394794	0.138894095313974	0.518110981945182	0.873515554460391	0.749756158533574	0.00809870192382119	0.328608629494852	0.211107412683941	0.168191314736741	0.128585791061578	0.00907181479179893	0.260929087841953	0.182379764207818	0.211107412683941	0.160909616386116	0.211107412683941	0.00455464985880203	0.211107412683941	0.984606587639963	0.210622554269452	0.195408714778025	0.211107412683941	0.208937758584788	0.0821429231581828	0.984606587639963	0.581857884681621	0.0279956982543457	0.948706797782159	0.211107412683941	0.412235069033042	0.19371678160007	0.0561432697383644	0.119795296977432	0.0937588577068671	0.00188266577431045	0.0506789929347736	0.12117592926074	0.95822872883324	0.0976223343584972	0.00848855564643384	0.0540951427071706	0.043800742501858	0.211107412683941	0.11916168780217	0.0213145237613335	0.111429406581614	0.984606587639963	0.112011669193415	0.211107412683941	0.157432922154251	0.847894083484601	0.185424143631374	0.289198920622966	0.146536695919027	0.945520141755716	0.932676417582898
"SRR5928235"	0.771655874017324	0.169691028667432	0	0.0170993754654947	0.257723114920946	0.0559338627541988	0.0428621292896069	0.184166043610472	0.150483729671966	0.332738304774903	0.386671078043557	0.990755233086554	0.991211538670088	0.0199343613589061	0.997390537596522	0.0407042926301716	0.019282967006305	0.0428621292896069	0.419302160595055	0.0863830370507124	0.370038619833279	0.0772194729392592	0.0428621292896069	0.0013108849319487	0.183618423153665	0.436729517521952	0.797659187201311	0.0428621292896069	0.0733165714933915	0.0303152604741261	0.499972642044886	0.997390537596522	0.106879015127555	0.0428621292896069	0.775727861927157	0.97392038274434	0.0428621292896069	0.279221221412396	0.371103996366738	0.0235379205361832	0.475881553308611	0.252373153450136	0.0428621292896069	0.0428621292896069	0.11615201673858	0.314617331790902	0.0419454561816237	0.549268053105247	0.227920953396788	0.089825362831596	0.984079121431952	0.982361520400281	0.0034036309521896	0.249437767875722	0.329226287383878	0.285575145334856	0.0343092639045735	0.272637642666945	0.0424077616872773	0.0428621292896069	0.989063298515259	0.162182122983933	0.000595950893004813	0.0569456876249629	0.0839747586810126	0.242861391506121	0.0277537435731905	0.0043340448100384	0.983784529129216	0.0413689215746047	0.0285775922117967	0.247085493944965	0.121203171537516	0.00194835893887436	0.389354801198956	0.238779273383553	0.251402823818745	0.385255177745962	0.00799429852282302	0.0428621292896069	0.049910215950525	0.272606897380999	0.185547382746517	0.236080584935413	0.0391617601404106	0.0313102798911843	0.149865769118066	0.111824401071999	0.459072113291213	0.214576760877855	0.605446572350395	0.091374602750692	0.274563112145005	0.204521736712775	0.0388610797536926	0.00632019973101285	0.00709088606046332	0.0103708377152311	0.042596956822713	0.284103216967868	0.891427573956375	0.672921224264953	0.0428621292896069	0.378707162740015	0.445687594362049	0.0428621292896069	0.357719241237122	0.997390537596522	0.0353288368819232	0.621957144419526	0.175230180687825	0.0266770332876287	0.228581537625889	0.0234554145878826	0.582379739879788	0.417088108249892	0.03427010179661	0.253009671035235	0.914593100565249	0.039237533114516	0.627958828522287	0.174354074494487	0.0421408084030995	0.0415102105354026	0.0932448260269769	0.110339533384381	0.931074034603457	0.0428621292896069	0.035718241273113	0.0428621292896069	0.721842890426235	0.00325903337266962	0.0428621292896069	0.528705055209614	0.129149333709699	0.238780714261456	0.0121133915366537	0.00374160115477272	0.0316136726046838	0.421168913193277	0.00133790550121828	0.564161510081673	0.0428621292896069	0.916268829340703	0.155431061134115	0.0125540001619132	0.0454493156522298	0.195738778030544	0.0811261264517136	0.325358798369183	0.0232384660603627	0.0594650696954102	0.791200782251454	0.22479164393287	0.0146385302025988	0.156492714731797	0.81568476325306	0.0428621292896069	0.0259179647640109	0.962546607799038	0.0428621292896069	0.0348803681419293	0.0264114070775049	0.188470291581371	0.0873441076054098	0.335632664437049	0.00221181416050746	0.00164777184429834	0.959618709786725	0.985703292769169	0.729339443940903	0.124928657008624	0.00202503780717556	0.0117327420325147	0.0886974987624553	0.217251011960744	0.110662661098471	0.484763999752801	0.0314958932676254	0.635217279538074	0.915440567159733	0.821086104566341	0.161801696062668	0.473441995042666	0.0428621292896069	0.00154112887473402	0.0419674618723658	0.160852364283697	0.413385855549387	0.0130695846926643	0.0428621292896069	0.0090131370899531	0.0428621292896069	0.165256640822611	0.0428621292896069	0.997390537596522	0.0423569497400977	0.0265465172052316	0.0428621292896069	0.0406021713184332	0.248571559797427	0.997390537596522	0.687622335681461	0.142331991617151	0.971184151270039	0.0428621292896069	0.545965671742372	0.0247931379176242	0.114575548491421	0.284049463788892	0.25956152005756	0.171522099411993	0.11998358395741	0.0494729521360646	0.978160444269644	0.0732106199606845	0.177938250779694	0.221868525003376	0.212008063275332	0.0428621292896069	0.283455911538976	0.148883538660177	0.276202954220915	0.997390537596522	0.0587304525431395	0.0428621292896069	0.0125744053305367	0.896176446428285	0.0162134636876749	0.438622364641325	0.023709446997726	0.968845312380081	0.959397677511846
"SRR5928419"	0.779076049959691	0.186281466631771	0.0170993754654947	0	0.273686843760035	0.072967526873965	0.0257805448813232	0.200670402858087	0.167178058765364	0.347973512838748	0.401272313314945	0.992030210630884	0.992472174824856	0.0370218546363847	0.998456342552489	0.0577658110246984	0.00218426967561826	0.0257805448813232	0.433475179391986	0.103338689163599	0.384845180234247	0.0942017309465882	0.0257805448813232	0.0157888237682862	0.200126160647664	0.450660073130216	0.80442761257531	0.0257805448813232	0.0903093436326237	0.0473915047629939	0.512942957125071	0.998456342552489	0.123765416061565	0.0257805448813232	0.783047361511754	0.975719999413797	0.0257805448813232	0.294994430049574	0.385897667017626	0.00644098600656233	0.489232492895541	0.268382011814054	0.0257805448813232	0.0257805448813232	0.133002665153148	0.330044879370858	0.0248628715448041	0.561402708506861	0.244124486659253	0.106770324726369	0.985563193878931	0.983899166527362	0.0136964950774818	0.265471000927446	0.344499585663342	0.301289233219372	0.0172194002967857	0.288470756251335	0.0253256781074564	0.0257805448813232	0.990391396677559	0.17881457914684	0.0165035829248851	0.0739772372987104	0.100937663912597	0.25894823822557	0.044833085571309	0.0214319247614903	0.985277796639283	0.0584293798569017	0.0114835004182763	0.263138061868167	0.138033186805911	0.0151514918183815	0.403922087129148	0.25489870727859	0.267419769872441	0.39987423257838	0.0250904445675017	0.0257805448813232	0.066955787548603	0.288440287491059	0.202043178065516	0.25222127104688	0.0220763042024731	0.0142180718576166	0.16656324501286	0.128692077454667	0.472677817348846	0.230878505187678	0.616536007038432	0.108314629509632	0.290378848061896	0.220893736465872	0.0559254638947785	0.0107802727088314	0.0100096321637605	0.00672966143110437	0.02551508028485	0.299831114662532	0.895671982158375	0.682624849388156	0.0257805448813232	0.393407802440409	0.45948979226527	0.0257805448813232	0.372672243335916	0.998456342552489	0.0523984077437009	0.632720619061693	0.191788468875276	0.00958177329122175	0.244780061786266	0.00635844032958271	0.593910297205295	0.43129124488409	0.0171802057055054	0.269013207766393	0.918172125630906	0.0563013408330844	0.638601703833771	0.190917512897872	0.0250584346522526	0.0244271604703849	0.110178792668353	0.127212914143444	0.934169610929598	0.0257805448813232	0.0527872600001694	0.0257805448813232	0.730452985578475	0.0203573406548888	0.0257805448813232	0.541197568475618	0.145945237599205	0.254900136747647	0.029207070743778	0.0208397212110358	0.0145216885610827	0.435316418317445	0.0157618094858973	0.576028695693945	0.0257805448813232	0.919799080969898	0.172099757306019	0.00454629421910942	0.062502954523951	0.21216950824453	0.0980973709717752	0.340673590040661	0.00614138838279267	0.0764912117275715	0.798133038434437	0.241018717421694	0.0317304272573381	0.173155808382619	0.821989096900436	0.0257805448813232	0.0429993970590352	0.964695747073273	0.0257805448813232	0.0519505688475952	0.0434922881654978	0.204947764964257	0.104296813313591	0.350836187489287	0.0193105019591041	0.0154520135591044	0.961857181516565	0.987136622362614	0.737775391040482	0.141742931039544	0.019123789763251	0.00536764738971125	0.105646005101916	0.23353352866436	0.127534806516454	0.497976726160959	0.0485706387753407	0.645712798614514	0.918994936840136	0.827249414768619	0.178436233084631	0.486830460319334	0.0257805448813232	0.0186400418295523	0.0590269533115264	0.177492073798893	0.427639008506332	0.00403063892075519	0.0257805448813232	0.0261087237915475	0.0257805448813232	0.181872110352796	0.0257805448813232	0.998456342552489	0.0252748107519232	0.00945118125790702	0.0257805448813232	0.0235181699176713	0.264611933250301	0.998456342552489	0.69700518369767	0.159066849796019	0.973068217045932	0.0257805448813232	0.55815869239921	0.00769683486508245	0.13143246929761	0.299777864500338	0.275509530960233	0.188102018047549	0.136818655826947	0.0665193427529324	0.979828744296269	0.0902036707135336	0.194480464586759	0.238117305952294	0.22832806173082	0.0257805448813232	0.299189860551805	0.165585991188139	0.292003797433862	0.998456342552489	0.0757581924134878	0.0257805448813232	0.0296677744776873	0.90028580103821	0.00088614309909893	0.452526008931187	0.0407932504179309	0.970801380054833	0.961642882410126
"SRR5928216"	0.632341712626717	0.0918127760627715	0.257723114920946	0.273686843760035	0	0.204565876004046	0.29749098567285	0.0769981855845031	0.11130390261964	0.0816042689928865	0.142300275206297	0.965052656982616	0.965794184983861	0.238944622607221	0.975856814728263	0.219183821549194	0.275715918447509	0.29749098567285	0.179882124671574	0.175008649711221	0.123395944333611	0.183950608841208	0.29749098567285	0.258951625454041	0.0775606354559256	0.200226269042081	0.669534368498077	0.29749098567285	0.187746830613427	0.229093174935044	0.275699105086459	0.975856814728263	0.154860549037833	0.29749098567285	0.638127711140868	0.937845184234667	0.29749098567285	0.0230606380098887	0.124601816543833	0.279663637444894	0.246640565720278	0.00569898072639389	0.29749098567285	0.29749098567285	0.145677177345439	0.0615969566019697	0.296649057845843	0.336380688324807	0.0315469835610798	0.171639066170254	0.954228184290699	0.951450758830862	0.260911247343744	0.00881917225856929	0.0777117209401234	0.0299258755240089	0.289621082313233	0.0159711794369572	0.297073713424106	0.29749098567285	0.962305032767417	0.0994551588531086	0.258281713872532	0.203590805032944	0.177362620528684	0.0157924384216359	0.231528692014725	0.253655846456588	0.953751601376094	0.218548161923829	0.284328939445654	0.0113161276642306	0.140656930469277	0.259548759052315	0.14536636519124	0.0201090317598424	0.006730924144825	0.140684417984108	0.250214218208129	0.29749098567285	0.210360685705147	0.0159381285989706	0.0755787447396292	0.0229577507420886	0.294090069438561	0.286853895445386	0.111927864072761	0.149968250375172	0.226591577101027	0.0455164165138411	0.407610074291373	0.170120685776002	0.0180420902724254	0.0559796767001702	0.22094561088408	0.263638972090381	0.264359113652627	0.267420947610831	0.297247473408914	0.0283334743675916	0.808625751080177	0.496230070462755	0.29749098567285	0.133227579280192	0.210758720946934	0.29749098567285	0.109501553200242	0.975856814728263	0.224317375524561	0.428978912456809	0.0861565177075017	0.282570894256205	0.0308529595515498	0.279587166015	0.378089697353852	0.177311216422505	0.289584972858635	0.00502176445985948	0.84424155330595	0.220585916575581	0.436796666583686	0.0870522032077793	0.296828512187581	0.296249172175697	0.168286159548206	0.151438445909624	0.869895074500751	0.29749098567285	0.223945948674308	0.29749098567285	0.56268317058827	0.254665485479125	0.29749098567285	0.310865618150577	0.132733675908668	0.0201075097200695	0.246333823886767	0.25421232829615	0.287134020086874	0.182052147098479	0.258976939865245	0.355045079442645	0.29749098567285	0.846837870924259	0.106301517828694	0.269456235576487	0.214641077108318	0.065075361833598	0.180143391756559	0.0734335196996779	0.27938607066038	0.201160827015704	0.660242659801369	0.0348315053395643	0.243951166225711	0.105226423178184	0.6956598759203	0.29749098567285	0.233272295377622	0.919627747839475	0.29749098567285	0.224745052196759	0.232803782717292	0.0725719252905302	0.17406846693757	0.0848176648119584	0.255648515559768	0.259267216614898	0.914959333884759	0.956857329824637	0.573035561966692	0.13694610866946	0.255823790959301	0.268690856917304	0.172743730248695	0.0427245158469757	0.151118603741993	0.257309711256259	0.227969589679876	0.446287444832996	0.845554250172258	0.703543929713004	0.0998415766245908	0.243719387519437	0.29749098567285	0.256277828745971	0.217975533047611	0.100805534398123	0.173019103233331	0.269936583680278	0.29749098567285	0.249255144320297	0.29749098567285	0.0963294967742027	0.29749098567285	0.975856814728263	0.297027044189521	0.282450105821136	0.29749098567285	0.295414634064702	0.00973901112480615	0.975856814728263	0.516000390301293	0.11951921468642	0.933450528938398	0.29749098567285	0.332263228255982	0.280826672312029	0.147241407227705	0.0282753447808354	0.00196198418799508	0.0899447491679322	0.141870216237233	0.210780670426289	0.944670254509087	0.187849784060604	0.0833854107279518	0.0378948470264099	0.0481945230907546	0.29749098567285	0.0276335757237845	0.112919233235574	0.019807434236772	0.975856814728263	0.2018696864863	0.29749098567285	0.245899041362285	0.81588519997811	0.272863010714023	0.202447512444762	0.235367851720822	0.929700173132989	0.914607257964806
"SRR5928446"	0.746041155463768	0.114782975723177	0.0559338627541988	0.072967526873965	0.204565876004046	0	0.0985734744819501	0.129488124011452	0.0953051967096798	0.2817416837551	0.337612500093979	0.986284859463662	0.98679130532272	0.0360373356765286	0.993651801270829	0.0152622883956556	0.0751405202720928	0.0985734744819501	0.371573751817062	0.0305883344132813	0.320347843448975	0.0213725288869908	0.0985734744819501	0.0572407958336998	0.128931385072317	0.389760458996048	0.774251258539629	0.0985734744819501	0.0174500886250369	0.0256595699405326	0.456047217769827	0.993651801270829	0.051233540448076	0.0985734744819501	0.750453395782941	0.967618078751869	0.0985734744819501	0.226619910952895	0.321452790132109	0.0793733881844399	0.430743318429947	0.199085432558411	0.0985734744819501	0.0985734744819501	0.0605887916330195	0.26304198052884	0.09766357032654	0.508030371706919	0.174076652662796	0.0340525941900742	0.978878091404681	0.976973398612659	0.0593268590293284	0.196079784477095	0.278114665293265	0.233147850935555	0.0900803575491334	0.219860702374097	0.098122473004821	0.0985734744819501	0.984407233997488	0.107163596661448	0.0565280394377704	0.00101486856574757	0.0281654609501539	0.189349410433306	0.0282213697692942	0.0516115986468178	0.978551384460005	0.0145967436360185	0.0843844506300284	0.1936718852062	0.0656886181813923	0.0578762828741316	0.34040112462733	0.18517407716044	0.198091772543003	0.336141579318187	0.0479597566256797	0.0985734744819501	0.00603952212452953	0.21982914805355	0.130892608037602	0.182414762341179	0.09489989243796	0.087100514961015	0.094679193459086	0.0562216470475828	0.413126619520301	0.160456198154872	0.567611842054573	0.035612117489486	0.221837045433808	0.150205792450701	0.0171077968155217	0.0622333475084101	0.0630012210883234	0.0662685052262293	0.09831026912868	0.23163521587476	0.876650654365654	0.639656852521245	0.0985734744819501	0.329342026163712	0.39912216290435	0.0985734744819501	0.307580078938839	0.993651801270829	0.0206434356508413	0.585191828945067	0.120407519912023	0.0824949927940533	0.174751416205064	0.0792913285027263	0.54310375008876	0.369265671856837	0.0900414514534525	0.199737310333122	0.90211215537048	0.016730903795367	0.59159008706906	0.119517687071215	0.0978574873665606	0.097231507953708	0.0374950954517729	0.0547236777959883	0.920266316125385	0.0985734744819501	0.020253721517159	0.0985734744819501	0.69222506477486	0.0526838720577339	0.0985734744819501	0.486312460868178	0.0737168770221226	0.185175550620016	0.0438484449513018	0.0522025483848679	0.0874020139544851	0.373520210438203	0.0572677330474965	0.523790586802279	0.0985734744819501	0.903956500250727	0.100318398279218	0.0684426107697131	0.0105097034907423	0.14126114564227	0.0253003617718277	0.274122114661958	0.0790755500296811	0.00354230067756412	0.767237230650536	0.170880818831046	0.0413271938798417	0.101394530303076	0.793853968918208	0.0985734744819501	0.0300569255735973	0.955026371848023	0.0985734744819501	0.0210922412726944	0.0295635781304959	0.133865171823052	0.0315554017938938	0.28473184595239	0.0537283072669368	0.0575766380067547	0.951787518712438	0.980679511904403	0.70030529101543	0.0694517517034251	0.0539145749730141	0.067624818274926	0.0329174045315916	0.163184262048287	0.0550496365296445	0.440065262661758	0.0244785736459902	0.599333746637617	0.903044853467553	0.79973547138664	0.10677773455121	0.42818461806352	0.0985734744819501	0.0543971490306796	0.0139973386271432	0.105814907606039	0.365407419148527	0.0689559834583483	0.0985734744819501	0.0469430088553794	0.0985734744819501	0.110282612783555	0.0985734744819501	0.993651801270829	0.0980720361526673	0.0823652251906385	0.0985734744819501	0.0963300462655121	0.195193022446867	0.993651801270829	0.655424222361586	0.0870506658143504	0.96458739254582	0.0985734744819501	0.504539248855573	0.0806217283778484	0.0589976918476405	0.231579980638828	0.206449841454182	0.116641908040814	0.0644570288835997	0.00647778877796096	0.972316246252445	0.0173436292433439	0.123158543583887	0.167896521655376	0.15783654347432	0.0985734744819501	0.230970084357802	0.0936842638852348	0.22352053513335	0.993651801270829	0.00280526675699621	0.0985734744819501	0.0433881909868163	0.881864882213751	0.072085772503387	0.391737839297929	0.0322647041172386	0.961997593263421	0.951543054584623
"SRR5928440"	0.789918004018251	0.211107412683941	0.0428621292896069	0.0257805448813232	0.29749098567285	0.0985734744819501	0	0.225353219453453	0.192178715481573	0.370623462897448	0.422933222968152	0.99387729845637	0.994298453627036	0.0627460108210006	1	0.0834293689073278	0.0235975263877474	0	0.454473602144294	0.128796151422031	0.406825216843403	0.11970853991261	0	0.0415534427287181	0.224814571131965	0.471285003128532	0.814307209533871	0	0.115835952775654	0.0730879693622319	0.53209815559818	1	0.149098021863205	0	0.793740508590241	0.978328847759373	0	0.318494300745317	0.407857638748481	0.0193425831031976	0.508968625610609	0.292258550331894	0	0	0.158272219562691	0.352997340942746	0.000918227514612389	0.579288883634392	0.268315006107857	0.132208214846732	0.987713759216728	0.9861275139052	0.0394639192461285	0.289386697902839	0.367209340042813	0.324695087160471	0.00856472455289591	0.312066076339471	0.000455146581871004	0	0.992315567839666	0.203710894636597	0.0422671949807137	0.09957896325717	0.126408483099887	0.28295021396529	0.0705368655766861	0.0471879203051778	0.987441711262309	0.0840906559565809	0.0143010309413297	0.287084850056646	0.163266679397202	0.0409169877283617	0.42553032856801	0.27895322831771	0.291309296933554	0.421562797826278	0.0508400251051903	0	0.0925858518296457	0.312036048631359	0.226711821938746	0.276310104656458	0.00370622680179141	0.0115664650107119	0.191569234109308	0.15399156536643	0.492803953859615	0.255228639622088	0.632845377741935	0.133743526792714	0.313946459594652	0.245358655038622	0.0815952387702846	0.0365512527045784	0.0357814829533202	0.0325048963705549	0.000265629117110613	0.323258913919097	0.901844742209181	0.696858257494267	0	0.415223082267023	0.47991742455449	0	0.394880548827371	1	0.0780796401834517	0.648540306477995	0.216560805809361	0.0162025401616356	0.268962464241624	0.0194251027592709	0.61088385682674	0.452336138707827	0.00860392734456794	0.292881202340411	0.923372507542861	0.0819698592337277	0.65424044439537	0.215698424956381	0.000722549739770702	0.0013541873812969	0.135596681575583	0.152522467827146	0.938664650533188	0	0.0784672587498591	0	0.743058159802185	0.0461150972356706	0	0.559626178932729	0.171119552612329	0.278954639376268	0.054948657965531	0.0465966941822048	0.0112628265192701	0.456275487845523	0.0415264660166822	0.59351034730028	0	0.924928259748207	0.197057074337501	0.0303234926490061	0.0881497569069348	0.236730823395616	0.123583632233277	0.363448548832759	0.0196420847064335	0.102082212896504	0.808254328422367	0.265247412473984	0.0574667092234119	0.198103674744165	0.8311847969096	0	0.0687082254771207	0.967812664100625	0	0.0776332130656639	0.0691997755633537	0.229586124485665	0.129748868021474	0.373436426963098	0.0450699203129468	0.0412170984129501	0.965104027563601	0.98921352543248	0.750121982948833	0.166949051189265	0.0448834989284543	0.0311441343087357	0.131090370167521	0.25785234043387	0.152842178661631	0.517501676779081	0.0742636252748115	0.661130607739506	0.924159323729438	0.836237516682085	0.203336043118539	0.506623977745115	0	0.0444004965934228	0.0846861563586812	0.202400574535605	0.448761115614145	0.0298082673261764	0	0.0518564035089643	0	0.206739933810011	0	1	0.000506044602855559	0.0163331107879758	0	0.00226366726524606	0.288539109202013	1	0.710760126486081	0.184136398785737	0.975799778871248	0	0.57613324008585	0.01808708933079	0.156713030827943	0.323206463284583	0.299288489139826	0.212910402138759	0.16206096623668	0.0921510899434204	0.982246828852107	0.115730807222786	0.219226067632672	0.262381249193152	0.252707968331322	0	0.322627279005327	0.190600418876943	0.315547675724785	1	0.101352352190172	0	0.0554084160905273	0.906261043504963	0.0266661143774895	0.473109550115581	0.0665079371450311	0.97363758950137	0.964899522713396
"SRR5928164"	0.678245995565251	0.0149138630872768	0.184166043610472	0.200670402858087	0.0769981855845031	0.129488124011452	0.225353219453453	0	0.0345847990266957	0.15766963616625	0.21705912126622	0.973910219729935	0.974554291981706	0.164801358807007	0.983288040969203	0.144481557675879	0.202770986869495	0.225353219453453	0.253573358972267	0.099270009281174	0.198617266478692	0.108398059076604	0.225353219453453	0.185434776270412	0.000565630480750707	0.27325775139333	0.711972663475901	0.225353219453453	0.11227691204157	0.154663829468932	0.345785691564222	0.983288040969203	0.0787464770985449	0.225353219453453	0.683504214754248	0.950233668705775	0.225353219453453	0.0998918155501709	0.199795134124606	0.206859640234083	0.31795331201879	0.0713286760375142	0.225353219453453	0.225353219453453	0.069412091071146	0.137978961203124	0.224478728530556	0.403537602054891	0.0455553938881151	0.0958334104167031	0.964500986028126	0.962084466159105	0.187459034077552	0.0682226340101585	0.153843142586041	0.106692579099074	0.217183187554847	0.0928618397772263	0.224919794801324	0.225353219453453	0.971523139299955	0.0226200746026809	0.184742902853203	0.12848915415556	0.101671805798961	0.0612759048220118	0.157168702389845	0.179967253423335	0.964086396181205	0.143828898426112	0.211694575175313	0.0657359887625569	0.0643145984185683	0.186051543547892	0.220045487687074	0.0569722135361861	0.0703015678969627	0.215484750254435	0.176416304461573	0.225353219453453	0.135427922889908	0.0928290493421704	0.00142726143220274	0.0541305313156706	0.221821436213532	0.214312733029192	0.0352154424979504	0.0737721638591557	0.298683051376064	0.0315860005415407	0.470698367606137	0.0942853876336475	0.0949161212044257	0.0211041603163265	0.146290782571238	0.190277705947593	0.1910220479416	0.194187660046442	0.225100277693042	0.105115734554825	0.836579371964297	0.553321663957056	0.225353219453453	0.20821462840147	0.283426170943176	0.225353219453453	0.185030810828297	0.983288040969203	0.149754640792522	0.490715436132695	0.00921589757800841	0.209872214440515	0.0462486764637443	0.206780416069737	0.442946115620876	0.2510817440082	0.217145722968795	0.0720026355835232	0.868105392440518	0.145921365461377	0.498023627177117	0.0101178741370689	0.224665114447323	0.224063414767396	0.0924155073668217	0.0752666307866638	0.890718222203558	0.225353219453453	0.149372984726888	0.225353219453453	0.614608786011618	0.181009305363753	0.225353219453453	0.37931493209941	0.0562770528849017	0.0569737315020955	0.172414816317819	0.180541581038185	0.2146032580336	0.255675738992245	0.18546092191164	0.421201266801731	0.225353219453453	0.87039757498589	0.029530921961615	0.196292725398712	0.139818667427538	0.011979341610512	0.104510144243864	0.149635062039721	0.206572086184737	0.126000241313256	0.703563115447189	0.042273432220079	0.169958939809188	0.028445243034116	0.7355599994144	0.225353219453453	0.158962510751069	0.934331502368522	0.225353219453453	0.150194121699791	0.158480462499252	0.00444967198626317	0.0983109568134938	0.160826884930668	0.182024043466362	0.185760737248759	0.93025006039941	0.966787655356156	0.624105351823784	0.060549087777512	0.182204987923822	0.195501032327032	0.0969598570509444	0.0343801627821552	0.0749414809431691	0.328185634857934	0.153508551241272	0.506885009812655	0.86926442039118	0.742661394519286	0.0230099481728384	0.315149022036071	0.225353219453453	0.18267373277055	0.143241007905681	0.0239826226999667	0.246919966294047	0.196789634075792	0.225353219453453	0.175427087840363	0.225353219453453	0.0194672678415133	0.225353219453453	0.983288040969203	0.224871320690034	0.209747024546561	0.225353219453453	0.223196758391043	0.0673066980575637	0.983288040969203	0.571614550068796	0.0428926988982908	0.946401134722563	0.225353219453453	0.399634622647864	0.208064651278884	0.0710011559123596	0.105058165978343	0.0789489398186775	0.0130315418332971	0.0655462092729937	0.135858612826628	0.956181211520794	0.112382136592681	0.00642607343474036	0.0392110656580686	0.0289046579152328	0.225353219453453	0.104422558466326	0.036217546568956	0.0966668031123572	0.983288040969203	0.126726200975591	0.225353219453453	0.171966608531239	0.843017687080949	0.199817715977065	0.275403495605867	0.161119016647512	0.943128678348617	0.92994214684215
"SRR5928401"	0.697427027551481	0.0196804939405135	0.150483729671966	0.167178058765364	0.11130390261964	0.0953051967096798	0.192178715481573	0.0345847990266957	0	0.191272367939776	0.249877693538729	0.977494139241074	0.978098529115408	0.130919154546276	0.986291751954434	0.110416259635434	0.169304116949477	0.192178715481573	0.285798201245084	0.0648949932022817	0.231703449283123	0.0740747364824938	0.192178715481573	0.151766425225722	0.034019795167643	0.305127395451753	0.729640850448524	0.192178715481573	0.0779772142544333	0.120686871059003	0.376135115975075	0.986291751954434	0.0442752138474647	0.192178715481573	0.702453938427957	0.955259272483051	0.192178715481573	0.134040593804778	0.232864873198457	0.173443193882399	0.348925370019722	0.105668033157161	0.192178715481573	0.192178715481573	0.0349061923227439	0.171791868471028	0.191292271976864	0.432439755739678	0.0800214829076536	0.0614403508768747	0.968661821725567	0.966392620953507	0.153813181578782	0.102579540468879	0.187488663750731	0.140788228766886	0.183898996743079	0.127062405251818	0.191739360404614	0.192178715481573	0.975253916537022	0.0119735442026424	0.151066924254467	0.0942989160791049	0.0673098606310375	0.0956698040162932	0.123214525054268	0.146239490433726	0.968272531263504	0.109758171396285	0.178339188138378	0.100106495577175	0.0297921948520305	0.152390018785302	0.25281868565281	0.0913874653497736	0.104646797227569	0.248327014569393	0.142651015928913	0.192178715481573	0.101289822841407	0.127029848908244	0.0360103867795927	0.0885592252651555	0.188598971713224	0.180991058108911	0.000631367500823629	0.0392817326884448	0.330057582886715	0.0661028079345573	0.497655141463293	0.0598844537539334	0.129101882935379	0.055650713895498	0.11224068108503	0.156663633748704	0.157416456023227	0.160618544160349	0.191922311273738	0.139223968007381	0.84806081455885	0.577500766145059	0.192178715481573	0.241164249202118	0.315102711378953	0.192178715481573	0.218300266160815	0.986291751954434	0.115734236653461	0.517038083125683	0.0253765171619804	0.176493630935328	0.0807119190673269	0.173362982138809	0.470740852998136	0.283349794121816	0.183861039395768	0.106338102490061	0.877873419873728	0.111868143512879	0.524108559224906	0.0244749889302446	0.191481201160091	0.190871299498443	0.0580052717625529	0.0407817879439717	0.899220622757538	0.192178715481573	0.115349269640177	0.192178715481573	0.636455396647466	0.147292712957319	0.192178715481573	0.408849579417245	0.0217320804901932	0.0913889759955616	0.138608241195152	0.146819965829173	0.181285352061479	0.287863816754057	0.15179285973123	0.449619046649517	0.192178715481573	0.880038702736787	0.00505874181422692	0.162748233124008	0.105715199054245	0.04654598313576	0.0701641343445673	0.183326556244318	0.173152057278709	0.0917920745254626	0.721614995298445	0.0767525734899513	0.136127550073716	0.00614524832187348	0.752129086958298	0.192178715481573	0.125024902274495	0.940306722663594	0.192178715481573	0.116177542062992	0.12453838060106	0.0390288157305018	0.0639308273097844	0.194393604783801	0.148318397947466	0.152095990748345	0.936466584822491	0.970808769249295	0.645569900854415	0.0260155845881757	0.148501301578485	0.161947244894063	0.0625726263321373	0.0688878374777912	0.0404554097951792	0.358934459904402	0.11952122556746	0.53267726506514	0.8789683210722	0.758892971898338	0.0115835304099373	0.346181106992008	0.192178715481573	0.148975131837857	0.109165414708726	0.0106104628419764	0.279259308043199	0.163250997169094	0.192178715481573	0.14165149416063	0.192178715481573	0.0151271208231063	0.192178715481573	0.986291751954434	0.191690223812788	0.176366855620016	0.192178715481573	0.189992871734048	0.101668660589983	0.986291751954434	0.595121640222054	0.00831952031206389	0.951656976797031	0.192178715481573	0.428641172361448	0.174663277520896	0.036500750218826	0.139166855819596	0.113242602066789	0.0215624074649149	0.0310276375722636	0.101723853586439	0.960847791874156	0.0780830934786535	0.0281646193255307	0.0737017564962625	0.0634297531678542	0.192178715481573	0.138536273053135	0.00163467547333607	0.130839734244696	0.986291751954434	0.0925232214370174	0.192178715481573	0.138155474871632	0.854154053251678	0.166315114733901	0.307232935902593	0.127201608605859	0.948580421777509	0.936176835622048
"SRR5928185"	0.578862663219634	0.172202229230902	0.332738304774903	0.347973512838748	0.0816042689928865	0.2817416837551	0.370623462897448	0.15766963616625	0.191272367939776	0	0.0613669854515853	0.954203983122777	0.955063674717999	0.314769809231339	0.966740269269541	0.295806311252391	0.349907367016179	0.370623462897448	0.0996552450336844	0.253208009731143	0.0421917090190558	0.261853796267049	0.370623462897448	0.333912052550459	0.158221980368252	0.120475481646955	0.619816427566939	0.370623462897448	0.265520739411975	0.305322918664699	0.198295488460727	0.966740269269541	0.233684216691248	0.370623462897448	0.585217603651399	0.922733958275797	0.370623462897448	0.0586475487331912	0.0434131849076633	0.353668135762502	0.168224322683124	0.0872650371694055	0.370623462897448	0.370623462897448	0.224765566759549	0.0201024554070111	0.369823739563282	0.261536181015499	0.112877641073027	0.249946990556454	0.941666649482445	0.938453352406767	0.335783871635566	0.0903622085789119	0.00391593050494299	0.0517974968774112	0.36314411629736	0.0657137316266755	0.370227120481987	0.370623462897448	0.951019443080418	0.179686300441243	0.333272030250964	0.280802414427341	0.255485149731734	0.0972786657432455	0.307659726947654	0.328850790086107	0.941115169468861	0.295195358817372	0.358109626893446	0.0928396731552913	0.219884770489084	0.334482489529767	0.0644823295067013	0.101556384855251	0.0882895313973393	0.0597257679771854	0.325559403194436	0.370623462897448	0.287320868198238	0.0657466559037095	0.156275487703794	0.104377897417357	0.367392407998922	0.360512152500025	0.191881916976279	0.228934493140387	0.147556344173892	0.126677651952171	0.336546232041241	0.248476985978131	0.0636504169237766	0.13699469150618	0.297499315607197	0.338388458198794	0.339075911734506	0.34199793337974	0.37039216791109	0.0533870208340731	0.775185387805736	0.431061606213567	0.370623462897448	0.0521572315553701	0.131280406721832	0.370623462897448	0.0281339961971679	0.966740269269541	0.300738181118751	0.359214835911348	0.166657517238379	0.356436287220376	0.112191263585646	0.353595306967529	0.305356383838355	0.0970288691280833	0.363109778440075	0.0865926211985151	0.815540335672989	0.297153701346207	0.36752735154848	0.167535858071695	0.369994206629678	0.3694438640845	0.246700456294443	0.23036221410621	0.844754032831278	0.370623462897448	0.300381475031614	0.370623462897448	0.502818092400698	0.329816030270295	0.370623462897448	0.234871460653849	0.212174021506837	0.101554877021936	0.321846355165304	0.329382818826763	0.360778638213157	0.101872904958342	0.333936236248012	0.281109616480012	0.370623462897448	0.818491365617103	0.186383433963207	0.343939538848063	0.291438847369964	0.145949856106328	0.258174113065778	0.00821711343005951	0.353403786576746	0.278461054722955	0.609561988243655	0.116124984740414	0.31956537527311	0.185332235036716	0.64873173942907	0.370623462897448	0.309332136269485	0.901741562608431	0.370623462897448	0.301148882887525	0.308882796964773	0.153321246602004	0.252298286242701	0.0032344752409008	0.330755690518833	0.334213540672026	0.896372210587343	0.944709760403628	0.514065679993448	0.216274631446628	0.330923218403292	0.343209459692369	0.251016247156015	0.12392197259148	0.230051639452368	0.179249349271633	0.304244581331422	0.377632669280551	0.817032217526966	0.657481795122141	0.180064481919556	0.165208917681187	0.370623462897448	0.331357166253772	0.294644936960176	0.181007796301656	0.0926464964304949	0.344397690180803	0.370623462897448	0.324641892550548	0.370623462897448	0.176626440781793	0.370623462897448	0.966740269269541	0.370182790570564	0.356321302326592	0.370623462897448	0.368651012552537	0.0912749778456556	0.966740269269541	0.452329989131035	0.199293282029163	0.917664095839428	0.370623462897448	0.257225937723686	0.354775667442946	0.226285585229306	0.0534450380157192	0.0796542928757482	0.170371570815309	0.221064695367156	0.28772503524685	0.930614970510149	0.265620157455267	0.163939311120576	0.119152178954917	0.129319906655887	0.370623462897448	0.0540855315651985	0.19285026807863	0.0618910290247763	0.966740269269541	0.27914415190437	0.370623462897448	0.321430187734304	0.783391680542515	0.34718817208621	0.122752710140807	0.311341545391829	0.913340440899702	0.895967440315224
"SRR5928430"	0.535403689124205	0.231268064840764	0.386671078043557	0.401272313314945	0.142300275206297	0.337612500093979	0.422933222968152	0.21705912126622	0.249877693538729	0.0613669854515853	0	0.944936593764305	0.945896179526339	0.36941784475588	0.958939566791961	0.351171012447726	0.403123893053285	0.422933222968152	0.0385100099020182	0.310038880117358	0.0192221382661275	0.318403225443235	0.422933222968152	0.387796880097079	0.21759959673056	0.0595228514614693	0.579192683100825	0.422933222968152	0.3219483149548	0.360332881401536	0.138515594514751	0.958939566791961	0.291120299091851	0.422933222968152	0.542184522527217	0.909879139928657	0.422933222968152	0.119609207737606	0.0179989507044724	0.406723501502262	0.107906217025675	0.1478863318325	0.422933222968152	0.422933222968152	0.28246409469743	0.0813749194592437	0.422169366018666	0.203240569140556	0.173115521353628	0.306881875351813	0.930953907329589	0.927373617370075	0.389591928431652	0.150941087772542	0.0652681477850129	0.112826797540459	0.415786613178881	0.126600010202698	0.422554664550759	0.422933222968152	0.941382896506854	0.238576248087343	0.387183020260405	0.336706257876681	0.312242692613586	0.157758899683675	0.362581069525441	0.382941291997857	0.93033934245965	0.350582495286199	0.410972687373881	0.153383840813311	0.277723193840875	0.388343961540928	0.00312699492516804	0.161972896735725	0.148896916110701	0.00164690102467478	0.379782161260724	0.422933222968152	0.342993511765922	0.126632569940197	0.215694778118913	0.164751245959514	0.419846651456395	0.413270299322448	0.250471854068541	0.28651143973619	0.0869305336089326	0.186678217705577	0.28063656702827	0.305458374937652	0.124559294396934	0.196803819474054	0.352801633195832	0.392089056866335	0.392748024983586	0.395548396491961	0.422712308316969	0.114401102465446	0.74729070757648	0.379137993090371	0.422933222968152	0.0092375935509279	0.070447810723452	0.422933222968152	0.0332871017884421	0.958939566791961	0.355920279615974	0.304161032351277	0.225849625463044	0.409372049941369	0.17244038627369	0.406653808198092	0.248371672394352	0.0358629491186235	0.415753788972207	0.14722298079857	0.791470049074259	0.352468779563348	0.312803167529276	0.226708192598525	0.422332193690593	0.421806503167929	0.303737728277163	0.287897080718877	0.823587455314657	0.422933222968152	0.355576869845827	0.422933222968152	0.454660679239643	0.383867522813124	0.422933222968152	0.175891548108322	0.270228070308328	0.161971411728377	0.376216896728729	0.38345183178583	0.413525109618416	0.0407457650375547	0.387820074354023	0.223370842977351	0.422933222968152	0.794709230311877	0.245110686313036	0.397408655947554	0.346963031646554	0.205583111140832	0.314844331306304	0.0695510761040701	0.406470530572055	0.334446804922422	0.568208169544399	0.176308954505008	0.374025957597077	0.244085355507847	0.610239480552453	0.422933222968152	0.364189688890413	0.886568500322813	0.422933222968152	0.356315655131254	0.363757518541266	0.212802975318802	0.309158291367171	0.0581433768323163	0.384769110098482	0.388086028727815	0.880615775052343	0.93434587057553	0.466557120171735	0.274214830898259	0.384929840031693	0.396709212395009	0.307917155855409	0.183971642948778	0.287595678999476	0.119116089138019	0.359295237306161	0.323320625578108	0.793107459801232	0.619655799200684	0.238945375639383	0.104842767090344	0.422933222968152	0.385346164936244	0.350052250925966	0.239866036844721	0.0314478599867083	0.397847552772695	0.422933222968152	0.378901308262024	0.422933222968152	0.235589056272692	0.422933222968152	0.958939566791961	0.422512322679661	0.409262049704889	0.422933222968152	0.421049109044069	0.151841149251415	0.958939566791961	0.401455609954024	0.257692803790993	0.904243930061517	0.422933222968152	0.198813914949343	0.407783279899278	0.283940006747432	0.114458558703292	0.140375192795497	0.229479477140752	0.278869541216211	0.343383190226046	0.918645902541968	0.322044408705467	0.223192066129944	0.179284821077264	0.189272585531485	0.422933222968152	0.115092834067872	0.251415673335381	0.12281879357988	0.958939566791961	0.335106067777711	0.422933222968152	0.375817199626438	0.756257221619084	0.400520268502074	0.0618242355028046	0.366122050110427	0.899440892115827	0.880167184900354
"SRR5928184"	0.782095889107235	0.975483200806208	0.990755233086554	0.992030210630884	0.965052656982616	0.986284859463662	0.99387729845637	0.973910219729935	0.977494139241074	0.954203983122777	0.944936593764305	0	0.0060577008601227	0.989216547556321	0.0953864824409376	0.987550087754064	0.992190148314415	0.99387729845637	0.938585838082245	0.983637989405771	0.94794646128048	0.984451600020719	0.99387729845637	0.990854414222404	0.973970661919093	0.934926791755389	0.754617189833846	0.99387729845637	0.984793595097701	0.988391951056696	0.919775523952362	0.0953864824409376	0.981762274172881	0.99387729845637	0.778111436147736	0.184074011531638	0.99387729845637	0.96215349694212	0.947757949299588	0.992499971715212	0.925926160505738	0.965750499988435	0.99387729845637	0.99387729845637	0.980887212819026	0.957021505424709	0.993813042563001	0.905423012619595	0.968827398846883	0.983328430754414	0.081435697414412	0.100424327209054	0.99101224956762	0.96612953152819	0.954760786439036	0.961266280357113	0.993273631226203	0.963057901707001	0.993845461933846	0.99387729845637	0.0218792481524297	0.976279466344993	0.990800352596381	0.986199454952965	0.983853276614987	0.966968963755295	0.988596946298187	0.990425586842729	0.0847450703005049	0.987495652658165	0.992863834978408	0.966431321762948	0.980403371266424	0.990902557798155	0.944437194890248	0.967483354286536	0.96587609381348	0.945198497689377	0.990145097166695	0.99387729845637	0.98678979399078	0.963062090325197	0.973757426222605	0.967820659223373	0.993617264414459	0.993059744524671	0.977557446561697	0.98129769852936	0.929931341964633	0.970432518948722	0.885368401645137	0.983188402788241	0.962794939698691	0.971609372154871	0.987700685928242	0.991231195901271	0.99128885349674	0.991533319183033	0.993858721568144	0.961473083505491	0.589788996605712	0.853817213687879	0.99387729845637	0.946395792346218	0.932966713136319	0.99387729845637	0.950085451419803	0.0953864824409376	0.987987788359079	0.878522402781453	0.974887266583352	0.992727007089496	0.968746620319421	0.992493986947991	0.894159718089886	0.939036757787722	0.993270845668634	0.965667951202981	0.518809524870688	0.987669971804573	0.875907666217732	0.97498201285038	0.993826745003391	0.99378249617317	0.983018772160867	0.981437690802918	0.454101082897246	0.99387729845637	0.987956233374456	0.99387729845637	0.823336326962972	0.990507601259135	0.99387729845637	0.911726641571497	0.979631728862593	0.967483173609775	0.989827129175183	0.990470805776252	0.993081435261003	0.938203266369603	0.990856456041673	0.900538602805138	0.99387729845637	0.512855835901186	0.976984229492737	0.991695217852243	0.987159911376316	0.972615240684618	0.984106578033123	0.955367886469993	0.992478245762362	0.98598606129001	0.761917144927194	0.969208349762429	0.98963097948896	0.976874089137268	0.73229629103868	0.99387729845637	0.988743243962278	0.276372959208326	0.99387729845637	0.988024100201824	0.988703970834014	0.973432540559488	0.983551780837477	0.953741112227712	0.990587336861362	0.990879863858576	0.297108214592075	0.0627843061228595	0.817896438882278	0.980043206134083	0.990601541670141	0.991634391639693	0.983430095132047	0.970114859577179	0.981407263367463	0.923717141022868	0.988297126551124	0.87264938625444	0.515814498165462	0.724983283894067	0.976319458204118	0.926521389380888	0.99387729845637	0.990638321095537	0.987446570299531	0.976419109753379	0.939783994605331	0.991733357401512	0.99387729845637	0.990066678647144	0.99387729845637	0.975955030312057	0.99387729845637	0.0953864824409376	0.993841900040188	0.99271759340666	0.99387729845637	0.993718691262851	0.966240864200702	0.0953864824409376	0.845473166665442	0.978322480882191	0.208181918089611	0.99387729845637	0.906468585000258	0.992590910869025	0.981037174669546	0.961480621101477	0.964810735639186	0.975287014808303	0.980520663685894	0.986826216190304	0.143937926873252	0.984802841926136	0.974593228970663	0.96956166621806	0.970735779946576	0.99387729845637	0.961563784261982	0.977657897281793	0.962569982514941	0.0953864824409376	0.98604839354943	0.99387729845637	0.989791387961804	0.576762855080654	0.991965138773625	0.934517246202236	0.988918567055808	0.227774321316216	0.29862976520276
"SRR5928227"	0.784653321805574	0.976109874219331	0.991211538670088	0.992472174824856	0.965794184983861	0.98679130532272	0.994298453627036	0.974554291981706	0.978098529115408	0.955063674717999	0.945896179526339	0.0060577008601227	0	0.989690136529385	0.0893774086493869	0.988042365395419	0.992630312186863	0.994298453627036	0.939613322645614	0.984174017241468	0.948873709060765	0.984978543138494	0.994298453627036	0.991309604836107	0.974614066128991	0.935993191258901	0.757414842634912	0.994298453627036	0.985316717306331	0.988874791437025	0.92100146135833	0.0893774086493869	0.982319217818134	0.994298453627036	0.780704228059505	0.18993229878043	0.994298453627036	0.962926731864591	0.948687225435298	0.99293664727732	0.927087644510576	0.966484381884508	0.994298453627036	0.994298453627036	0.981453900636722	0.957850635575234	0.994234922273643	0.906797699705374	0.969527502709734	0.983867913149815	0.0874527771518334	0.106421070161812	0.991465665607864	0.966859258172951	0.955614445495554	0.962049199554499	0.993701591433506	0.963821255648326	0.994266976094232	0.994298453627036	0.0279334630664191	0.976897321634389	0.99125615097121	0.986706856537721	0.984386901291563	0.967689482124473	0.989077487484805	0.990885597435159	0.0907589012074819	0.987988540241598	0.993296412419212	0.967157738785531	0.980975443173399	0.991357207153896	0.945402136352358	0.968198226065989	0.966608599026706	0.946155273597823	0.990608259320504	0.994298453627036	0.987290587669693	0.963825398482852	0.97440318705342	0.968531826712949	0.994041351405144	0.993490114859305	0.978161134180636	0.981859816487419	0.931050626735241	0.971114959726641	0.886947059695015	0.983729447490703	0.963561167550744	0.972278844221603	0.98819127595266	0.99168214982271	0.991739158951361	0.991980874752481	0.994280086213821	0.962253746164711	0.59384897032199	0.855707623774553	0.994298453627036	0.947339713194526	0.934053896778221	0.994298453627036	0.950989656106785	0.0893774086493869	0.988475160382592	0.88016965540395	0.975520534927059	0.993161125770458	0.969447612322468	0.992930729902958	0.895649517829518	0.940059436296457	0.993698837267574	0.966402737852056	0.523318631508269	0.988160906034926	0.877580978619989	0.975614232946997	0.994248470211221	0.994204720304159	0.983561709155848	0.981998249821284	0.45897000690403	0.994298453627036	0.9884439591287	0.994298453627036	0.825517285407899	0.990966690176882	0.994298453627036	0.913036282649195	0.980212382013631	0.968198047373081	0.990293862926813	0.990930308209473	0.993511561202527	0.93923482672179	0.99131162370059	0.901963384331095	0.994298453627036	0.517400026932234	0.977594274053986	0.992140951927024	0.98765656018657	0.973273615944099	0.984637374548494	0.956214964096258	0.992915165972682	0.986495850515244	0.764651810413728	0.96990426417614	0.990099915940192	0.977485354726153	0.735282815599927	0.994298453627036	0.989222144009564	0.281986144664366	0.994298453627036	0.988511065156501	0.989183311463345	0.97408189095452	0.984088770836807	0.954605816027103	0.991045529641319	0.991334768355968	0.302653026696515	0.0688173629022898	0.820128152352796	0.980619284179547	0.991059574796666	0.992080810094427	0.983968443109253	0.970800798241105	0.981968161241348	0.924901822544692	0.988781030308439	0.874355064789349	0.520341304243076	0.728030468025238	0.976936870422049	0.92767661335363	0.994298453627036	0.991095940833117	0.987940007819437	0.977035417849605	0.940798703786219	0.992178662331861	0.994298453627036	0.990530721747836	0.994298453627036	0.976576479378499	0.994298453627036	0.0893774086493869	0.994263454363902	0.993151818116369	0.994298453627036	0.994141634780918	0.966969370020075	0.0893774086493869	0.847444151953823	0.978917678574428	0.213985527001503	0.994298453627036	0.907832513887976	0.993026562340279	0.981602193209506	0.96226120150495	0.965554913041377	0.975915859761761	0.981091430628099	0.987326602052642	0.149872583593652	0.985325860807193	0.975229749825783	0.970253693632951	0.971414880328913	0.994298453627036	0.962343457086037	0.978260470528797	0.963338668307317	0.0893774086493869	0.986557485398019	0.994298453627036	0.99025852310823	0.580909518163145	0.992407835359928	0.935587991979529	0.989395500045791	0.233528627200617	0.304169367884948
"SRR5928194"	0.762769288797461	0.150235174543344	0.0199343613589061	0.0370218546363847	0.238944622607221	0.0360373356765286	0.0627460108210006	0.164801358807007	0.130919154546276	0.314769809231339	0.36941784475588	0.989216547556321	0.989690136529385	0	0.996103990019685	0.0207858118089622	0.0392031393352894	0.0627460108210006	0.40253583186415	0.0665565896269553	0.35255292347064	0.0573682604815976	0.0627460108210006	0.0212447235653915	0.164250144666619	0.420239987162426	0.789545784294305	0.0627460108210006	0.0534557723425719	0.0103868093054918	0.484585803937962	0.996103990019685	0.0871194231845382	0.0627460108210006	0.766960601607141	0.971749823465921	0.0627460108210006	0.260652917658461	0.353632872351578	0.0434530843055991	0.460056493726255	0.233545089499238	0.0627460108210006	0.0627460108210006	0.0964278818420109	0.296433493815822	0.0618311375865428	0.534847764926378	0.208880184497769	0.0700090365479785	0.982288511304021	0.980506382295772	0.0233365014533262	0.230582968138508	0.311215075903344	0.267072336584806	0.0542087161738947	0.254003100172311	0.0622925392942934	0.0627460108210006	0.987460600084509	0.142682102279028	0.0205300826057593	0.0370509283404949	0.0641414960870798	0.223947883693993	0.00782345769000145	0.0156015857198646	0.981982843244353	0.0214512167303299	0.0484859460167186	0.228209506143151	0.101499717028187	0.021881920072263	0.372140070762788	0.219830151685608	0.232565885721795	0.367981742133427	0.01194185472113	0.0627460108210006	0.0300039623402453	0.253972049426947	0.166191813307234	0.217108266907466	0.0590527144695759	0.0512145432074127	0.130297927994448	0.0920833146431831	0.442954540210039	0.195429501143636	0.59224249499741	0.0715629773742072	0.255947771273871	0.185298703268875	0.0189405338461769	0.0262514469218377	0.0270216509995052	0.0302993010784686	0.0624813622498668	0.265585098869226	0.886323040222313	0.661339949517078	0.0627460108210006	0.361341298723501	0.429344889912255	0.0627460108210006	0.340068197458828	0.996103990019685	0.0154046905688354	0.609133790831038	0.155808276331629	0.0465880670377876	0.209546216180863	0.0433706819271587	0.568661479617433	0.40028744951696	0.0541696190615535	0.23418744781899	0.910285301636339	0.0193173985919813	0.615276495553144	0.154926723031467	0.0620261088745351	0.061396735524287	0.073438996138194	0.0905927936083047	0.927345978262901	0.0627460108210006	0.0157944688689705	0.0627460108210006	0.711549163074217	0.0166763480980097	0.0627460108210006	0.513870161769914	0.109480363479082	0.21983160502243	0.00782274844204145	0.0161938974827586	0.0515174645271541	0.404431675765169	0.0212717326817448	0.550051733773925	0.0627460108210006	0.912019486304239	0.135893154311687	0.0324807079233673	0.0255367389532903	0.176452697494888	0.0612850848353532	0.307301092962374	0.043154004518166	0.0395748795707303	0.782892868672905	0.205725294829432	0.00529728664537363	0.136960651432359	0.808122910641199	0.0627460108210006	0.0059865156843826	0.959955512026141	0.0627460108210006	0.0149557982701853	0.00648025820908488	0.169134248763845	0.0675204409604074	0.317699726889382	0.0177232829831891	0.0215814657266508	0.956920187229099	0.983973808283572	0.719251275542535	0.105241073023991	0.0179100043004393	0.0316601311850675	0.0688778071058813	0.198124551525809	0.0909171444813046	0.469097908125361	0.0115683707752808	0.62270736855028	0.91116231726621	0.813692009357891	0.14229949456509	0.457573807455286	0.0627460108210006	0.018393764552712	0.022050470063046	0.141344744655872	0.396528212279997	0.0329958517546515	0.0627460108210006	0.0109230721702917	0.0627460108210006	0.145774445897947	0.0627460108210006	0.996103990019685	0.0622418270748157	0.0464577300277203	0.0627460108210006	0.0604904334171435	0.229708933213625	0.996103990019685	0.676418154982069	0.122725495456816	0.968911953405052	0.0627460108210006	0.531477695917817	0.0447066945478031	0.0948451565722704	0.265530788173607	0.240800313594194	0.152077339384199	0.100275047957314	0.029566045626778	0.976147970642383	0.053349568564126	0.158533367521157	0.202778617365885	0.192841080962395	0.0627460108210006	0.264931087050117	0.129310536067619	0.257604077981996	0.996103990019685	0.0388389054331382	0.0627460108210006	0.00736169352187098	0.891233514169837	0.0361368278033731	0.422163601439214	0.00377676637498727	0.966486472608217	0.956691058905171
"SRR5928237"	0.819890850311056	0.984606587639963	0.997390537596522	0.998456342552489	0.975856814728263	0.993651801270829	1	0.983288040969203	0.986291751954434	0.966740269269541	0.958939566791961	0.0953864824409376	0.0893774086493869	0.996103990019685	0	0.994710237575932	0.998590025067636	1	0.953586986629936	0.991436827235752	0.961474395132892	0.992117782086746	1	0.997473455132891	0.98333871278213	0.950500490572356	0.796051333520179	1	0.992403989021337	0.995414382282538	0.937700077442916	0	0.989866590963143	1	0.816440902000499	0.274915490743484	1	0.973422143446276	0.961315672556806	0.998848978218084	0.94290026582707	0.976442678642617	1	1	0.989133875762314	0.969109511037357	0.999946307638425	0.925544772030593	0.979025038537934	0.991177716796368	0.175538285822752	0.194060485233614	0.997605406037204	0.976760860722562	0.967208570220713	0.97267683897663	0.999495551938528	0.974181774291663	0.999973397404974	1	0.117035748808891	0.985273924259246	0.99742825863335	0.993580347519262	0.991617021674165	0.977465460130358	0.995585827989608	0.99711493658714	0.178770879860333	0.994664704032995	0.999153081470907	0.977014187509043	0.988728695227864	0.997513703695838	0.958518864485565	0.977897178982163	0.976548111930604	0.959160185312996	0.996880421165097	1	0.994074234567953	0.974185292146419	0.983159944014414	0.978180253111453	0.99978271149223	0.999316807755856	0.986344794337632	0.989477600978334	0.946283682275812	0.980371652351571	0.908511673655785	0.991060504585148	0.973960918024152	0.981358745213962	0.994836206903823	0.99778844025527	0.997836639610726	0.998040997680602	0.999984477171034	0.972850573309089	0.650706809180266	0.881598763268836	1	0.960168621786417	0.948846345885214	1	0.963275026756023	0	0.995076347892105	0.902684101146571	0.984107087871062	0.999038727999976	0.978957260037635	0.99884397622181	0.915985445019826	0.953967219068785	0.999493224100751	0.976373379538277	0.586850984772695	0.994810516026281	0.900456585430342	0.984186505523959	0.999957757474572	0.999920782810396	0.990918509456747	0.989594819889869	0.527955182054926	1	0.995049954923485	1	0.855463930939873	0.997183506206887	1	0.930886954410647	0.988082436377857	0.977897027349804	0.996614557267413	0.997152742800031	0.99933493489679	0.953264365514167	0.997475162122922	0.921401497427775	1	0.581459440815959	0.985864501075384	0.998176330337283	0.994383856136735	0.982202271521584	0.991829025638616	0.967719124203629	0.998830819905112	0.993401807140564	0.802395250842679	0.979344669231147	0.996450542860555	0.985772210286556	0.776605268563084	1	0.99570817902303	0.362755107730259	1	0.995106719384025	0.995675334579219	0.982887560018971	0.991364669251498	0.966350937598702	0.997250169693944	0.997494731350634	0.382293432626451	0.15728388208779	0.850785660116986	0.98842706328405	0.997262045627944	0.998125485544267	0.991262814574712	0.980105180703459	0.989569342493727	0.941033213165149	0.995335074800223	0.897679472032176	0.584139436139942	0.770218224341959	0.985307438442512	0.943403233441793	1	0.997292794946619	0.994623647565045	0.985390947982909	0.954597254702905	0.998208211027865	1	0.996814854058064	1	0.985002030526128	1	0	0.999970421078304	0.999030860449751	1	0.999867466459677	0.976854316337843	0	0.874457655277955	0.986985738671997	0.297996584112666	1	0.926431257831059	0.998924983458735	0.989259450847145	0.972856905495091	0.975653697418377	0.984442154013025	0.988826921688336	0.994104704384986	0.236270006273742	0.992411727231317	0.983860613497276	0.979641095694842	0.980626032735009	1	0.972926768705193	0.98642895638234	0.973771973589805	0	0.993453959410472	1	0.996584671946329	0.639045990656868	0.998401951799992	0.950154912308976	0.995854800588886	0.316682353443778	0.383724361521194
"SRR5928400"	0.753228033686577	0.129831107465947	0.0407042926301716	0.0577658110246984	0.219183821549194	0.0152622883956556	0.0834293689073278	0.144481557675879	0.110416259635434	0.295806311252391	0.351171012447726	0.987550087754064	0.988042365395419	0.0207858118089622	0.994710237575932	0	0.0599429592084239	0.0834293689073278	0.384781406382851	0.0458304769617259	0.334072198655142	0.0366235688527832	0.0834293689073278	0.042013066773028	0.143927002180804	0.402766811342823	0.780825716071003	0.0834293689073278	0.0327041758438724	0.010401116892029	0.468240806408657	0.994710237575932	0.0664469068140756	0.0834293689073278	0.757545947931252	0.969400593958342	0.0834293689073278	0.241097026545322	0.335166784275353	0.0641843112599353	0.443261795903558	0.213736225899789	0.0834293689073278	0.0834293689073278	0.0757850940876471	0.277256219671989	0.0825170934740412	0.519499942478858	0.188866474873664	0.0492907618215526	0.980349722445135	0.978497862964622	0.0441021705301678	0.210748229267036	0.292209087895383	0.24758062593784	0.0749150474362139	0.234382451603223	0.082977189100632	0.0834293689073278	0.985724928667346	0.122237638275108	0.0412993002248729	0.0162769195741759	0.0434101788600726	0.204056447498179	0.0129643391705003	0.0363762901953237	0.980032084962633	0.000665684396372658	0.069206085435535	0.208354285301693	0.0808745621398483	0.0426494667962139	0.353932057660064	0.199904406892228	0.212748429891147	0.349714550266392	0.032720019232371	0.0834293689073278	0.0092235667996357	0.234351102598572	0.1458804941781	0.19716021255656	0.0797463597144641	0.0719282582955294	0.109792098927074	0.0714262273658412	0.425860623115026	0.175314237494659	0.578158134567009	0.0508483833097043	0.236345878628224	0.165111679115753	0.00184596224884925	0.047013104409435	0.0477821930771712	0.0510548373283352	0.0831654751654063	0.246078373268646	0.880816410301131	0.648953787785582	0.0834293689073278	0.342981037719684	0.412021249609173	0.0834293689073278	0.321421646807753	0.994710237575932	0.00538274409385213	0.595446669282993	0.135435460266146	0.0673125036213213	0.189537721330544	0.064102082191847	0.554041888671497	0.382498205032982	0.0748760489931208	0.214384241388486	0.905633891380365	0.00146896858876945	0.601736703128519	0.134548882034612	0.0827115138730218	0.0820839134802196	0.052728972024622	0.0699309715763213	0.923317916970626	0.0834293689073278	0.00499288634310062	0.0834293689073278	0.700518802750384	0.0374499369943301	0.0834293689073278	0.498093766811614	0.0888850044840943	0.199905872219561	0.0286041808819516	0.0369679927371309	0.0722304484915307	0.386706767185472	0.0420400424505044	0.53502563429478	0.0834293689073278	0.907430889266604	0.115414301148513	0.0532326800340366	0.00475330280048418	0.156206333708881	0.0405479076887605	0.288248903246583	0.0638858592386031	0.0188036318736566	0.773966024896452	0.185687122357733	0.0260803945563899	0.116487085171958	0.799989837969508	0.0834293689073278	0.0148010302828698	0.957152398732136	0.0834293689073278	0.00583172052087238	0.0143073681740641	0.148841130853726	0.0467964693709937	0.298771629111173	0.0384957417712505	0.0423493899897424	0.954001197009498	0.982101082266856	0.70843798903647	0.0846295743399204	0.0386822570313402	0.0524134658184825	0.0481569126214228	0.178029061955829	0.070256345335186	0.452466151451338	0.0092195284235526	0.609347847529356	0.906542657524634	0.805737666642172	0.121853044126766	0.440734942740572	0.0834293689073278	0.039165477089029	0.00126520426479664	0.120893362506892	0.378681203680622	0.053746955061358	0.0834293689073278	0.0317021066967215	0.0834293689073278	0.125346248824355	0.0834293689073278	0.994710237575932	0.0829266208372481	0.0671824565620918	0.0834293689073278	0.0811801373140322	0.209866625804042	0.994710237575932	0.66442836061246	0.102185123529528	0.96645298676956	0.0834293689073278	0.516059825423635	0.0654352522022078	0.0741970735109471	0.246023515923247	0.221056297590855	0.131683466521875	0.079645542641131	0.00878531744116624	0.973969471908409	0.0325977930105718	0.138176278770342	0.182717952536105	0.172707096240899	0.0834293689073278	0.245417786462328	0.108800074695728	0.238018278502294	0.994710237575932	0.0180668268173236	0.0834293689073278	0.0281434504533227	0.885900210422689	0.0568824095527572	0.404721741250768	0.0170103027800472	0.963933979974002	0.953763336942905
"SRR5928454"	0.780010514684126	0.188393559506237	0.019282967006305	0.00218426967561826	0.275715918447509	0.0751405202720928	0.0235975263877474	0.202770986869495	0.169304116949477	0.349907367016179	0.403123893053285	0.992190148314415	0.992630312186863	0.0392031393352894	0.998590025067636	0.0599429592084239	0	0.0235975263877474	0.435271400309685	0.105500536570822	0.386723360440256	0.0963673303503808	0.0235975263877474	0.0179725098369784	0.202227195444252	0.452425011179285	0.80527960197559	0.0235975263877474	0.0924764371629441	0.0495709428537936	0.514584367116596	0.998590025067636	0.125917634279052	0.0235975263877474	0.783969080289519	0.975945817484924	0.0235975263877474	0.296998510002667	0.387774176130869	0.00425677271999022	0.490922804109157	0.270417019455552	0.0235975263877474	0.0235975263877474	0.135149965785305	0.332003788457722	0.0226797615853251	0.562937003813684	0.246185151593994	0.108930674318798	0.985749383335087	0.984092083165952	0.0158803174204943	0.267509215153936	0.346438397641929	0.303285572384633	0.0150356631002331	0.290482686765292	0.0231426138435909	0.0235975263877474	0.990558003026523	0.18093230910066	0.0186872183149366	0.0761499210817881	0.103100530517847	0.260993511165612	0.0470130203506243	0.0236151535254343	0.985465140678434	0.06060636651332	0.00929945037358864	0.265178820792927	0.140177661871183	0.0173352213037812	0.405769272378493	0.25694827457434	0.269455841308893	0.401728119338501	0.0272733068737796	0.0235975263877474	0.0691305375960191	0.29045225426102	0.204142619628424	0.254273640666084	0.0198929377337059	0.012034154081136	0.168689727742783	0.130841716533575	0.474400904693453	0.232952160334321	0.617936730915074	0.110474289261687	0.292388500466703	0.222976707218191	0.0581030505858016	0.0129642549497204	0.012193650816213	0.00891380773421053	0.023332034975872	0.301829261369749	0.896205360619067	0.683849046035135	0.0235975263877474	0.395272255347474	0.461238185844114	0.0235975263877474	0.374569420875037	0.998590025067636	0.0545767959199364	0.634079767408997	0.193896257499662	0.00739764939681855	0.246840065088951	0.00417422524086176	0.595367343564783	0.433091354609312	0.014996465911945	0.271047515531733	0.918621701869899	0.058478839094027	0.63994547881144	0.193025990552439	0.022875343894366	0.0222440082958784	0.112337606640335	0.129363338053267	0.934558344737269	0.0235975263877474	0.0549655623228434	0.0235975263877474	0.731538271555713	0.0225406665962295	0.0235975263877474	0.542777695135319	0.148085058161888	0.256949702539389	0.0313894548882686	0.0230230041169074	0.0123377873675085	0.437109345444318	0.0179454974287779	0.577528770720461	0.0235975263877474	0.920242517303225	0.174222360938461	0.0067305009634051	0.0646789099095632	0.214260283310073	0.100261412639344	0.342617804954251	0.00395716868910848	0.0786631064215385	0.799005751247728	0.243082492830747	0.0339124838512409	0.175277657800798	0.822782411875404	0.0235975263877474	0.0451796712693591	0.964965478396068	0.0235975263877474	0.0541290551304985	0.0456724724963788	0.207044763757287	0.106458247396867	0.352765918985241	0.0214939180019484	0.0176357227803342	0.962138139337962	0.987316440488493	0.738838583150352	0.143885255769869	0.0213072214028035	0.00755183369753236	0.107806850760833	0.235604637801152	0.129685060398575	0.499649271308518	0.0507498388892591	0.647037795667933	0.919441409255914	0.828024908911734	0.18055424257066	0.488525596956959	0.0235975263877474	0.0208235132112618	0.0612037929559866	0.17961077828988	0.429445577839116	0.00621485707742739	0.0235975263877474	0.0282914743084361	0.0235975263877474	0.183987559738858	0.0235975263877474	0.998590025067636	0.0230917414225223	0.0072670528381054	0.0235975263877474	0.0213349321874559	0.26665108712122	0.998590025067636	0.698188599461043	0.161198384065597	0.973304643434427	0.0235975263877474	0.559700458888768	0.00551265245338298	0.133580630586378	0.301776077053367	0.277536540470516	0.190212701773463	0.138963822599478	0.068694214545382	0.980038068761927	0.0923708039389021	0.196586103818237	0.240183951375627	0.230404135335578	0.0235975263877474	0.301188799419605	0.167713145542153	0.294011497992846	0.998590025067636	0.0779303198720312	0.0235975263877474	0.0318501007733909	0.900802164020282	0.00307040717892262	0.454287477377969	0.0429739146794003	0.971046852012865	0.961924686444809
"SRR5928181"	0.789918004018251	0.211107412683941	0.0428621292896069	0.0257805448813232	0.29749098567285	0.0985734744819501	0	0.225353219453453	0.192178715481573	0.370623462897448	0.422933222968152	0.99387729845637	0.994298453627036	0.0627460108210006	1	0.0834293689073278	0.0235975263877474	0	0.454473602144294	0.128796151422031	0.406825216843403	0.11970853991261	0	0.0415534427287181	0.224814571131965	0.471285003128532	0.814307209533871	0	0.115835952775654	0.0730879693622319	0.53209815559818	1	0.149098021863205	0	0.793740508590241	0.978328847759373	0	0.318494300745317	0.407857638748481	0.0193425831031976	0.508968625610609	0.292258550331894	0	0	0.158272219562691	0.352997340942746	0.000918227514612389	0.579288883634392	0.268315006107857	0.132208214846732	0.987713759216728	0.9861275139052	0.0394639192461285	0.289386697902839	0.367209340042813	0.324695087160471	0.00856472455289591	0.312066076339471	0.000455146581871004	0	0.992315567839666	0.203710894636597	0.0422671949807137	0.09957896325717	0.126408483099887	0.28295021396529	0.0705368655766861	0.0471879203051778	0.987441711262309	0.0840906559565809	0.0143010309413297	0.287084850056646	0.163266679397202	0.0409169877283617	0.42553032856801	0.27895322831771	0.291309296933554	0.421562797826278	0.0508400251051903	0	0.0925858518296457	0.312036048631359	0.226711821938746	0.276310104656458	0.00370622680179141	0.0115664650107119	0.191569234109308	0.15399156536643	0.492803953859615	0.255228639622088	0.632845377741935	0.133743526792714	0.313946459594652	0.245358655038622	0.0815952387702846	0.0365512527045784	0.0357814829533202	0.0325048963705549	0.000265629117110613	0.323258913919097	0.901844742209181	0.696858257494267	0	0.415223082267023	0.47991742455449	0	0.394880548827371	1	0.0780796401834517	0.648540306477995	0.216560805809361	0.0162025401616356	0.268962464241624	0.0194251027592709	0.61088385682674	0.452336138707827	0.00860392734456794	0.292881202340411	0.923372507542861	0.0819698592337277	0.65424044439537	0.215698424956381	0.000722549739770702	0.0013541873812969	0.135596681575583	0.152522467827146	0.938664650533188	0	0.0784672587498591	0	0.743058159802185	0.0461150972356706	0	0.559626178932729	0.171119552612329	0.278954639376268	0.054948657965531	0.0465966941822048	0.0112628265192701	0.456275487845523	0.0415264660166822	0.59351034730028	0	0.924928259748207	0.197057074337501	0.0303234926490061	0.0881497569069348	0.236730823395616	0.123583632233277	0.363448548832759	0.0196420847064335	0.102082212896504	0.808254328422367	0.265247412473984	0.0574667092234119	0.198103674744165	0.8311847969096	0	0.0687082254771207	0.967812664100625	0	0.0776332130656639	0.0691997755633537	0.229586124485665	0.129748868021474	0.373436426963098	0.0450699203129468	0.0412170984129501	0.965104027563601	0.98921352543248	0.750121982948833	0.166949051189265	0.0448834989284543	0.0311441343087357	0.131090370167521	0.25785234043387	0.152842178661631	0.517501676779081	0.0742636252748115	0.661130607739506	0.924159323729438	0.836237516682085	0.203336043118539	0.506623977745115	0	0.0444004965934228	0.0846861563586812	0.202400574535605	0.448761115614145	0.0298082673261764	0	0.0518564035089643	0	0.206739933810011	0	1	0.000506044602855559	0.0163331107879758	0	0.00226366726524606	0.288539109202013	1	0.710760126486081	0.184136398785737	0.975799778871248	0	0.57613324008585	0.01808708933079	0.156713030827943	0.323206463284583	0.299288489139826	0.212910402138759	0.16206096623668	0.0921510899434204	0.982246828852107	0.115730807222786	0.219226067632672	0.262381249193152	0.252707968331322	0	0.322627279005327	0.190600418876943	0.315547675724785	1	0.101352352190172	0	0.0554084160905273	0.906261043504963	0.0266661143774895	0.473109550115581	0.0665079371450311	0.97363758950137	0.964899522713396
"SRR5928231"	0.506731261115575	0.267534580827143	0.419302160595055	0.433475179391986	0.179882124671574	0.371573751817062	0.454473602144294	0.253573358972267	0.285798201245084	0.0996552450336844	0.0385100099020182	0.938585838082245	0.939613322645614	0.40253583186415	0.953586986629936	0.384781406382851	0.435271400309685	0.454473602144294	0	0.344674047580953	0.057691937052586	0.35283958207287	0.454473602144294	0.420395472338978	0.25410467281344	0.0210582917984437	0.552281467346448	0.454473602144294	0.356298931628936	0.393698933039468	0.10051040746686	0.953586986629936	0.326187059279963	0.454473602144294	0.51377516743139	0.901098469798111	0.454473602144294	0.157436408866505	0.0564721044143538	0.438762706904855	0.069668799747392	0.185402145540147	0.454473602144294	0.454473602144294	0.317719958468445	0.119532229818402	0.453733659970959	0.16595355872933	0.210305404161153	0.341590807804726	0.923622153828025	0.919793202682062	0.422138534061201	0.188419848935306	0.103533132940729	0.150720193969761	0.447549159452341	0.16435554069162	0.454106900651407	0.454473602144294	0.93478133144349	0.274709797180166	0.419799339226135	0.37069050327426	0.346825953207732	0.19515256713185	0.395886269562699	0.415679386059593	0.922964832556577	0.384208384689966	0.442882891304317	0.190832494324458	0.313080397143	0.420926733396281	0.0353870273430379	0.199312314010583	0.186400545575652	0.0401545130261445	0.412610138051878	0.454473602144294	0.376817052578117	0.164387758452943	0.252232050947646	0.202054204076324	0.451483416740044	0.445110228756696	0.28638091217978	0.321679539945699	0.0485736332423308	0.223674182519824	0.244615746701614	0.340200339811999	0.162336107481035	0.233646497314626	0.386368967266679	0.424562970762018	0.425202684042289	0.4279208934116	0.454259608021878	0.152279427100409	0.72852133457168	0.345376072254749	0.454473602144294	0.0477316154475358	0.0320195931579512	0.454473602144294	0.07171055744267	0.953586986629936	0.389404743257079	0.268613538937201	0.26221229086892	0.441330994661686	0.209639580660345	0.438695118997831	0.211768850223057	0.00265050749018527	0.447517347497363	0.184746752718662	0.77520756876274	0.386044918369865	0.277439959928962	0.263055761156237	0.453891393231954	0.453382143458872	0.338519431344637	0.323034870076237	0.80924421665629	0.454473602144294	0.389070491975818	0.454473602144294	0.423126352956494	0.416579132533282	0.454473602144294	0.138263361132031	0.305742263490277	0.199310848343531	0.40914547824817	0.416175335012347	0.445357222930158	0.00223906323179973	0.420417996291189	0.186370331151907	0.454473602144294	0.778636612758061	0.281122154398837	0.429726272544076	0.380683689327642	0.242287000008549	0.349365877292905	0.107789248984128	0.438517376483378	0.368488128649495	0.540841274447775	0.213454353959884	0.407015924650471	0.280116178781692	0.584666599085663	0.454473602144294	0.397451132483089	0.876226622266002	0.454473602144294	0.3897895642173	0.397030735404844	0.249388637005853	0.343814104426896	0.0964500424460869	0.417454882878988	0.420676262019874	0.869882180607862	0.927250647698824	0.435413177771076	0.309646010635668	0.41761100081619	0.429047491746722	0.342601975391852	0.221007349316888	0.322740072980479	0.0809557403838848	0.392689256070719	0.288189244499984	0.776940851727256	0.594503569372527	0.275072108712612	0.0665858909036354	0.454473602144294	0.418015371319988	0.383692080812892	0.275975727812974	0.00707021210187209	0.43015218627775	0.454473602144294	0.411754223177299	0.454473602144294	0.271777410696857	0.454473602144294	0.953586986629936	0.454065884364295	0.441224337508665	0.454473602144294	0.452648402894832	0.189308866345987	0.953586986629936	0.368306982490727	0.293460724481493	0.895081862903557	0.454473602144294	0.161467930185553	0.439790428489324	0.319163999760495	0.152336329921068	0.1779792842041	0.265777960682341	0.31420238542829	0.377196679907928	0.910463632717046	0.356392689061477	0.259601131255455	0.216388115614794	0.226229968364739	0.454473602144294	0.15296448026929	0.287306492702338	0.160613523221651	0.953586986629936	0.369130774036595	0.454473602144294	0.408757004717047	0.737984201068893	0.432745551442403	0.0233666077999861	0.399330692880831	0.889955756602125	0.869404185818001
"SRR5928249"	0.731163272213012	0.0844739031169447	0.0863830370507124	0.103338689163599	0.175008649711221	0.0305883344132813	0.128796151422031	0.099270009281174	0.0648949932022817	0.253208009731143	0.310038880117358	0.983637989405771	0.984174017241468	0.0665565896269553	0.991436827235752	0.0458304769617259	0.105500536570822	0.128796151422031	0.344674047580953	0	0.292457848521684	0.00922148186278084	0.128796151422031	0.0876845728374657	0.0987095975435642	0.363249819106274	0.760624401484831	0.128796151422031	0.013144852187963	0.0562063662769529	0.431121550659138	0.991436827235752	0.0206757149247989	0.128796151422031	0.735767952949221	0.963892087471527	0.128796151422031	0.197319468716573	0.293582514778364	0.109710917551857	0.405181647580628	0.169468817347348	0.128796151422031	0.128796151422031	0.0300529005410474	0.234228144659452	0.127892165311272	0.484531663576268	0.144211340134187	0.00346766071157653	0.975800423608049	0.973785504875312	0.0897618184688833	0.166431345298541	0.249525039690085	0.203928889247796	0.120356435868354	0.190478528571566	0.128348089177816	0.128796151422031	0.981650830516904	0.0768123394412647	0.086974772066863	0.0295743302902573	0.00242484049565955	0.15963162738644	0.0587619418276927	0.082077925936615	0.975454793734715	0.0451660900162291	0.114694035116087	0.163998332593204	0.0351668163969089	0.0883174001361232	0.312880262564712	0.155414607224181	0.168464577880981	0.308540316694627	0.0784397421079438	0.128796151422031	0.0366214863821179	0.190446598985731	0.100683838826293	0.152628302717199	0.125146172754871	0.117394353351638	0.0642661050128013	0.0256748868059802	0.387144753124818	0.130470813842799	0.545948641541828	0.00502894112982299	0.192478492032272	0.120137185465964	0.0476726416729641	0.0926556061165109	0.0934200434675521	0.0966723292352288	0.128534662821243	0.202397151045081	0.867977577076099	0.620499941353959	0.128796151422031	0.301614647128786	0.372819470923916	0.128796151422031	0.279467461286938	0.991436827235752	0.051201327957272	0.564111172374612	0.0901317523581332	0.112815282628661	0.144892333768143	0.109629303544487	0.520659611254733	0.342317997866406	0.120317764923075	0.170127667038151	0.894771751671539	0.0472964474162113	0.570726092303347	0.0892365279979248	0.128084825070545	0.127462896541011	0.00691422775474509	0.0241734434110434	0.913900766514376	0.128796151422031	0.0508124153859578	0.128796151422031	0.675096090590178	0.0831460438277463	0.128796151422031	0.462197860167426	0.043220305325402	0.155416095215049	0.074342892431356	0.0826665936389176	0.117694078450768	0.346661206350812	0.0877113977787149	0.500756580743083	0.128796151422031	0.896714198104656	0.0699321184823142	0.0988361161200957	0.0410856015917914	0.111124922880841	0.00529182870348812	0.245471795434442	0.109414695149186	0.0270487933273593	0.753294751488108	0.140986360502298	0.0718300307818072	0.0710135761497796	0.781125279276277	0.128796151422031	0.0605928061664616	0.950584788227446	0.128796151422031	0.0516491996676492	0.0601007386681602	0.103676560913565	0.000967947085153737	0.256244882603801	0.0841863680740829	0.0880190122717227	0.947163474251357	0.977706302931673	0.683502990103957	0.0389413115188351	0.0843718960524957	0.09802223673397	0.00233128031836356	0.133222059661974	0.0245001470738466	0.414733440068453	0.0550281124811863	0.578735290610314	0.895754033928784	0.787280884677803	0.0764244307426967	0.402560766460652	0.128796151422031	0.0848525444120933	0.0445677059707187	0.0754565347373501	0.338380264439224	0.0993470127889482	0.128796151422031	0.0774266610407694	0.128796151422031	0.0799482161557424	0.128796151422031	0.991436827235752	0.128297980307297	0.112686242780262	0.128796151422031	0.126567229165323	0.165535295215264	0.991436827235752	0.636857882283543	0.0566042478135338	0.960688258821983	0.128796151422031	0.480939624438856	0.110952430421852	0.0284577130057601	0.202341220783359	0.17691343712834	0.0863436393888124	0.0339316867368553	0.0370592091107265	0.968859797673957	0.013251324450231	0.0928997358079239	0.137975385368032	0.127829307220604	0.128796151422031	0.201723662078209	0.0632666370898896	0.194182282812899	0.991436827235752	0.0277853125767305	0.128796151422031	0.0738841971499154	0.873461438223374	0.10246138057894	0.365270687400357	0.0627946856793577	0.95795096067866	0.946905264870459
"SRR5928433"	0.549302899034218	0.212937228065852	0.370038619833279	0.384845180234247	0.123395944333611	0.320347843448975	0.406825216843403	0.198617266478692	0.231703449283123	0.0421917090190558	0.0192221382661275	0.94794646128048	0.948873709060765	0.35255292347064	0.961474395132892	0.334072198655142	0.386723360440256	0.406825216843403	0.057691937052586	0.292457848521684	0	0.300915206445597	0.406825216843403	0.371179972707639	0.199161829528164	0.0786602481761518	0.592206791171508	0.406825216843403	0.304500494980294	0.343349970949367	0.157343271648559	0.961474395132892	0.273338386290128	0.406825216843403	0.555951079095005	0.9140487162912	0.406825216843403	0.10060486098322	0.0012235861633263	0.390375045089984	0.126880556654891	0.129009501936712	0.406825216843403	0.406825216843403	0.264594657057918	0.0622444557070141	0.406049810685004	0.221647383116563	0.154377083223638	0.289266406813034	0.934431397007867	0.930969760612573	0.372999913120399	0.132079778292405	0.0461004678077338	0.0937961972367192	0.399571397626524	0.107624477099948	0.406440932074992	0.406825216843403	0.944512247597328	0.220305392749732	0.370557627754102	0.319430758030487	0.294685917826773	0.138933457656684	0.345627073308096	0.366257648492513	0.933837230657206	0.333476342228569	0.394686321664081	0.134535187291241	0.259806986925141	0.371734627956413	0.0223478683948046	0.143170472200149	0.130025183048405	0.0175757611301294	0.363055565843641	0.406825216843403	0.325793862525798	0.10765717520283	0.197242652459856	0.145964351781746	0.403692110342676	0.397017785489575	0.232302818633567	0.268682582910704	0.105985917253666	0.168023783205528	0.298343337777051	0.287827498668352	0.105575166174182	0.178216483906465	0.33572322124339	0.375531867518111	0.376200064311385	0.379039833361373	0.406600959831126	0.0953764467458877	0.756283878429214	0.395645189289717	0.406825216843403	0.00998621433314164	0.0895557615321083	0.406825216843403	0.0140734423086579	0.961474395132892	0.338881160421792	0.321612678064217	0.207475580695425	0.393062216684172	0.153697942144404	0.390304338969402	0.2663962774017	0.055049355525926	0.399538085371563	0.128342825576263	0.799243103053913	0.335386195078742	0.330156139717954	0.208340922543727	0.406215098433754	0.40568146906375	0.286088327538588	0.270082255400203	0.830431018474855	0.406825216843403	0.338533406349615	0.406825216843403	0.470015083824018	0.367196542354152	0.406825216843403	0.19449451666257	0.252239608034365	0.143168978967292	0.359442270384762	0.366775164249433	0.397276362069163	0.0599237118229579	0.371203487841729	0.241616171793107	0.406825216843403	0.802390161782627	0.226895119875657	0.38092642449878	0.329812021935067	0.187056988103031	0.297316422178712	0.050392372412163	0.390118398722943	0.317144402494141	0.58145063129551	0.157589690657605	0.357222048024463	0.225861010028491	0.622585291700863	0.406825216843403	0.347256495820515	0.891485763191635	0.406825216843403	0.339281543019604	0.346818727132123	0.194329305271614	0.291567617332552	0.0389622402357474	0.368110486215697	0.371473122938779	0.88572096720146	0.937710541012131	0.481711555245312	0.256264545387913	0.368273422164813	0.380217065421164	0.290312939851209	0.165299907779162	0.269777795571085	0.138040626177346	0.342299044492794	0.340549927782831	0.800833991188363	0.631792246926607	0.22067760182887	0.12382993045611	0.406825216843403	0.3686954655612	0.332939496250187	0.221605970605249	0.0506411743864295	0.381371552496416	0.406825216843403	0.362162802398922	0.406825216843403	0.217293447210408	0.406825216843403	0.961474395132892	0.406397950039797	0.392950607174295	0.406825216843403	0.404912654953937	0.132984477679152	0.961474395132892	0.417643156482598	0.239588107337972	0.90859597207142	0.406825216843403	0.21725429488377	0.391450246835983	0.266085297642803	0.0954341216456316	0.12146164812305	0.211134258783509	0.260964567390141	0.326188290097177	0.922529439925356	0.304597684814118	0.204797222455604	0.160583760545963	0.170634985826147	0.406825216843403	0.0960708188674416	0.233254938694167	0.103827454569766	0.961474395132892	0.317811495542101	0.406825216843403	0.359037217867321	0.765008242702685	0.38408236748264	0.0809557871552598	0.349213973195343	0.903947590448996	0.885286489629158
"SRR5928470"	0.735714077194245	0.093626713132701	0.0772194729392592	0.0942017309465882	0.183950608841208	0.0213725288869908	0.11970853991261	0.108398059076604	0.0740747364824938	0.261853796267049	0.318403225443235	0.984451600020719	0.984978543138494	0.0573682604815976	0.992117782086746	0.0366235688527832	0.0963673303503808	0.11970853991261	0.35283958207287	0.00922148186278084	0.300915206445597	0	0.11970853991261	0.0785228737077658	0.107838654242161	0.371300219785412	0.764794949793583	0.11970853991261	0.00392381816321148	0.0470078253991341	0.438700838046741	0.992117782086746	0.0298918305556718	0.11970853991261	0.740260299759667	0.965036965987163	0.11970853991261	0.206187694966536	0.302034082088507	0.100585252242857	0.412950335637587	0.178427751284785	0.11970853991261	0.11970853991261	0.0392641367698234	0.242955518123754	0.118802608206333	0.491684599555913	0.15324094159722	0.012688760531408	0.97674631154439	0.974765231255976	0.0806031569173912	0.175399361272198	0.2581871438687	0.212773621398516	0.111251214045407	0.199370277118412	0.119259511551159	0.11970853991261	0.982498077503304	0.0859764800689305	0.0778120522027178	0.0203580760960025	0.00679678446825175	0.168619396254092	0.0495657491132109	0.0729084030217974	0.976406491045905	0.0359587099026923	0.105577693597046	0.172973508214987	0.0443747486947557	0.0791566184421531	0.321229075715251	0.164414224690843	0.177426532142732	0.316912797778915	0.069265434941445	0.11970853991261	0.0274087197945989	0.19933845542545	0.109809324194506	0.161635580158462	0.116050792921124	0.108283245000436	0.0734466032774007	0.0348885910194296	0.395038323898272	0.139534225322068	0.552550852414403	0.014249800775802	0.201363447420833	0.129223871457131	0.0384670824421241	0.0835013013666854	0.0842669139695614	0.0875243135232314	0.119446487061943	0.211247395144467	0.870637571515357	0.626346895002346	0.11970853991261	0.310024225424978	0.380808241663308	0.11970853991261	0.287990123298267	0.992117782086746	0.0419985172662082	0.570538143544197	0.0992755421903375	0.103695375036491	0.153920174618323	0.100503489128679	0.527496414859665	0.350497711018155	0.111212465265027	0.179084609965226	0.897024195858201	0.0380906079328145	0.577087837528725	0.0983817819986849	0.118995681421938	0.118372420531995	0.0161347409782628	0.0333879174328313	0.915854798307337	0.11970853991261	0.0416092911504154	0.11970853991261	0.680329698592536	0.0739779692357496	0.11970853991261	0.469535032167959	0.0524221147242783	0.164415708555127	0.0651634735517621	0.0734978664770096	0.108583558791925	0.354814707898115	0.0785497373967756	0.507770310238928	0.11970853991261	0.898936623288966	0.0791055672995437	0.0896916046770806	0.0318754908406017	0.12023039829053	0.00392983372544473	0.254151587300572	0.100288489202568	0.0178314993245036	0.757561285320658	0.150024190737167	0.0626476210435582	0.080185616215832	0.785022501957034	0.11970853991261	0.0513983655537745	0.951949192892971	0.11970853991261	0.042446753312531	0.0509058214279258	0.112796503839599	0.0101893433123628	0.264877038058781	0.0750197232029269	0.0788577971242158	0.94858383444966	0.978620120370383	0.68863763266538	0.0481465142282678	0.0752055081318926	0.0888763976442502	0.0115525283362299	0.142278962977359	0.0337144569206266	0.422433729934136	0.0458285272296083	0.585017059785627	0.897991305705735	0.791094642264973	0.0855891179913201	0.410347947980305	0.11970853991261	0.0756868249607923	0.035359907311509	0.0846225745245178	0.346583461526943	0.0902033406412099	0.11970853991261	0.0682510626568801	0.11970853991261	0.0891078421235823	0.11970853991261	0.992117782086746	0.119209294852741	0.103566092512706	0.11970853991261	0.117474846204279	0.17450595990899	0.992117782086746	0.642526407566534	0.0657933935717019	0.961886263982767	0.11970853991261	0.48812276916819	0.101829047629461	0.0376698869901065	0.211191665380487	0.185849437168758	0.0954935298792726	0.0431404585690381	0.0278466876207596	0.969921956713782	0.00403030630521252	0.102038910687726	0.147020735907522	0.136898844015965	0.11970853991261	0.210576316896003	0.0724483211159284	0.203061396521817	0.992117782086746	0.0185683103637437	0.11970853991261	0.0647042241257575	0.876039012645722	0.0933229229594836	0.373308204582647	0.0536024294380259	0.95919421864815	0.948329840030595
"SRR5928209"	0.789918004018251	0.211107412683941	0.0428621292896069	0.0257805448813232	0.29749098567285	0.0985734744819501	0	0.225353219453453	0.192178715481573	0.370623462897448	0.422933222968152	0.99387729845637	0.994298453627036	0.0627460108210006	1	0.0834293689073278	0.0235975263877474	0	0.454473602144294	0.128796151422031	0.406825216843403	0.11970853991261	0	0.0415534427287181	0.224814571131965	0.471285003128532	0.814307209533871	0	0.115835952775654	0.0730879693622319	0.53209815559818	1	0.149098021863205	0	0.793740508590241	0.978328847759373	0	0.318494300745317	0.407857638748481	0.0193425831031976	0.508968625610609	0.292258550331894	0	0	0.158272219562691	0.352997340942746	0.000918227514612389	0.579288883634392	0.268315006107857	0.132208214846732	0.987713759216728	0.9861275139052	0.0394639192461285	0.289386697902839	0.367209340042813	0.324695087160471	0.00856472455289591	0.312066076339471	0.000455146581871004	0	0.992315567839666	0.203710894636597	0.0422671949807137	0.09957896325717	0.126408483099887	0.28295021396529	0.0705368655766861	0.0471879203051778	0.987441711262309	0.0840906559565809	0.0143010309413297	0.287084850056646	0.163266679397202	0.0409169877283617	0.42553032856801	0.27895322831771	0.291309296933554	0.421562797826278	0.0508400251051903	0	0.0925858518296457	0.312036048631359	0.226711821938746	0.276310104656458	0.00370622680179141	0.0115664650107119	0.191569234109308	0.15399156536643	0.492803953859615	0.255228639622088	0.632845377741935	0.133743526792714	0.313946459594652	0.245358655038622	0.0815952387702846	0.0365512527045784	0.0357814829533202	0.0325048963705549	0.000265629117110613	0.323258913919097	0.901844742209181	0.696858257494267	0	0.415223082267023	0.47991742455449	0	0.394880548827371	1	0.0780796401834517	0.648540306477995	0.216560805809361	0.0162025401616356	0.268962464241624	0.0194251027592709	0.61088385682674	0.452336138707827	0.00860392734456794	0.292881202340411	0.923372507542861	0.0819698592337277	0.65424044439537	0.215698424956381	0.000722549739770702	0.0013541873812969	0.135596681575583	0.152522467827146	0.938664650533188	0	0.0784672587498591	0	0.743058159802185	0.0461150972356706	0	0.559626178932729	0.171119552612329	0.278954639376268	0.054948657965531	0.0465966941822048	0.0112628265192701	0.456275487845523	0.0415264660166822	0.59351034730028	0	0.924928259748207	0.197057074337501	0.0303234926490061	0.0881497569069348	0.236730823395616	0.123583632233277	0.363448548832759	0.0196420847064335	0.102082212896504	0.808254328422367	0.265247412473984	0.0574667092234119	0.198103674744165	0.8311847969096	0	0.0687082254771207	0.967812664100625	0	0.0776332130656639	0.0691997755633537	0.229586124485665	0.129748868021474	0.373436426963098	0.0450699203129468	0.0412170984129501	0.965104027563601	0.98921352543248	0.750121982948833	0.166949051189265	0.0448834989284543	0.0311441343087357	0.131090370167521	0.25785234043387	0.152842178661631	0.517501676779081	0.0742636252748115	0.661130607739506	0.924159323729438	0.836237516682085	0.203336043118539	0.506623977745115	0	0.0444004965934228	0.0846861563586812	0.202400574535605	0.448761115614145	0.0298082673261764	0	0.0518564035089643	0	0.206739933810011	0	1	0.000506044602855559	0.0163331107879758	0	0.00226366726524606	0.288539109202013	1	0.710760126486081	0.184136398785737	0.975799778871248	0	0.57613324008585	0.01808708933079	0.156713030827943	0.323206463284583	0.299288489139826	0.212910402138759	0.16206096623668	0.0921510899434204	0.982246828852107	0.115730807222786	0.219226067632672	0.262381249193152	0.252707968331322	0	0.322627279005327	0.190600418876943	0.315547675724785	1	0.101352352190172	0	0.0554084160905273	0.906261043504963	0.0266661143774895	0.473109550115581	0.0665079371450311	0.97363758950137	0.964899522713396
"SRR5928218"	0.772231244378437	0.170966104850736	0.0013108849319487	0.0157888237682862	0.258951625454041	0.0572407958336998	0.0415534427287181	0.185434776270412	0.151766425225722	0.333912052550459	0.387796880097079	0.990854414222404	0.991309604836107	0.0212447235653915	0.997473455132891	0.042013066773028	0.0179725098369784	0.0415534427287181	0.420395472338978	0.0876845728374657	0.371179972707639	0.0785228737077658	0.0415534427287181	0	0.184887405210169	0.437804401958377	0.798184220148491	0.0415534427287181	0.0746207036588375	0.0316249620605782	0.500974367907033	0.997473455132891	0.108175629463247	0.0415534427287181	0.776295459612014	0.974060341373774	0.0415534427287181	0.28043545640414	0.372244373589931	0.0222276813811261	0.476912309513595	0.253605039439419	0.0415534427287181	0.0415534427287181	0.117446063865896	0.315805579392728	0.0406366751411515	0.550205919990131	0.229167368387319	0.0911261444874546	0.984194556899812	0.982481119982014	0.00209275481210687	0.250671475899748	0.330402908615723	0.2867849428736	0.0329997764431069	0.273856370475305	0.0410990280363554	0.0415534427287181	0.989166609375677	0.163460286244313	0.000714934564836432	0.0582524781076673	0.0852768046781986	0.244099104440687	0.0290636328894869	0.00564489954456566	0.983900679315672	0.0426776273184902	0.0272676691000504	0.248320646720181	0.12249573099689	0.000637475539963023	0.390478030161831	0.240019418609457	0.252635314456467	0.38638233017698	0.00930509163816018	0.0415534427287181	0.0512179456464698	0.273825645920044	0.186815483032269	0.237322315582467	0.0378527049062677	0.030000554367722	0.151148694698583	0.113119672694557	0.460122278180518	0.215830482717781	0.606304364895726	0.0926750354634687	0.275780537018804	0.205780674186471	0.0401700378824824	0.00500935387710305	0.00578005171709313	0.00906006875860177	0.041288242717781	0.285314051332158	0.891757269219015	0.673672566368761	0.0415534427287181	0.379840495892758	0.446752715449712	0.0415534427287181	0.3588716727098	0.997473455132891	0.0366381241595643	0.622789925453407	0.176502890450124	0.0253669836251434	0.229827579492365	0.0221451707804624	0.583271351567478	0.418183707492792	0.0329606110833322	0.254241159125522	0.914871204771062	0.0405464543478991	0.628782351347387	0.175627163583689	0.0408320473232189	0.0402013853614644	0.0945448296091288	0.111635214500531	0.931314630968398	0.0415534427287181	0.0370274937748294	0.0415534427287181	0.722510040813361	0.00456989992164563	0.0415534427287181	0.529670287946108	0.130439425443499	0.240020858636078	0.013424075757963	0.00505246275316935	0.0303039701552457	0.422260286870814	2.7020613890747e-05	0.565078905834609	0.0415534427287181	0.916543150387096	0.156711881151025	0.0112432894490646	0.0467575775762917	0.197002067242458	0.0824287574734819	0.326538548712344	0.0219282100997968	0.0607714941422746	0.791738472779555	0.226039811854793	0.0159491269606546	0.157773124405425	0.816173925434677	0.0415534427287181	0.0272279786590834	0.962713721484023	0.0415534427287181	0.0361896950065233	0.0277213883042972	0.189737038247629	0.0886454357871115	0.33680402125183	0.00352268947537588	0.000336887597525958	0.959792762371004	0.985814783957106	0.729993172468181	0.126220078896607	0.00333591440100161	0.0104220080290363	0.0899985307271929	0.218503304657919	0.111958253566313	0.48578421883646	0.03280550287457	0.636029486940836	0.915716758971152	0.821564362402381	0.163080012022707	0.474475611229469	0.0415534427287181	0.00285200838155458	0.0432761050856058	0.162131059739039	0.414485252865657	0.0117588894524205	0.0415534427287181	0.0103239071694389	0.0415534427287181	0.16653355689835	0.0415534427287181	0.997473455132891	0.0410482108547839	0.0252364591794242	0.0415534427287181	0.039293255576012	0.249805801428141	0.997473455132891	0.68834899727189	0.143617645775024	0.971330671759817	0.0415534427287181	0.54690800375046	0.0234829716147673	0.115870047030113	0.285260335915775	0.260788854388081	0.17279640170562	0.1212765083754	0.0507807361729909	0.97829019826796	0.0745147714571479	0.17920977605881	0.22311830853689	0.213263141239574	0.0415534427287181	0.284667200173445	0.15016682792265	0.277419262230626	0.997473455132891	0.0600369853389791	0.0415534427287181	0.0138850747581939	0.896495673249264	0.0149028769959147	0.439695202556036	0.0250195997426517	0.968997427129743	0.959572253070043
"SRR5928259"	0.678566512033386	0.0143483465738862	0.183618423153665	0.200126160647664	0.0775606354559256	0.128931385072317	0.224814571131965	0.000565630480750707	0.034019795167643	0.158221980368252	0.21759959673056	0.973970661919093	0.974614066128991	0.164250144666619	0.98333871278213	0.143927002180804	0.202227195444252	0.224814571131965	0.25410467281344	0.0987095975435642	0.199161829528164	0.107838654242161	0.224814571131965	0.184887405210169	0	0.273783537381633	0.712268212131412	0.224814571131965	0.111717961952744	0.154110893341313	0.346287549701851	0.98333871278213	0.0781841255934737	0.224814571131965	0.683820918205233	0.950318362381929	0.224814571131965	0.100452101896008	0.200339446929422	0.206316739715333	0.318465014593078	0.0718915754620327	0.224814571131965	0.224814571131965	0.0688490057866732	0.138534411420515	0.223939870930069	0.404016402199122	0.046119905403377	0.0952726425929173	0.964571137321367	0.962157095789953	0.186912064479701	0.0687857652073382	0.154396122703115	0.107252115213467	0.216642615776125	0.0934228498654443	0.224381042652864	0.224814571131965	0.971586053558909	0.0220547098172223	0.184195395577805	0.127932278250108	0.101111650395001	0.061839517195239	0.156616181561512	0.179418819834541	0.964156973111398	0.143274242900527	0.211152751161728	0.0662992981071935	0.0637511516031274	0.185504294345994	0.22058526716184	0.0575360982270278	0.070864545101321	0.216025588812055	0.17586719786121	0.224814571131965	0.134872020297092	0.0933900626828704	0.00199289039808324	0.0546945850019094	0.221281947682593	0.213771502348209	0.0346504618934355	0.0732094097693045	0.299201086758918	0.0321510901698178	0.471145888112402	0.0937244635203543	0.0954769252454718	0.0216695472368374	0.145736506741663	0.189731302637168	0.190475795586667	0.19364205628416	0.224561568754977	0.105675449006365	0.836772179302743	0.553724117194469	0.224814571131965	0.208757109415483	0.283948939794284	0.224814571131965	0.185578153596796	0.98333871278213	0.149200910127613	0.491152705126834	0.00865030955508509	0.209329981750846	0.0468131538744547	0.206237498119028	0.443407143602305	0.251613728139778	0.21660514253367	0.0725654833605807	0.868269587655917	0.145367032244879	0.498457047091501	0.00955229513002953	0.224126301383495	0.223524458061392	0.0918543978733506	0.0747039948780611	0.890861243548663	0.224814571131965	0.148819193367802	0.224814571131965	0.614973116678266	0.180461071824881	0.224814571131965	0.379803835660297	0.0557130922527187	0.057537616100365	0.171864967414924	0.17999325756393	0.214062093642234	0.256206482112606	0.184913556008919	0.421672305540042	0.224814571131965	0.870559648653317	0.0289657470457249	0.195747558847793	0.139263407230867	0.0125448920547133	0.1039502996864	0.150188723484494	0.206029122426421	0.125443028783372	0.703865002945018	0.0428380982364984	0.169408643773266	0.0278800349217867	0.735837367214835	0.224814571131965	0.158410291437765	0.934432149670141	0.224814571131965	0.149640461117097	0.157928161823273	0.00501529058164743	0.09775044443716	0.161378692697445	0.181476005845666	0.185213430540048	0.930354758976921	0.966855455765145	0.624463417656831	0.0599853916758193	0.181656985353811	0.194955700791543	0.0963992045587649	0.0349451534052682	0.0743788191194626	0.328693814076207	0.152955425825096	0.50731368636151	0.86942754355745	0.742933172711392	0.0224445927447471	0.315661670767564	0.224814571131965	0.182125821163174	0.142686262664941	0.0234172913229345	0.247453055279305	0.196244571419095	0.224814571131965	0.174877796146338	0.224814571131965	0.018901833334291	0.224814571131965	0.98333871278213	0.224332556942035	0.209204763912151	0.224814571131965	0.222657595468439	0.0678698956400694	0.98333871278213	0.572006043023483	0.0423280353585134	0.946489697933503	0.224814571131965	0.400115092958779	0.207522016727209	0.0704381889891232	0.105617886890641	0.0795112270926653	0.0124659978715141	0.0649828472714086	0.135302772338163	0.956259869302159	0.111823199063391	0.00586046301099507	0.0397758654913196	0.0294698347323023	0.224814571131965	0.104982350476443	0.0356526037877842	0.0972274280105129	0.98333871278213	0.126169085949694	0.224814571131965	0.171416677545309	0.843204737094749	0.19927329212169	0.275928654080766	0.16056716435198	0.943220533245237	0.93004715033868
"SRR5928273"	0.490602278635427	0.287070059407599	0.436729517521952	0.450660073130216	0.200226269042081	0.389760458996048	0.471285003128532	0.27325775139333	0.305127395451753	0.120475481646955	0.0595228514614693	0.934926791755389	0.935993191258901	0.420239987162426	0.950500490572356	0.402766811342823	0.452425011179285	0.471285003128532	0.0210582917984437	0.363249819106274	0.0786602481761518	0.371300219785412	0.471285003128532	0.437804401958377	0.273783537381633	0	0.537104814043994	0.471285003128532	0.374710011991536	0.411544600399782	0.0796107735643045	0.950500490572356	0.345013926736582	0.471285003128532	0.497787906614376	0.896049880109344	0.471285003128532	0.177939236927978	0.0774436803063328	0.455855156846498	0.0486777510365336	0.205704237107158	0.471285003128532	0.471285003128532	0.336657392881539	0.140258098069586	0.470558511422514	0.14537362267779	0.230402930802128	0.36020937949625	0.919401389209527	0.915430211751607	0.439517989534886	0.208698445859583	0.124336180651236	0.17126665889712	0.464485604719738	0.184811561010641	0.470924970076227	0.471285003128532	0.930978578724423	0.294165784237613	0.437218322147242	0.388890431095212	0.365371634166327	0.215377459247436	0.413697190986177	0.433167472985435	0.918719608081222	0.402202663558884	0.459902557987676	0.211092050565391	0.332077234257908	0.438326692149724	0.056405741837202	0.219503137383244	0.206694903513043	0.0611641069714697	0.430149278812852	0.471285003128532	0.394924654221294	0.18484355642342	0.271930349458323	0.222222200437515	0.468349042672122	0.46209027644688	0.305703310693868	0.340565615534896	0.0275418675062882	0.243651875643476	0.224647046982486	0.358838092549221	0.182805983449851	0.253530248953919	0.404329720546725	0.441901235133891	0.44253004181941	0.445201731515912	0.471074901104507	0.172815919237489	0.717832213648489	0.326554060288556	0.471285003128532	0.0687248645044692	0.0109682649392732	0.471285003128532	0.0926371306714006	0.950500490572356	0.407318085067911	0.248880803234661	0.281805435588885	0.458378152634182	0.229742892670303	0.455788757417657	0.191514719504828	0.0237075533559255	0.464454362966787	0.205053899726586	0.765922122084101	0.40401071141982	0.257799845263072	0.282639840723055	0.470713379223079	0.470213377279362	0.357180271376927	0.341903225908602	0.801039151343834	0.471285003128532	0.4069890714721	0.471285003128532	0.40546985080318	0.434052184027605	0.471285003128532	0.117527268614018	0.324831344443402	0.219501683839535	0.42674181227624	0.433655138135514	0.462332865388111	0.0188200641047658	0.437826545793002	0.165925191024333	0.471285003128532	0.769457829027361	0.300505402391072	0.446976055416927	0.398732272380722	0.262086212460143	0.367875810556688	0.12857274934906	0.455614139518166	0.386720890291666	0.525417453489007	0.233524284121188	0.424647182072335	0.299510944161512	0.570218719890902	0.471285003128532	0.415237082311931	0.870288565234814	0.471285003128532	0.407696870561385	0.414823403113488	0.269116182440973	0.362401850431388	0.117284038956787	0.43491326986858	0.438080451588695	0.863721372323045	0.923165230294354	0.417963318176271	0.32868628051624	0.435066770484426	0.446308965444536	0.361206551194446	0.241009505470763	0.34161228910632	0.0599937499565647	0.410550899693622	0.268666168970132	0.767709259064189	0.580285576088032	0.294524028598317	0.0455877870534184	0.471285003128532	0.435464357323756	0.401694344353129	0.295417481708688	0.028124561170562	0.447394624432412	0.471285003128532	0.429307536240494	0.471285003128532	0.291266127212845	0.471285003128532	0.950500490572356	0.47088469934473	0.458273381458656	0.471285003128532	0.469492943635423	0.209580473659239	0.950500490572356	0.34980322994621	0.312699499836197	0.889815735322196	0.471285003128532	0.14086061567799	0.45686478504788	0.338082774489695	0.172872456303755	0.198337647906064	0.285332594157787	0.333184933921661	0.395298512746759	0.905756666081745	0.374802419825117	0.279222163246049	0.236431985906964	0.246183956039421	0.471285003128532	0.173496560636692	0.306618069706487	0.181095091582586	0.950500490572356	0.387353974318064	0.471285003128532	0.42635972256153	0.727572290860619	0.449943116734603	0.00230938597007423	0.417086523945078	0.884505482861072	0.863226663398914
"SRR5928479"	0.0618475252900872	0.719691120810082	0.797659187201311	0.80442761257531	0.669534368498077	0.774251258539629	0.814307209533871	0.711972663475901	0.729640850448524	0.619816427566939	0.579192683100825	0.754617189833846	0.757414842634912	0.789545784294305	0.796051333520179	0.780825716071003	0.80527960197559	0.814307209533871	0.552281467346448	0.760624401484831	0.592206791171508	0.764794949793583	0.814307209533871	0.798184220148491	0.712268212131412	0.537104814043994	0	0.814307209533871	0.766552801963464	0.78522225677153	0.476685983453462	0.796051333520179	0.751070280654054	0.814307209533871	0.0525447244612798	0.656392860831524	0.814307209533871	0.65601070882667	0.591386697228338	0.806931902528949	0.500754421222712	0.672816096214207	0.814307209533871	0.814307209533871	0.746641825057963	0.632498482382443	0.813962039791526	0.422816274015586	0.687410284990136	0.759041814004418	0.71452573730793	0.70445918777664	0.799020265296494	0.67460290764923	0.62231015824228	0.651907250090573	0.811068654332401	0.660210530470697	0.81413617672816	0.814307209533871	0.744308863316395	0.723619786589615	0.797898004340244	0.773808897385769	0.761726399566458	0.678571064579305	0.78629549843948	0.795915940942191	0.712792118293207	0.780542041434646	0.808875553435916	0.676027788520297	0.744201022654892	0.79843916686073	0.577049742713921	0.681010170350785	0.673407824461145	0.580318374338806	0.794434815048073	0.814307209533871	0.776870287853941	0.660230021103055	0.711225905114945	0.682612681305874	0.812911019841988	0.809923458619424	0.729955594206188	0.748716920459468	0.516760710320473	0.695105183472352	0.35250585308877	0.758326693806563	0.658987641215827	0.700782998822214	0.781610903490288	0.800181061976238	0.800486950794563	0.801784848248294	0.814207407201927	0.652862274331648	0.283728038352324	0.252200889429306	0.814307209533871	0.585480764287099	0.529071270172833	0.814307209533871	0.60155951615853	0.796051333520179	0.783109357749989	0.329724950459599	0.716760326760225	0.808144258788535	0.687024523445206	0.806899962153633	0.382651350007662	0.554168162355146	0.811053732251414	0.672427355511206	0.373485512980403	0.781450720727251	0.321178971171115	0.717225747174192	0.814035637549437	0.813797988335487	0.757461025486695	0.749425526703073	0.443666012369236	0.814307209533871	0.782944564617755	0.814307209533871	0.165590313449057	0.796349394691884	0.814307209533871	0.446091681869443	0.740319795753244	0.68100931262729	0.792758191240896	0.796154906082161	0.81003954164438	0.550683591010267	0.798195031507809	0.405179257586258	0.814307209533871	0.380366788680601	0.72710911839918	0.802645227797311	0.778794035727257	0.705660248571353	0.763024417618415	0.62503615153913	0.806815956705791	0.772704387387297	0.0159166960432627	0.689231450444916	0.79172517997091	0.726563052608354	0.0465327413006248	0.814307209533871	0.787062074758282	0.595105928905399	0.814307209533871	0.783299023843765	0.786856237257394	0.709639816534233	0.760183436599986	0.617748047421134	0.79677096823258	0.798318982626272	0.579935928750665	0.724136715045935	0.151074898613405	0.742387710512385	0.796846088016682	0.802321899928999	0.759561308053715	0.693577850211838	0.7492714709422	0.492039726443246	0.784726163274838	0.310646599516376	0.376958653089108	0.0611162497811308	0.723817483750674	0.503116323153954	0.814307209533871	0.797040613724882	0.780286324274199	0.724310264334901	0.557302689983055	0.802848010687468	0.814307209533871	0.794021082128763	0.814307209533871	0.722017312811248	0.814307209533871	0.796051333520179	0.814117043089394	0.80809396386578	0.814307209533871	0.813455397896833	0.675128329915425	0.796051333520179	0.227557497244176	0.733766442982756	0.641295346283567	0.814307209533871	0.426636403396371	0.807417353222271	0.747399451919947	0.652897099947681	0.668399107105621	0.718725388941905	0.744792211631734	0.777059448207927	0.680249920951378	0.766600370096753	0.715317228467548	0.690923339811216	0.696565361497831	0.814307209533871	0.653281413129803	0.730455193375856	0.657942638634418	0.796051333520179	0.773026898937978	0.814307209533871	0.79256988985356	0.301349582023292	0.804081161985876	0.535420754011523	0.78798144570919	0.628571112259117	0.578800410741049
"SRR5928221"	0.789918004018251	0.211107412683941	0.0428621292896069	0.0257805448813232	0.29749098567285	0.0985734744819501	0	0.225353219453453	0.192178715481573	0.370623462897448	0.422933222968152	0.99387729845637	0.994298453627036	0.0627460108210006	1	0.0834293689073278	0.0235975263877474	0	0.454473602144294	0.128796151422031	0.406825216843403	0.11970853991261	0	0.0415534427287181	0.224814571131965	0.471285003128532	0.814307209533871	0	0.115835952775654	0.0730879693622319	0.53209815559818	1	0.149098021863205	0	0.793740508590241	0.978328847759373	0	0.318494300745317	0.407857638748481	0.0193425831031976	0.508968625610609	0.292258550331894	0	0	0.158272219562691	0.352997340942746	0.000918227514612389	0.579288883634392	0.268315006107857	0.132208214846732	0.987713759216728	0.9861275139052	0.0394639192461285	0.289386697902839	0.367209340042813	0.324695087160471	0.00856472455289591	0.312066076339471	0.000455146581871004	0	0.992315567839666	0.203710894636597	0.0422671949807137	0.09957896325717	0.126408483099887	0.28295021396529	0.0705368655766861	0.0471879203051778	0.987441711262309	0.0840906559565809	0.0143010309413297	0.287084850056646	0.163266679397202	0.0409169877283617	0.42553032856801	0.27895322831771	0.291309296933554	0.421562797826278	0.0508400251051903	0	0.0925858518296457	0.312036048631359	0.226711821938746	0.276310104656458	0.00370622680179141	0.0115664650107119	0.191569234109308	0.15399156536643	0.492803953859615	0.255228639622088	0.632845377741935	0.133743526792714	0.313946459594652	0.245358655038622	0.0815952387702846	0.0365512527045784	0.0357814829533202	0.0325048963705549	0.000265629117110613	0.323258913919097	0.901844742209181	0.696858257494267	0	0.415223082267023	0.47991742455449	0	0.394880548827371	1	0.0780796401834517	0.648540306477995	0.216560805809361	0.0162025401616356	0.268962464241624	0.0194251027592709	0.61088385682674	0.452336138707827	0.00860392734456794	0.292881202340411	0.923372507542861	0.0819698592337277	0.65424044439537	0.215698424956381	0.000722549739770702	0.0013541873812969	0.135596681575583	0.152522467827146	0.938664650533188	0	0.0784672587498591	0	0.743058159802185	0.0461150972356706	0	0.559626178932729	0.171119552612329	0.278954639376268	0.054948657965531	0.0465966941822048	0.0112628265192701	0.456275487845523	0.0415264660166822	0.59351034730028	0	0.924928259748207	0.197057074337501	0.0303234926490061	0.0881497569069348	0.236730823395616	0.123583632233277	0.363448548832759	0.0196420847064335	0.102082212896504	0.808254328422367	0.265247412473984	0.0574667092234119	0.198103674744165	0.8311847969096	0	0.0687082254771207	0.967812664100625	0	0.0776332130656639	0.0691997755633537	0.229586124485665	0.129748868021474	0.373436426963098	0.0450699203129468	0.0412170984129501	0.965104027563601	0.98921352543248	0.750121982948833	0.166949051189265	0.0448834989284543	0.0311441343087357	0.131090370167521	0.25785234043387	0.152842178661631	0.517501676779081	0.0742636252748115	0.661130607739506	0.924159323729438	0.836237516682085	0.203336043118539	0.506623977745115	0	0.0444004965934228	0.0846861563586812	0.202400574535605	0.448761115614145	0.0298082673261764	0	0.0518564035089643	0	0.206739933810011	0	1	0.000506044602855559	0.0163331107879758	0	0.00226366726524606	0.288539109202013	1	0.710760126486081	0.184136398785737	0.975799778871248	0	0.57613324008585	0.01808708933079	0.156713030827943	0.323206463284583	0.299288489139826	0.212910402138759	0.16206096623668	0.0921510899434204	0.982246828852107	0.115730807222786	0.219226067632672	0.262381249193152	0.252707968331322	0	0.322627279005327	0.190600418876943	0.315547675724785	1	0.101352352190172	0	0.0554084160905273	0.906261043504963	0.0266661143774895	0.473109550115581	0.0665079371450311	0.97363758950137	0.964899522713396
"SRR5928201"	0.737632897604407	0.0975167991661843	0.0733165714933915	0.0903093436326237	0.187746830613427	0.0174500886250369	0.115835952775654	0.11227691204157	0.0779772142544333	0.265520739411975	0.3219483149548	0.984793595097701	0.985316717306331	0.0534557723425719	0.992403989021337	0.0327041758438724	0.0924764371629441	0.115835952775654	0.356298931628936	0.013144852187963	0.304500494980294	0.00392381816321148	0.115835952775654	0.0746207036588375	0.111717961952744	0.374710011991536	0.766552801963464	0.115835952775654	0	0.0430914911058409	0.441908405158025	0.992403989021337	0.0338119146113357	0.115835952775654	0.742154364644953	0.965518323249476	0.115835952775654	0.209951577055569	0.305616866143153	0.0966973687373765	0.416239107702454	0.18223143978592	0.115835952775654	0.115835952775654	0.0431816908105066	0.246657931809236	0.11492923538149	0.494709744876695	0.157075829672652	0.0166117999403508	0.977143946502856	0.975177101461063	0.0767021802377071	0.179207048575554	0.261861174778891	0.216527225731851	0.10737152837315	0.203144461398845	0.115386534226149	0.115835952775654	0.982854220028891	0.0898717507763009	0.0739094817222501	0.0164354941194304	0.0107203334306681	0.172435790869849	0.0456502906322029	0.069003171939402	0.976806569856305	0.0320391482098094	0.101693542501171	0.176784349919764	0.0482906498058711	0.0752548085555094	0.324767458210761	0.168235849540477	0.181231550175848	0.320461401063497	0.0653583423950011	0.115835952775654	0.023487280037562	0.20311268699003	0.113687019665759	0.165460589418091	0.112175070763692	0.104401193643985	0.0773494323610764	0.0388074069647805	0.398380705853195	0.143384126139102	0.555340974828268	0.0181726622035038	0.205134655152533	0.133084151606458	0.0345481742495663	0.0796020405812794	0.0803681168504574	0.0836275375941869	0.115573672030065	0.215003409714311	0.871757263665409	0.628815579900144	0.115835952775654	0.313588856431585	0.384191531232294	0.115835952775654	0.291603674785301	0.992403989021337	0.0380806079450077	0.573253602587629	0.103161522668482	0.0998097950430649	0.157754282699782	0.0966155460306362	0.530386575707762	0.353963168025089	0.107332748287358	0.182887422199291	0.897972023724507	0.0341715986917735	0.579775519443518	0.102268427744013	0.115122475534645	0.1144986767444	0.0200573635016009	0.0373071336050949	0.916676861826154	0.115835952775654	0.0376912672155065	0.115835952775654	0.682537937554972	0.0700733033111177	0.115835952775654	0.472638948125843	0.056335022063446	0.16823733158219	0.0612544024700686	0.0695929458201269	0.104701743843707	0.358268875072641	0.0746475825544155	0.510735989855055	0.115835952775654	0.899871796931051	0.0830051262607585	0.0857962170127122	0.027954964833177	0.124099091601917	0.00785353786261042	0.257833304572606	0.0964003896390876	0.0139085974571983	0.759359756240117	0.153862726529839	0.0587373980250588	0.0840845241862496	0.786664736789672	0.115835952775654	0.0474835642887692	0.952522941984199	0.115835952775654	0.0385289773689329	0.0469908410859957	0.1166717007982	0.0141126302014015	0.268538062667232	0.0711156158727728	0.0749558170449084	0.94918113853556	0.97900426449193	0.690803891175243	0.0520610717195094	0.071301501263952	0.0849804837204236	0.0154756859710375	0.146125968509635	0.0376335874213538	0.425693163110853	0.0419118054456412	0.587670692566735	0.898932737706211	0.792701584824708	0.0894846397281059	0.413644655415856	0.115835952775654	0.0717830795496249	0.031440196490772	0.0885187177982426	0.35005903652629	0.0863082858408365	0.115835952775654	0.0643434692595155	0.115835952775654	0.0930010428879154	0.115835952775654	0.992403989021338	0.115336273984134	0.0996804153408146	0.115835952775654	0.113600332822245	0.178314813974353	0.992403989021337	0.644919276155428	0.0697002690868728	0.962389977760897	0.115835952775654	0.491160824743153	0.0979420767549674	0.0415879171864743	0.214947767634552	0.189643039825311	0.0993822851715941	0.0470567765558446	0.0239253309360296	0.970368507939304	0.000106489727661942	0.105922796966963	0.150862608638166	0.140751472460846	0.115835952775654	0.21433338580636	0.0763517025401534	0.206830045477232	0.992403989021337	0.0146454969112728	0.115835952775654	0.0607949392749694	0.877123938242332	0.0894299392185095	0.376712455145464	0.0496884514874469	0.959716976944716	0.948928918526798
"SRR5928203"	0.758037336502324	0.140054146311366	0.0303152604741261	0.0473915047629939	0.229093174935044	0.0256595699405326	0.0730879693622319	0.154663829468932	0.120686871059003	0.305322918664699	0.360332881401536	0.988391951056696	0.988874791437025	0.0103868093054918	0.995414382282538	0.010401116892029	0.0495709428537936	0.0730879693622319	0.393698933039468	0.0562063662769529	0.343349970949367	0.0470078253991341	0.0730879693622319	0.0316249620605782	0.154110893341313	0.411544600399782	0.78522225677153	0.0730879693622319	0.0430914911058409	0	0.476457037932411	0.995414382282538	0.0767980478088491	0.0730879693622319	0.762291632845642	0.970587174650871	0.0730879693622319	0.250905712058353	0.344437306824175	0.0538170229820278	0.451702046369718	0.223669155216053	0.0730879693622319	0.0730879693622319	0.0861222912366422	0.286878377269174	0.0721743025787257	0.527218730736354	0.198899696122403	0.0596630777621832	0.981329094120248	0.979512440862657	0.0337156158287568	0.220693844665229	0.301746685826257	0.257357735725339	0.064561297662104	0.244222976021938	0.0726350978745493	0.0730879693622319	0.986601741136222	0.132480159454272	0.0309106855483551	0.0266737844735454	0.0537884283893526	0.214029843653092	0.00256354776082523	0.025984430239166	0.981017499970883	0.0110667291405658	0.0588448515975745	0.218309939235564	0.0912034421780165	0.0322618251963617	0.363074679494215	0.20989460188335	0.222685572302204	0.358886512616957	0.0223260565427208	0.0730879693622319	0.0196229111437427	0.244191773610198	0.156058654264138	0.207161326114817	0.0693994432240245	0.061570513255678	0.120064117682957	0.0817701452979123	0.434449804472864	0.18539704046366	0.585245496643869	0.0612190142938678	0.246177183661716	0.175229447756253	0.00855530930894037	0.0366288521890682	0.0373985769410188	0.0406740575841921	0.0728236714650751	0.255862871919344	0.883595429535271	0.655190842162653	0.0730879693622319	0.352199129294596	0.4207246965115	0.0730879693622319	0.330781520897366	0.995414382282538	0.00501863735879652	0.60233528220228	0.145643398634137	0.0569489286902265	0.199568393793635	0.0537346988933061	0.56139687689401	0.391433023007007	0.0645222459247293	0.224314396508263	0.90798186378089	0.00893227680539158	0.608551578402383	0.144759250014965	0.0723690181265355	0.0717404676447628	0.0630975054607269	0.0802771094553115	0.925351573157255	0.0730879693622319	0.00540849501122451	0.0730879693622319	0.706075889583738	0.0270587442765372	0.0730879693622319	0.506026458438002	0.0991997688971099	0.209896061341289	0.0182081647082294	0.0265764977103272	0.0618730997138174	0.395609634092249	0.0316519572072531	0.542583750109643	0.0730879693622319	0.909747193996034	0.125673368924875	0.0428539042329846	0.0151537142685216	0.166352964051285	0.0509288005579078	0.297809319072952	0.0535182267145551	0.0291993716312249	0.778466523934636	0.195732296682301	0.0156832834416463	0.126743611647919	0.804091174381053	0.0730879693622319	0.00440055126452089	0.958568068340068	0.0730879693622319	0.00456965735642299	0.00390679869671293	0.159010463286069	0.0571713846848806	0.308270744384157	0.028105220718045	0.0319615290324583	0.955475344315616	0.98304709829702	0.713886127516594	0.0949519935582765	0.0282918580202199	0.0420339253012293	0.058530425262527	0.188102219153105	0.080602003864443	0.460825257608082	0.00118169516488886	0.616072479904375	0.908874622852998	0.809749093545285	0.132096522110902	0.449197183078703	0.0730879693622319	0.0287753974348767	0.0116661766045795	0.131139215428065	0.387644703392883	0.0433686660492829	0.0730879693622319	0.0213076052398385	0.0730879693622319	0.135580930355487	0.0730879693622319	0.995414382282538	0.0725844525085212	0.0568187234320365	0.0730879693622319	0.0708353368882846	0.219815951009915	0.995414382282538	0.67046672036056	0.112473682972609	0.96769496017772	0.0730879693622319	0.523813585623442	0.05506942582385	0.0845367621680007	0.255808283560589	0.230957413968918	0.141901582128978	0.089976477472911	0.0191847837021221	0.975069865373119	0.0429851871046188	0.14837660912735	0.192774111935896	0.182799027209367	0.0730879693622319	0.255205520333822	0.11907431457801	0.247841671553232	0.995414382282538	0.0284629075809439	0.0730879693622319	0.0177472250769723	0.888591887900765	0.046507200657552	0.413483964174111	0.00661028709261753	0.965223160564668	0.955241890605763
"SRR5928270"	0.426682928641788	0.358956565256157	0.499972642044886	0.512942957125071	0.275699105086459	0.456047217769827	0.53209815559818	0.345785691564222	0.376135115975075	0.198295488460727	0.138515594514751	0.919775523952362	0.92100146135833	0.484585803937962	0.937700077442916	0.468240806408657	0.514584367116596	0.53209815559818	0.10051040746686	0.431121550659138	0.157343271648559	0.438700838046741	0.53209815559818	0.500974367907033	0.346287549701851	0.0796107735643045	0.476685983453462	0.53209815559818	0.441908405158025	0.476457037932411	0	0.937700077442916	0.413919854826229	0.53209815559818	0.434385806987172	0.875225913414902	0.53209815559818	0.25415995839739	0.156147991244494	0.517773235568997	0.0310463063676532	0.280982397961022	0.53209815559818	0.53209815559818	0.406021911796323	0.217581287867249	0.53142440576882	0.0664873723190263	0.304750384323564	0.428256721801336	0.901951296131692	0.897399265776922	0.50257100246705	0.283868393269917	0.202063681126238	0.247697470575302	0.525789606261547	0.260809237564643	0.531764269100398	0.53209815559818	0.915238475588532	0.365712393778692	0.500428197123042	0.455230733303085	0.433120060185741	0.29030142723615	0.478470315698079	0.496651919136972	0.90116958585699	0.467712390922411	0.521533902841345	0.286174573661648	0.401689007824134	0.50146105366479	0.135443837949046	0.294271995691211	0.281937401994602	0.140132395962498	0.493836857262388	0.53209815559818	0.460891467940571	0.260840178746683	0.344518525513083	0.296887511753077	0.529374904466892	0.523565716435341	0.376682255388346	0.409716859555001	0.0521766261947207	0.317464459914824	0.14752043834487	0.426964222013905	0.258869450423408	0.326927908879385	0.469704496677767	0.504790930558286	0.505376518788886	0.507863985147131	0.531903313855132	0.249198520382778	0.674516104449661	0.253139736431147	0.53209815559818	0.147575389958552	0.0686989913720989	0.53209815559818	0.171060055279578	0.937700077442916	0.472502222877037	0.172487968048798	0.353939577056304	0.520117751355938	0.304116343194675	0.51771152174129	0.113533823347084	0.103135044624941	0.525760605510688	0.280355395713588	0.728114784597899	0.469405766402381	0.181700355614747	0.354734992303325	0.531568036414415	0.531104302853236	0.425401305250489	0.410980990587419	0.767514238340499	0.53209815559818	0.472194257805001	0.53209815559818	0.336073658275478	0.497476853026542	0.53209815559818	0.0382535008277553	0.394828347013348	0.294270597220641	0.490657238716445	0.497106647388459	0.523790977926788	0.0982921724475398	0.500995002949228	0.0874014903925757	0.53209815559818	0.732071695524097	0.371742389383034	0.509515429843702	0.464460854723418	0.335113385554878	0.4354779148463	0.20619625136932	0.517549223248463	0.453194259992406	0.464084704973863	0.307747961232566	0.488701889455523	0.370796870471792	0.512514557185923	0.53209815559818	0.479910160686199	0.845858668779996	0.53209815559818	0.472856757454443	0.479523389786633	0.341831244446802	0.430322687088276	0.19517888373127	0.498279656241404	0.501231603878007	0.838391633698302	0.906268351115983	0.349296125549356	0.398479240195315	0.49842275662227	0.50889458845123	0.42919643862942	0.314930744357794	0.410706056935315	0.0197056420508473	0.475527435576367	0.192941058631558	0.730114542631495	0.523443550294634	0.366053291211766	0.0341396500355605	0.53209815559818	0.498793390654118	0.467236230756131	0.366903403445323	0.107508684163214	0.50990494927799	0.53209815559818	0.493051546073244	0.53209815559818	0.36295248466	0.53209815559818	0.937700077442916	0.531726921853735	0.520020408891693	0.53209815559818	0.530436067883226	0.284718300577825	0.937700077442916	0.277467979146004	0.383325190989019	0.868108000734283	0.53209815559818	0.0619034723139958	0.518711544266629	0.407369753774977	0.249253291595665	0.273876610385508	0.35730125491838	0.402737175698484	0.461242022858697	0.886322965372495	0.44199531034848	0.351476397312138	0.310539118893195	0.319891496144154	0.53209815559818	0.249857872482058	0.377551213184951	0.257214227366658	0.937700077442916	0.453788580697554	0.53209815559818	0.490300600154922	0.685338914954247	0.512276060524197	0.077314771612411	0.481639018551235	0.862050572972311	0.837829457711734
"SRR5928422"	0.819890850311056	0.984606587639963	0.997390537596522	0.998456342552489	0.975856814728263	0.993651801270829	1	0.983288040969203	0.986291751954434	0.966740269269541	0.958939566791961	0.0953864824409376	0.0893774086493869	0.996103990019685	0	0.994710237575932	0.998590025067636	1	0.953586986629936	0.991436827235752	0.961474395132892	0.992117782086746	1	0.997473455132891	0.98333871278213	0.950500490572356	0.796051333520179	1	0.992403989021337	0.995414382282538	0.937700077442916	0	0.989866590963143	1	0.816440902000499	0.274915490743484	1	0.973422143446276	0.961315672556806	0.998848978218084	0.94290026582707	0.976442678642617	1	1	0.989133875762314	0.969109511037357	0.999946307638425	0.925544772030593	0.979025038537934	0.991177716796368	0.175538285822752	0.194060485233614	0.997605406037204	0.976760860722562	0.967208570220713	0.972676838976631	0.999495551938528	0.974181774291663	0.999973397404974	1	0.117035748808891	0.985273924259246	0.99742825863335	0.993580347519262	0.991617021674165	0.977465460130358	0.995585827989608	0.99711493658714	0.178770879860333	0.994664704032995	0.999153081470907	0.977014187509043	0.988728695227864	0.997513703695838	0.958518864485565	0.977897178982163	0.976548111930604	0.959160185312996	0.996880421165096	1	0.994074234567953	0.974185292146419	0.983159944014414	0.978180253111453	0.99978271149223	0.999316807755856	0.986344794337632	0.989477600978334	0.946283682275812	0.980371652351571	0.908511673655785	0.991060504585148	0.973960918024152	0.981358745213962	0.994836206903823	0.99778844025527	0.997836639610726	0.998040997680602	0.999984477171034	0.972850573309089	0.650706809180266	0.881598763268836	1	0.960168621786417	0.948846345885214	1	0.963275026756023	0	0.995076347892105	0.902684101146571	0.984107087871062	0.999038727999976	0.978957260037635	0.99884397622181	0.915985445019826	0.953967219068785	0.999493224100751	0.976373379538277	0.586850984772695	0.994810516026281	0.900456585430342	0.984186505523959	0.999957757474572	0.999920782810396	0.990918509456747	0.989594819889869	0.527955182054926	1	0.995049954923485	1	0.855463930939873	0.997183506206887	1	0.930886954410647	0.988082436377857	0.977897027349804	0.996614557267413	0.997152742800031	0.99933493489679	0.953264365514167	0.997475162122922	0.921401497427775	1	0.581459440815959	0.985864501075384	0.998176330337283	0.994383856136735	0.982202271521584	0.991829025638616	0.967719124203629	0.998830819905112	0.993401807140564	0.802395250842679	0.979344669231147	0.996450542860555	0.985772210286556	0.776605268563084	1	0.99570817902303	0.362755107730259	1	0.995106719384025	0.995675334579219	0.982887560018971	0.991364669251498	0.966350937598702	0.997250169693944	0.997494731350634	0.382293432626451	0.15728388208779	0.850785660116986	0.98842706328405	0.997262045627944	0.998125485544267	0.991262814574712	0.980105180703459	0.989569342493727	0.941033213165149	0.995335074800223	0.897679472032176	0.584139436139942	0.770218224341959	0.985307438442512	0.943403233441793	1	0.997292794946619	0.994623647565045	0.985390947982909	0.954597254702905	0.998208211027865	1	0.996814854058064	1	0.985002030526128	1	0	0.999970421078304	0.999030860449751	1	0.999867466459677	0.976854316337843	0	0.874457655277955	0.986985738671997	0.297996584112666	1	0.926431257831059	0.998924983458735	0.989259450847145	0.972856905495091	0.975653697418377	0.984442154013025	0.988826921688336	0.994104704384986	0.236270006273742	0.992411727231317	0.983860613497276	0.979641095694842	0.980626032735009	1	0.972926768705193	0.98642895638234	0.973771973589805	0	0.993453959410472	1	0.996584671946329	0.639045990656868	0.998401951799992	0.950154912308976	0.995854800588886	0.316682353443778	0.383724361521194
"SRR5928189"	0.720746751961293	0.06390327831722	0.106879015127555	0.123765416061565	0.154860549037833	0.051233540448076	0.149098021863205	0.0787464770985449	0.0442752138474647	0.233684216691248	0.291120299091851	0.981762274172881	0.982319217818134	0.0871194231845382	0.989866590963143	0.0664469068140756	0.125917634279052	0.149098021863205	0.326187059279963	0.0206757149247989	0.273338386290128	0.0298918305556718	0.149098021863205	0.108175629463247	0.0781841255934737	0.345013926736582	0.751070280654054	0.149098021863205	0.0338119146113357	0.0767980478088491	0.413919854826229	0.989866590963143	0	0.149098021863205	0.725483896225994	0.961254142707541	0.149098021863205	0.177324924446573	0.274475536485547	0.13010874272124	0.387563023259747	0.149285622559333	0.149098021863205	0.149098021863205	0.00938267507188818	0.214530668057874	0.148198898283622	0.468273051766285	0.123883424605993	0.017209215966461	0.97362023971019	0.971527455968385	0.11024488459792	0.146229420594008	0.22996643180634	0.183983596696379	0.140702474844958	0.17043481871299	0.148652373686459	0.149098021863205	0.979697679727141	0.0562206949740846	0.107468520769145	0.0502211305867852	0.0230994649816325	0.139389088003028	0.0793468867725192	0.102589715402683	0.973261241340125	0.0657839622176153	0.135068164830264	0.143781666784483	0.0145010291594006	0.108806040174524	0.29399529681332	0.135147792194969	0.148275150539781	0.289604135641098	0.0989643338567997	0.149098021863205	0.0572563810183287	0.170402663969258	0.0801652550023862	0.132345831289882	0.145467482789851	0.137755241581779	0.0436449951164506	0.00500167188081182	0.369252033562484	0.110074685957616	0.530915712581015	0.0156483057996323	0.172448965287276	0.099694636667281	0.0682849826690938	0.113127262307374	0.11388863142414	0.117127610619782	0.14883794305166	0.18244029122485	0.861865306960224	0.607158550052475	0.149098021863205	0.28259828280035	0.354718288479197	0.149098021863205	0.260207433079532	0.989866590963143	0.0718054689368013	0.549469726635871	0.0695781236784558	0.133198458841569	0.124567991594553	0.13002750880871	0.505103668337399	0.323800141511188	0.14066399994619	0.149948582765827	0.889592027770826	0.0679096341131351	0.556230523657049	0.0686801266762636	0.148390524375195	0.147771927490752	0.01376333977885	0.00349937530289693	0.909404827638274	0.149098021863205	0.071417483819993	0.149098021863205	0.66313571336619	0.103653977369384	0.149098021863205	0.445531016257245	0.0225635754599671	0.135149288628396	0.0948812865867126	0.103176263470085	0.138053479546791	0.328200424414549	0.1082023522824	0.484807062734845	0.149098021863205	0.891603223715598	0.0493235537487273	0.119282317696439	0.0617119565138562	0.0906453058820839	0.0259648687247935	0.225875491707765	0.129813898663889	0.0476993907217672	0.743522775044929	0.120641769843389	0.092376569035153	0.0504075484496786	0.772192110130395	0.149098021863205	0.0811727691391249	0.947442217396599	0.149098021863205	0.0722522653193206	0.0806820533827326	0.0831687096748347	0.0197081392153139	0.236750199949854	0.104690503548768	0.108508793700482	0.943892341972598	0.975599924325165	0.671765980796501	0.0182794542574562	0.104875349788353	0.118471874816447	0.0183452672032558	0.112838996786181	0.00382625713301208	0.397265218804528	0.0756228146022428	0.564418703763032	0.890609056851069	0.778537505230098	0.0558317830844561	0.384901509445071	0.149098021863205	0.105354225763035	0.0651868625667087	0.0548614096032854	0.319811309457019	0.119791044071328	0.149098021863205	0.0979547264126777	0.149098021863205	0.0593648975585022	0.149098021863205	0.989866590963143	0.148602534310108	0.133070035332487	0.149098021863205	0.146881031912356	0.145327914474138	0.989866590963143	0.623917624627337	0.0359681683169537	0.957928155148529	0.149098021863205	0.464614007788694	0.131344441824027	0.00778631176163898	0.182383940341714	0.156777681804556	0.0657784927244755	0.0132647341542277	0.0576933006174341	0.966412103104359	0.0339182893471389	0.0723548783490085	0.117615594525846	0.107420914781533	0.149098021863205	0.18176174549979	0.0426434444046011	0.174164963008271	0.989866590963143	0.0484348282273524	0.149098021863205	0.0944240961783995	0.867537633807404	0.122891963567354	0.347062939037647	0.0833684849235612	0.955086821370564	0.943624449504962
"SRR5928447"	0.789918004018251	0.211107412683941	0.0428621292896069	0.0257805448813232	0.29749098567285	0.0985734744819501	0	0.225353219453453	0.192178715481573	0.370623462897448	0.422933222968152	0.99387729845637	0.994298453627036	0.0627460108210006	1	0.0834293689073278	0.0235975263877474	0	0.454473602144294	0.128796151422031	0.406825216843403	0.11970853991261	0	0.0415534427287181	0.224814571131965	0.471285003128532	0.814307209533871	0	0.115835952775654	0.0730879693622319	0.53209815559818	1	0.149098021863205	0	0.793740508590241	0.978328847759373	0	0.318494300745317	0.407857638748481	0.0193425831031976	0.508968625610609	0.292258550331894	0	0	0.158272219562691	0.352997340942746	0.000918227514612389	0.579288883634392	0.268315006107857	0.132208214846732	0.987713759216728	0.9861275139052	0.0394639192461285	0.289386697902839	0.367209340042813	0.324695087160471	0.00856472455289591	0.312066076339471	0.000455146581871004	0	0.992315567839666	0.203710894636597	0.0422671949807137	0.09957896325717	0.126408483099887	0.28295021396529	0.0705368655766861	0.0471879203051778	0.987441711262309	0.0840906559565809	0.0143010309413297	0.287084850056646	0.163266679397202	0.0409169877283617	0.42553032856801	0.27895322831771	0.291309296933554	0.421562797826278	0.0508400251051903	0	0.0925858518296457	0.312036048631359	0.226711821938746	0.276310104656458	0.00370622680179141	0.0115664650107119	0.191569234109308	0.15399156536643	0.492803953859615	0.255228639622088	0.632845377741935	0.133743526792714	0.313946459594652	0.245358655038622	0.0815952387702846	0.0365512527045784	0.0357814829533202	0.0325048963705549	0.000265629117110613	0.323258913919097	0.901844742209181	0.696858257494267	0	0.415223082267023	0.47991742455449	0	0.394880548827371	1	0.0780796401834517	0.648540306477995	0.216560805809361	0.0162025401616356	0.268962464241624	0.0194251027592709	0.61088385682674	0.452336138707827	0.00860392734456794	0.292881202340411	0.923372507542861	0.0819698592337277	0.65424044439537	0.215698424956381	0.000722549739770702	0.0013541873812969	0.135596681575583	0.152522467827146	0.938664650533188	0	0.0784672587498591	0	0.743058159802185	0.0461150972356706	0	0.559626178932729	0.171119552612329	0.278954639376268	0.054948657965531	0.0465966941822048	0.0112628265192701	0.456275487845523	0.0415264660166822	0.59351034730028	0	0.924928259748207	0.197057074337501	0.0303234926490061	0.0881497569069348	0.236730823395616	0.123583632233277	0.363448548832759	0.0196420847064335	0.102082212896504	0.808254328422367	0.265247412473984	0.0574667092234119	0.198103674744165	0.8311847969096	0	0.0687082254771207	0.967812664100625	0	0.0776332130656639	0.0691997755633537	0.229586124485665	0.129748868021474	0.373436426963098	0.0450699203129468	0.0412170984129501	0.965104027563601	0.98921352543248	0.750121982948833	0.166949051189265	0.0448834989284543	0.0311441343087357	0.131090370167521	0.25785234043387	0.152842178661631	0.517501676779081	0.0742636252748115	0.661130607739506	0.924159323729438	0.836237516682085	0.203336043118539	0.506623977745115	0	0.0444004965934228	0.0846861563586812	0.202400574535605	0.448761115614145	0.0298082673261764	0	0.0518564035089643	0	0.206739933810011	0	1	0.000506044602855559	0.0163331107879758	0	0.00226366726524606	0.288539109202013	1	0.710760126486081	0.184136398785737	0.975799778871248	0	0.57613324008585	0.01808708933079	0.156713030827943	0.323206463284583	0.299288489139826	0.212910402138759	0.16206096623668	0.0921510899434204	0.982246828852107	0.115730807222786	0.219226067632672	0.262381249193152	0.252707968331322	0	0.322627279005327	0.190600418876943	0.315547675724785	1	0.101352352190172	0	0.0554084160905273	0.906261043504963	0.0266661143774895	0.473109550115581	0.0665079371450311	0.97363758950137	0.964899522713396
"SRR5928260"	0.00933135383088799	0.691778293814326	0.775727861927157	0.783047361511754	0.638127711140868	0.750453395782941	0.793740508590241	0.683504214754248	0.702453938427957	0.585217603651399	0.542184522527217	0.778111436147736	0.780704228059505	0.766960601607141	0.816440902000499	0.757545947931252	0.783969080289519	0.793740508590241	0.51377516743139	0.735767952949221	0.555951079095005	0.740260299759667	0.793740508590241	0.776295459612014	0.683820918205233	0.497787906614376	0.0525447244612798	0.793740508590241	0.742154364644953	0.762291632845642	0.434385806987172	0.816440902000499	0.725483896225994	0.793740508590241	0	0.686639010052819	0.793740508590241	0.623709121490751	0.555083029894835	0.785756840778037	0.459596082790762	0.641629616936451	0.793740508590241	0.793740508590241	0.720720530216758	0.598688387685016	0.793366731707492	0.378182672128292	0.657217218936383	0.734063757551533	0.74087956984981	0.731508615231768	0.777199346812164	0.643536803985554	0.587865048178771	0.619338058428443	0.790234069894439	0.628184731578335	0.793555299184531	0.793740508590241	0.768551972390238	0.695992285893847	0.775986036309391	0.749976346994328	0.736954793669593	0.647773539338144	0.763450430467148	0.773843509804018	0.739266385948399	0.757239819479653	0.787860227026285	0.645057927614275	0.718096063832645	0.77657108608123	0.539919431656834	0.650378586433668	0.642261170664377	0.54337457778519	0.772242761049476	0.793740508590241	0.753278240487939	0.628205506578531	0.682704047658668	0.652090476292963	0.792228686743794	0.788994427201755	0.702791823267531	0.722952288794586	0.476395844378351	0.665445288133258	0.305285362284768	0.733293777614402	0.626881340809762	0.671520673887918	0.758393332224718	0.778454467056779	0.778785236659548	0.780188820153584	0.793632433426613	0.620355200185436	0.331617708400181	0.202178874104924	0.793740508590241	0.548833887917037	0.489335258303486	0.793740508590241	0.565855842993888	0.816440902000499	0.760010673278893	0.281776881565091	0.688635751750171	0.787068782840224	0.65680489912728	0.785722278961247	0.336476678023537	0.515764358744729	0.790217916213368	0.641214733377597	0.4183008111497	0.758220455380041	0.272971849275518	0.689134735384128	0.79344642801928	0.793189088581004	0.732361776140194	0.723714501581881	0.485552697367513	0.793740508590241	0.759832793312713	0.793740508590241	0.113979372025592	0.774312017560478	0.793740508590241	0.40242869333015	0.713924139736632	0.650377670241731	0.770431019678649	0.774101797799498	0.789120077201428	0.512090783681365	0.776307147777346	0.35984811946685	0.793740508590241	0.424915202596181	0.69973646146107	0.781119362710914	0.755353650367935	0.676742260942655	0.738352918409146	0.590759843239632	0.7856313794799	0.748785321913142	0.0366568948687984	0.65916398497924	0.76931491473006	0.699150425185331	0.0988498933377573	0.793740508590241	0.764278194591075	0.6291273833183	0.793740508590241	0.760215405195789	0.764055920809866	0.681004724090204	0.73529307592614	0.58302223956657	0.774767704405765	0.776441152316433	0.614839515916344	0.749818023622828	0.0992721754125399	0.716146730722692	0.774848904884081	0.780769658133993	0.734623139573741	0.663811611648057	0.723548786676542	0.450460844578213	0.761756035371485	0.262130614137118	0.421639801171393	0.113318331402663	0.696204386060092	0.462073354042428	0.793740508590241	0.775059179715323	0.756963869093584	0.696733086353424	0.519070016516518	0.78133869433665	0.793740508590241	0.771795656700322	0.793740508590241	0.694273224475276	0.793740508590241	0.816440902000499	0.793534579796167	0.787014353314455	0.793740508590241	0.792818124198016	0.644097689772596	0.816440902000499	0.177005568914384	0.706883725707835	0.672502890006104	0.793740508590241	0.382158192648805	0.786282147857553	0.721535300373004	0.620392292836495	0.636916556438845	0.690742684045273	0.718731677834214	0.753482295413684	0.708935227197687	0.742205623503616	0.687088737650262	0.660972884600737	0.667007372674839	0.793740508590241	0.620801632336168	0.703328177166028	0.625767675984012	0.816440902000499	0.749133081457269	0.793740508590241	0.770227562796845	0.348695522683935	0.78267257950698	0.49601541855617	0.76527103551848	0.660573017672499	0.61376918932082
"SRR5928258"	0.691796797250951	0.952438479323512	0.97392038274434	0.975719999413797	0.937845184234667	0.967618078751869	0.978328847759373	0.950233668705775	0.955259272483051	0.922733958275797	0.909879139928657	0.184074011531638	0.18993229878043	0.971749823465921	0.274915490743484	0.969400593958342	0.975945817484924	0.978328847759373	0.901098469798111	0.963892087471527	0.9140487162912	0.965036965987163	0.978328847759373	0.974060341373774	0.950318362381929	0.896049880109344	0.656392860831524	0.978328847759373	0.965518323249476	0.970587174650871	0.875225913414902	0.274915490743484	0.961254142707541	0.978328847759373	0.686639010052819	0	0.978328847759373	0.933800237814315	0.913787417413221	0.976383304142544	0.883663666206527	0.938819553047937	0.978328847759373	0.978328847759373	0.960024191856127	0.926651964053842	0.978238058108482	0.855619408429483	0.943119075308038	0.963456591821235	0.10410773417983	0.0851314416010941	0.974283081378885	0.939348897474941	0.923507877373289	0.932563356251758	0.977475999176136	0.935061551635809	0.978283864393104	0.978328847759373	0.162812164473125	0.953555137681916	0.973984052042584	0.967497790693074	0.964194992671382	0.940521521537506	0.970876172466826	0.973455246946314	0.100809632883876	0.969323883728144	0.976897170340982	0.939770428681557	0.959344316697938	0.974128280872039	0.909187824665168	0.941240289228066	0.938994944478262	0.910241749380409	0.973059522326303	0.978328847759373	0.968329342012572	0.935067394330256	0.950019578702694	0.941711695440805	0.977961450608649	0.977173876185288	0.955348113667802	0.960601097992828	0.889169705493041	0.945364187221094	0.828416436646959	0.963259615118979	0.934694766885921	0.947011228527612	0.969612826815509	0.974592086645	0.974673465180402	0.975018528432919	0.978302599500423	0.932851622734194	0.45191019624502	0.786068272692128	0.978328847759373	0.911899921182852	0.893348592553761	0.978328847759373	0.917015029811348	0.274915490743484	0.97001746748992	0.819181290176995	0.951603002112161	0.97670392585624	0.94300612852682	0.97637485280437	0.840313823037856	0.901721158130166	0.977472064297657	0.938704278891375	0.367808871291522	0.969569541366162	0.81566086996144	0.951735818905589	0.97825741861451	0.978194898782962	0.963021011924743	0.960797868999663	0.293095028755388	0.978328847759373	0.96997299168176	0.978328847759373	0.745669744494567	0.973570964522709	0.978328847759373	0.864216326174655	0.958260319273128	0.941240036737951	0.972610978157987	0.973519047743019	0.977204513931364	0.900570256366187	0.974063222730971	0.848973334317789	0.978328847759373	0.360857773627058	0.954543785433275	0.975247067797791	0.968850793905882	0.948419612198553	0.964551418070576	0.92435190951869	0.976352624123941	0.967197254972505	0.665760325166825	0.943651782694492	0.972334307746655	0.954389260434873	0.627918613038261	0.978328847759373	0.971082434874258	0.0969425850251	0.978328847759373	0.970068648673907	0.971027063167753	0.949564403305696	0.963770801219786	0.922090735133317	0.973683470632375	0.974096255351384	0.119170875466919	0.122624071451183	0.738512167798695	0.9588383159717	0.973703513864551	0.975161202496301	0.963599609859867	0.944919751850892	0.960755099681349	0.880630757191082	0.970453501515729	0.811279259129988	0.364310125035833	0.61864438233514	0.953611230822403	0.884481368500134	0.978328847759373	0.973755410826937	0.969254718101324	0.953751007550041	0.90275329548902	0.975300908594246	0.978328847759373	0.972948895051025	0.978328847759373	0.953100113762573	0.978328847759373	0.274915490743484	0.978278831658159	0.97669063114993	0.978328847759373	0.978104749914066	0.939504397320799	0.274915490743484	0.774959586724027	0.956421896367181	0.025010330452616	0.978328847759373	0.857043823053309	0.97651172570136	0.960234940252261	0.932862129987874	0.93750746571239	0.952163411051564	0.959509118787407	0.968380653030536	0.0411629897442463	0.965531339094016	0.951190849025009	0.944145922671201	0.945788532808444	0.978328847759373	0.932978059908989	0.955489084188437	0.934381023885174	0.274915490743484	0.967285038642704	0.978328847759373	0.972560563251662	0.436303686850701	0.975628127949083	0.895485282821212	0.97132963633419	0.0454964077435432	0.120808620337115
"SRR5928395"	0.789918004018251	0.211107412683941	0.0428621292896069	0.0257805448813232	0.29749098567285	0.0985734744819501	0	0.225353219453453	0.192178715481573	0.370623462897448	0.422933222968152	0.99387729845637	0.994298453627036	0.0627460108210006	1	0.0834293689073278	0.0235975263877474	0	0.454473602144294	0.128796151422031	0.406825216843403	0.11970853991261	0	0.0415534427287181	0.224814571131965	0.471285003128532	0.814307209533871	0	0.115835952775654	0.0730879693622319	0.53209815559818	1	0.149098021863205	0	0.793740508590241	0.978328847759373	0	0.318494300745317	0.407857638748481	0.0193425831031976	0.508968625610609	0.292258550331894	0	0	0.158272219562691	0.352997340942746	0.000918227514612389	0.579288883634392	0.268315006107857	0.132208214846732	0.987713759216728	0.9861275139052	0.0394639192461285	0.289386697902839	0.367209340042813	0.324695087160471	0.00856472455289591	0.312066076339471	0.000455146581871004	0	0.992315567839666	0.203710894636597	0.0422671949807137	0.09957896325717	0.126408483099887	0.28295021396529	0.0705368655766861	0.0471879203051778	0.987441711262309	0.0840906559565809	0.0143010309413297	0.287084850056646	0.163266679397202	0.0409169877283617	0.42553032856801	0.27895322831771	0.291309296933554	0.421562797826278	0.0508400251051903	0	0.0925858518296457	0.312036048631359	0.226711821938746	0.276310104656458	0.00370622680179141	0.0115664650107119	0.191569234109308	0.15399156536643	0.492803953859615	0.255228639622088	0.632845377741935	0.133743526792714	0.313946459594652	0.245358655038622	0.0815952387702846	0.0365512527045784	0.0357814829533202	0.0325048963705549	0.000265629117110613	0.323258913919097	0.901844742209181	0.696858257494267	0	0.415223082267023	0.47991742455449	0	0.394880548827371	1	0.0780796401834517	0.648540306477995	0.216560805809361	0.0162025401616356	0.268962464241624	0.0194251027592709	0.61088385682674	0.452336138707827	0.00860392734456794	0.292881202340411	0.923372507542861	0.0819698592337277	0.65424044439537	0.215698424956381	0.000722549739770702	0.0013541873812969	0.135596681575583	0.152522467827146	0.938664650533188	0	0.0784672587498591	0	0.743058159802185	0.0461150972356706	0	0.559626178932729	0.171119552612329	0.278954639376268	0.054948657965531	0.0465966941822048	0.0112628265192701	0.456275487845523	0.0415264660166822	0.59351034730028	0	0.924928259748207	0.197057074337501	0.0303234926490061	0.0881497569069348	0.236730823395616	0.123583632233277	0.363448548832759	0.0196420847064335	0.102082212896504	0.808254328422367	0.265247412473984	0.0574667092234119	0.198103674744165	0.8311847969096	0	0.0687082254771207	0.967812664100625	0	0.0776332130656639	0.0691997755633537	0.229586124485665	0.129748868021474	0.373436426963098	0.0450699203129468	0.0412170984129501	0.965104027563601	0.98921352543248	0.750121982948833	0.166949051189265	0.0448834989284543	0.0311441343087357	0.131090370167521	0.25785234043387	0.152842178661631	0.517501676779081	0.0742636252748115	0.661130607739506	0.924159323729438	0.836237516682085	0.203336043118539	0.506623977745115	0	0.0444004965934228	0.0846861563586812	0.202400574535605	0.448761115614145	0.0298082673261764	0	0.0518564035089643	0	0.206739933810011	0	1	0.000506044602855559	0.0163331107879758	0	0.00226366726524606	0.288539109202013	1	0.710760126486081	0.184136398785737	0.975799778871248	0	0.57613324008585	0.01808708933079	0.156713030827943	0.323206463284583	0.299288489139826	0.212910402138759	0.16206096623668	0.0921510899434204	0.982246828852107	0.115730807222786	0.219226067632672	0.262381249193152	0.252707968331322	0	0.322627279005327	0.190600418876943	0.315547675724785	1	0.101352352190172	0	0.0554084160905273	0.906261043504963	0.0266661143774895	0.473109550115581	0.0665079371450311	0.97363758950137	0.964899522713396
"SRR5928450"	0.617763124142326	0.114644862240062	0.279221221412396	0.294994430049574	0.0230606380098887	0.226619910952895	0.318494300745317	0.0998918155501709	0.134040593804778	0.0586475487331912	0.119609207737606	0.96215349694212	0.962926731864591	0.260652917658461	0.973422143446276	0.241097026545322	0.296998510002667	0.318494300745317	0.157436408866505	0.197319468716573	0.10060486098322	0.206187694966536	0.318494300745317	0.28043545640414	0.100452101896008	0.177939236927978	0.65601070882667	0.318494300745317	0.209951577055569	0.250905712058353	0.25415995839739	0.973422143446276	0.177324924446573	0.318494300745317	0.623709121490751	0.933800237814315	0.318494300745317	0	0.101816645897318	0.300897096889784	0.224783733367951	0.0287560603461052	0.318494300745317	0.318494300745317	0.168205756879913	0.038587929050723	0.317663546432072	0.315625363545654	0.0545702414496108	0.193976779784623	0.950869076345682	0.947974507144955	0.282372173767073	0.0318737066498423	0.0547434560753472	0.00686970138595501	0.310727663969091	0.00709191796452647	0.318082570032249	0.318494300745317	0.959288609035943	0.122251793446856	0.279773337317156	0.225653908343091	0.199654362024285	0.0388397580117276	0.253315844054369	0.27520075570681	0.950372367209052	0.240467681119541	0.305503479612444	0.0343683209951052	0.163219075505248	0.281025627924274	0.12269299435782	0.0431508286247215	0.029787208725402	0.117984189951863	0.271798179187103	0.318494300745317	0.232359987668105	0.0071249751531468	0.0984777739925109	0.0459954604813236	0.315138333961787	0.307996160484708	0.134661230883164	0.172467280711926	0.204537275582628	0.0685093457613926	0.387983314989368	0.192470359191399	0.00502051454594887	0.0789443573101639	0.242841225124812	0.285067743402228	0.285779342779395	0.28880461081438	0.318254023318479	0.00527608228198529	0.799604554154677	0.478323280251031	0.318494300745317	0.110486558789566	0.188560990743348	0.318494300745317	0.0866469309557557	0.973422143446276	0.246178953772983	0.409734778826243	0.109013219530193	0.303767746129133	0.0538775038710388	0.300821583509767	0.357967830954223	0.154846741761635	0.310692022253051	0.0280793407161451	0.836515344980514	0.242485133008386	0.417697607339053	0.109905099077484	0.317840621704317	0.317268957210797	0.190650150920807	0.173927170131066	0.863137677117843	0.318494300745317	0.245811300096906	0.318494300745317	0.546297048482763	0.276198842534844	0.318494300745317	0.289760847445522	0.155346590470342	0.0431493086746354	0.267961208536668	0.275750875716805	0.308272687707268	0.159622490959294	0.280460475979395	0.334563666645344	0.318494300745317	0.839208338910072	0.129064254513448	0.290815371100628	0.236599026771122	0.0880116389904302	0.202412290458943	0.050453328932464	0.300623006329724	0.223246352407383	0.646449578030287	0.0578483920931214	0.265604895370848	0.127994616656816	0.682914741504618	0.318494300745317	0.255041118280766	0.914834718385055	0.318494300745317	0.246602278542304	0.25457754349764	0.0954821044914619	0.196386839103256	0.0618709731080067	0.27717058306347	0.280747369932227	0.909977064194944	0.953609440094647	0.556904219343689	0.15953236763147	0.27734384118923	0.290059236908438	0.195072680586875	0.0657241820125709	0.173609577973817	0.235565189592441	0.249793752286414	0.427368174977885	0.837876882681334	0.69103982419207	0.122636351791086	0.221832680580392	0.318494300745317	0.277792647280516	0.239900725535195	0.123595642970445	0.150523957498964	0.29128990465856	0.318494300745317	0.27084989767591	0.318494300745317	0.119140935214117	0.318494300745317	0.973422143446276	0.318036520122101	0.303648485808993	0.318494300745317	0.316445450548637	0.0327927145696993	0.973422143446276	0.498525279971511	0.142210792439563	0.929223718277	0.318494300745317	0.311449558789385	0.302045530293506	0.169759306843952	0.005217910320987	0.0210995526895291	0.112785117557229	0.164424348528946	0.232775949677103	0.94090951809299	0.210053644844173	0.106253668260994	0.0609053706125746	0.0711806730224993	0.318494300745317	0.00457568320490696	0.135647283675391	0.0032546035322384	0.973422143446276	0.223948697166913	0.318494300745317	0.267531251391282	0.80712324042386	0.294180695111726	0.18017890763505	0.257114473708916	0.925318866258926	0.909610757164726
"SRR5928161"	0.548426385577855	0.214108288111029	0.371103996366738	0.385897667017626	0.124601816543833	0.321452790132109	0.407857638748481	0.199795134124606	0.232864873198457	0.0434131849076633	0.0179989507044724	0.947757949299588	0.948687225435298	0.353632872351578	0.961315672556806	0.335166784275353	0.387774176130869	0.407857638748481	0.0564721044143538	0.293582514778364	0.0012235861633263	0.302034082088507	0.407857638748481	0.372244373589931	0.200339446929422	0.0774436803063328	0.591386697228338	0.407857638748481	0.305616866143153	0.344437306824175	0.156147991244494	0.961315672556806	0.274475536485547	0.407857638748481	0.555083029894835	0.913787417413221	0.407857638748481	0.101816645897318	0	0.391422588495735	0.125675341600842	0.130213734189783	0.407857638748481	0.407857638748481	0.265737236003814	0.0634634907862392	0.407082959350692	0.220480098747273	0.155572999506233	0.290393215409899	0.934213546422495	0.930744463406033	0.374062752080251	0.133283082884757	0.0473215406125681	0.0950095164235056	0.400610564213038	0.108834568410694	0.407473714329434	0.407857638748481	0.944316240583612	0.221472766052175	0.371622561000908	0.320536381605563	0.295809074535029	0.140134613137209	0.346712599554126	0.367326235661011	0.933618099940705	0.334571386686824	0.395729962223991	0.135737734376044	0.260952463840083	0.372798553625962	0.0211248261320047	0.144370244964871	0.131229110824261	0.0163525060893027	0.364126846351602	0.407857638748481	0.326894749674572	0.108867258359021	0.198421148748881	0.147163190166159	0.404727460298477	0.39805929763931	0.233463921420966	0.26982264567848	0.104775124802644	0.169214612766078	0.297221913146517	0.288955265502262	0.106785763647193	0.179403234417021	0.336816531228029	0.376592520807346	0.377260138329657	0.380097434074363	0.407633592066523	0.0965894193529901	0.755718761180733	0.39460147150537	0.407857638748481	0.00876272898605482	0.0883412901762534	0.407857638748481	0.0152967804497579	0.961315672556806	0.339972013000507	0.32050784967848	0.20864929286612	0.394107332509969	0.15489410036966	0.391351946026422	0.265254101751275	0.0538291833370044	0.400577282652895	0.12954725639156	0.798755016975277	0.336479765970748	0.329057718205025	0.209514219091424	0.407248092297135	0.40671496247825	0.2872172462073	0.271221447808201	0.83000152772064	0.407857638748481	0.339624530663858	0.407857638748481	0.469045487877585	0.368264335325524	0.407857638748481	0.193314247806997	0.253389557852085	0.144368752226602	0.360516561775991	0.367843313909543	0.398317637391939	0.0587041784855746	0.372267868591298	0.240459521391225	0.407857638748481	0.801907886390593	0.228059090047245	0.381982371820127	0.330909870131444	0.188240006966862	0.298437781973714	0.051612962078679	0.391166173112726	0.318251705177376	0.580615993606165	0.158784448058613	0.358298174577289	0.227025520858938	0.621807716151791	0.407857638748481	0.348340719828563	0.891177488383683	0.407857638748481	0.34037208239409	0.347903301606143	0.195509119519785	0.292692883538438	0.0401840226024899	0.369177504146322	0.37253727274655	0.885400878850116	0.937499770021378	0.480754778345817	0.25741213257039	0.369340301720944	0.38127363537931	0.291439048518459	0.166491786905696	0.270917177685458	0.136838802395358	0.34338721152133	0.339459527757563	0.800348839643874	0.63102797841763	0.221844785575642	0.122623838359002	0.407857638748481	0.369761986409952	0.334034953405841	0.222772680169776	0.0494204715964839	0.382427108517349	0.407857638748481	0.363234829622637	0.407857638748481	0.21846234267814	0.407857638748481	0.961315672556806	0.407430772577984	0.393995824158403	0.407857638748481	0.405946866933076	0.134187504782198	0.961315672556806	0.41662003402312	0.240745240714584	0.908323212788588	0.407857638748481	0.216084794464532	0.392496820902931	0.267226963534009	0.0966470814946986	0.122668068609703	0.212306201928189	0.262109348460365	0.327288880583402	0.922286102133549	0.305713987673745	0.205972210112525	0.16177741650022	0.17182479319536	0.407857638748481	0.0972836373660653	0.234415529657616	0.105038476069939	0.961315672556806	0.318918309552805	0.407857638748481	0.360111844907441	0.764458424284266	0.385135530653416	0.0797396382421289	0.350296624703759	0.903665115610897	0.884965514034648
"SRR5928384"	0.781823040586051	0.192504972485368	0.0235379205361832	0.00644098600656233	0.279663637444894	0.0793733881844399	0.0193425831031976	0.206859640234083	0.173443193882399	0.353668135762502	0.406723501502262	0.992499971715212	0.99293664727732	0.0434530843055991	0.998848978218084	0.0641843112599353	0.00425677271999022	0.0193425831031976	0.438762706904855	0.109710917551857	0.390375045089984	0.100585252242857	0.0193425831031976	0.0222276813811261	0.206316739715333	0.455855156846498	0.806931902528949	0.0193425831031976	0.0966973687373765	0.0538170229820278	0.517773235568997	0.998848978218084	0.13010874272124	0.0193425831031976	0.785756840778037	0.976383304142544	0.0193425831031976	0.300897096889784	0.391422588495735	0	0.494207146794645	0.274376408636703	0.0193425831031976	0.0193425831031976	0.139331263934289	0.335813694903466	0.0184246637086759	0.565916900905093	0.25019504954647	0.113138050670485	0.9861100744383	0.984465810092777	0.0201358085053999	0.271474913088319	0.350208887101013	0.307168952936358	0.0107795399995901	0.294396700122429	0.0188875930875401	0.0193425831031976	0.990880747825988	0.185054881730268	0.0229422726627485	0.0803821599766168	0.107312957774039	0.264973100220242	0.0512601340292256	0.0278692883790667	0.985828069094581	0.0648473868284941	0.00504286561592521	0.269149525966809	0.144353330687706	0.0215904938965087	0.409360280047146	0.26093631715921	0.273417323330865	0.405332243293935	0.0315266333060636	0.0193425831031976	0.0733669817509743	0.29436633887265	0.20822901530986	0.258267200751002	0.0156374118227294	0.0077777565120929	0.172829646615512	0.135027677529681	0.477749267897271	0.236987659958868	0.620656300308684	0.114680282752089	0.296298036824045	0.227030580897135	0.0623453042351051	0.0172201328816144	0.0164496195922935	0.0131701099225972	0.0190770462765781	0.305716192353623	0.89723919563638	0.686224931022455	0.0193425831031976	0.398897062660205	0.464635995985712	0.0193425831031976	0.378258313119573	0.998848978218084	0.0588207017266669	0.636718357988342	0.19799915492429	0.00314096980769461	0.25084865964151	8.25488602220163e-05	0.598196652416856	0.43659026608345	0.0107403387615094	0.275005527880235	0.919492986747559	0.0627209108019127	0.642554131522975	0.19713025085652	0.0186202783961373	0.017988839383716	0.116541905451331	0.133550864874792	0.935311643473836	0.0193425831031976	0.0592092908661906	0.0193425831031976	0.733643954523463	0.0267950185271304	0.0193425831031976	0.545846980371249	0.152251464092172	0.260937742163242	0.0356417434714922	0.0272772597461879	0.00808141428000757	0.440594211101117	0.0222006733220757	0.58044194790674	0.0193425831031976	0.921101894527542	0.178354589225512	0.0109869772946188	0.0689178165058171	0.218329560744508	0.104476201019569	0.346398889280271	0.000299608782868708	0.0828937437516388	0.800698305927194	0.247098519062791	0.0381640691631949	0.179408391375413	0.824320759486579	0.0193425831031976	0.0494274934791782	0.965488074740803	0.0193425831031976	0.0583731635906249	0.0499201069004913	0.21112633297137	0.110667798949301	0.35651860533353	0.0257484725092036	0.0218909481310403	0.96268249600348	0.987664785579123	0.740901308172751	0.148056643736224	0.025561811118568	0.011808249001468	0.112015221900742	0.239635117878311	0.133872247956833	0.502898921990567	0.0549954250283689	0.649609884544483	0.920306674588045	0.829528651727076	0.184677368814465	0.491819363475622	0.0193425831031976	0.0250781928486066	0.0654445115116488	0.183735281090389	0.432957122566137	0.0104713689594881	0.0193425831031976	0.0325445566570276	0.0193425831031976	0.188105616522206	0.0193425831031976	0.998848978218084	0.018836712106067	0.00301036780083533	0.0193425831031976	0.0170796199810697	0.270618633933769	0.998848978218084	0.700485138643832	0.16534832595068	0.97376268934563	0.0193425831031976	0.562694925169494	0.00125590748284389	0.137763644437358	0.305663137378026	0.281480197987713	0.194321326382955	0.143140869032594	0.0729309070709463	0.980443591632323	0.0965918155325592	0.200684750523823	0.244205633205992	0.234444403880037	0.0193425831031976	0.305077286463055	0.171854396477974	0.29791719884732	0.998848978218084	0.0821614294054402	0.0193425831031976	0.0361022647620229	0.901802990479481	0.00732708972859114	0.457710841261363	0.0472225536549616	0.971522429058683	0.962470683356734
"SRR5928272"	0.452090313087429	0.331387571452425	0.475881553308611	0.489232492895541	0.246640565720278	0.430743318429947	0.508968625610609	0.31795331201879	0.348925370019722	0.168224322683124	0.107906217025675	0.925926160505738	0.927087644510576	0.460056493726255	0.94290026582707	0.443261795903558	0.490922804109157	0.508968625610609	0.069668799747392	0.405181647580628	0.126880556654891	0.412950335637587	0.508968625610609	0.476912309513595	0.318465014593078	0.0486777510365336	0.500754421222712	0.508968625610609	0.416239107702454	0.451702046369718	0.0310463063676532	0.94290026582707	0.387563023259747	0.508968625610609	0.459596082790762	0.883663666206527	0.508968625610609	0.224783733367951	0.125675341600842	0.494207146794645	0	0.252006021527351	0.508968625610609	0.508968625610609	0.379479659403973	0.187729020658868	0.508274061502368	0.0973444808722761	0.276164317748222	0.402246136688692	0.909029875134519	0.904712076458258	0.47855534171496	0.254937604059889	0.172033546269243	0.218231335965514	0.502466273048441	0.231528124764755	0.508624420821453	0.508968625610609	0.921626941219584	0.338282557658369	0.47635030292655	0.429905402455516	0.407229759881804	0.26147404971819	0.453770844210358	0.472465032879161	0.908288468582514	0.442719113635127	0.498081206912454	0.257280571471557	0.375046635783924	0.47741312169717	0.104812521966693	0.265509683074357	0.252976055604129	0.109534789769979	0.469569288088221	0.508968625610609	0.435715556880827	0.231559514709531	0.316661356764191	0.268168575359621	0.506161415414796	0.500174644327962	0.349484244191207	0.383260883567214	0.0211625981223977	0.289101090426872	0.177800002156118	0.400921910891846	0.229560317697859	0.298736602073526	0.444765093359207	0.480840038825869	0.481442762451308	0.484003250137772	0.508767761728926	0.219753046825648	0.691919300813966	0.282098541393008	0.508968625610609	0.117033967441885	0.0377284528554515	0.508968625610609	0.140717407586691	0.94290026582707	0.447638888471121	0.202513152370683	0.326269023069118	0.496622253645842	0.275519424880969	0.494143579364658	0.144101873630875	0.0723067353122907	0.502436386997656	0.251369181090034	0.743339410082295	0.444458268904302	0.211622617568661	0.327080438915423	0.50842212702545	0.507944079326209	0.39932076574253	0.384554721660866	0.781036932888149	0.508968625610609	0.447322526621806	0.508968625610609	0.363548368984021	0.473313701950635	0.508968625610609	0.0692223996227529	0.368029770500736	0.26550826152098	0.466299119516474	0.472932839536018	0.500406753431807	0.0674396419976742	0.476933543210062	0.118145938373353	0.508968625610609	0.747129235429962	0.34443908559209	0.485703382942003	0.439380162706661	0.307075247962673	0.409646447908309	0.176212085748068	0.493976407275909	0.427815651375347	0.488503800093326	0.279213525385463	0.464288391544298	0.343473581028776	0.535537404743389	0.508968625610609	0.45525054721814	0.855745350229415	0.508968625610609	0.448003096712107	0.454853057254668	0.313921825113533	0.404363024109294	0.165074419728728	0.474139643478278	0.477177010153224	0.848639264994459	0.913123755188112	0.37649808867548	0.371763433232547	0.474286872414917	0.485064218276372	0.403208983654115	0.286522220475564	0.384273318835979	0.011347200811948	0.450746891744529	0.222731129134002	0.745254833088553	0.546133171863962	0.338630549911917	0.00309643386718142	0.508968625610609	0.474668205334334	0.442230112096612	0.339498385379834	0.0767034371473105	0.48610441052584	0.508968625610609	0.468761555240239	0.508968625610609	0.335465466915351	0.508968625610609	0.94290026582707	0.508585919835215	0.496521973607066	0.508968625610609	0.507255240994027	0.255801031591509	0.94290026582707	0.306032036335139	0.356271096323712	0.876901231107623	0.508968625610609	0.0927818813487618	0.495173666700175	0.38085887748697	0.219808574475361	0.24479011611911	0.329698584529147	0.376118919290035	0.436075429078291	0.894201045361961	0.41632822173757	0.323756535759491	0.282053243230998	0.291571741484678	0.508968625610609	0.220421517036555	0.350371876090305	0.22788136299837	0.94290026582707	0.428425494512514	0.508968625610609	0.465932362975043	0.702314935829641	0.488545775020477	0.046373273585235	0.457027430529354	0.871144156956721	0.848104141525904
"SRR5928170"	0.635883038701567	0.0861562419187009	0.252373153450136	0.268382011814054	0.00569898072639389	0.199085432558411	0.292258550331894	0.0713286760375142	0.105668033157161	0.0872650371694055	0.1478863318325	0.965750499988435	0.966484381884508	0.233545089499238	0.976442678642617	0.213736225899789	0.270417019455552	0.292258550331894	0.185402145540147	0.169468817347348	0.129009501936712	0.178427751284785	0.292258550331894	0.253605039439419	0.0718915754620327	0.205704237107158	0.672816096214207	0.292258550331894	0.18223143978592	0.223669155216053	0.280982397961022	0.976442678642617	0.149285622559333	0.292258550331894	0.641629616936451	0.938819553047937	0.292258550331894	0.0287560603461052	0.130213734189783	0.274376408636703	0.252006021527351	0	0.292258550331894	0.292258550331894	0.140087704253584	0.0672737012887382	0.291413957691734	0.341463318238315	0.0258523791763304	0.166093060454608	0.955036980009105	0.952287824017329	0.255570079250938	0.00312033919884977	0.083375933635329	0.0356191364205133	0.284364035880181	0.0216683031511644	0.291839956405805	0.292258550331894	0.963031156653007	0.0938062405546701	0.252933285192154	0.198108252377386	0.171827173329637	0.0100943131141113	0.22611062869963	0.248294825813104	0.954565253692653	0.213099090035501	0.279055718716036	0.00561748804658448	0.13505988874668	0.254203819596329	0.150947600772962	0.0144116061265904	0.0010319806918414	0.146272974842954	0.244843978786549	0.292258550331894	0.204892988417801	0.0216352589821717	0.0699081157803753	0.0172608964185391	0.288846916668887	0.281588354035643	0.106292723601411	0.14438546149485	0.232008459543325	0.0398271632663856	0.412407019123773	0.164571938198617	0.0237387727450759	0.0502958042530779	0.215502129511762	0.258305414450242	0.259027578613751	0.262098074489923	0.292014266533696	0.0340272816476272	0.810806554844706	0.500596071974748	0.292258550331894	0.13882731197238	0.216213178188368	0.292258550331894	0.115132883191276	0.976442678642617	0.218881861388052	0.433679600702165	0.0804947511703058	0.277292367253612	0.0251581439525518	0.274299709547543	0.383011608974866	0.182836236369831	0.284327815041666	0.000677234515921577	0.846107478425959	0.215141592499418	0.441460923495487	0.0813912423232711	0.291593979389274	0.291012809007816	0.162734132314989	0.145857992714408	0.871525876542941	0.292258550331894	0.21850955088176	0.292258550331894	0.566671159634211	0.249307193477852	0.292258550331894	0.316037412655479	0.12712524045289	0.0144100838048588	0.240953343476202	0.248852810237278	0.28186933487502	0.187567893358449	0.253630423575535	0.360058084161421	0.292258550331894	0.848680316774273	0.100659955234436	0.264139176184466	0.209183027082926	0.0593971223539645	0.174613201636278	0.0791013308427368	0.27409801582287	0.195673062533875	0.663590618592697	0.0291379706980803	0.238564477987972	0.0995836721570361	0.698750470229942	0.292258550331894	0.227858535538418	0.920782897539045	0.292258550331894	0.219310557379861	0.227388863300654	0.0668989965665877	0.168526899791828	0.0904754670872379	0.250292890841743	0.253921500344445	0.916160245783037	0.957639290198249	0.576960433005215	0.131343646679587	0.250468642914844	0.263371606009892	0.167199734904963	0.0370340255749845	0.145537640437617	0.262646048471908	0.222542843610444	0.450906598709464	0.847408313104853	0.706575421616319	0.094193060075607	0.249092603733377	0.292258550331894	0.250923917028199	0.212525135027026	0.0951580270493604	0.178552311494729	0.264620902897976	0.292258550331894	0.24388235865322	0.292258550331894	0.0906773877962304	0.292258550331894	0.976442678642617	0.291793139466793	0.277171215468505	0.292258550331894	0.29017564061482	0.0040402415406176	0.976442678642617	0.520258840849391	0.113893278656358	0.934468829274579	0.292258550331894	0.337360717262088	0.275542913687064	0.141654347797234	0.0339691714916656	0.00766088426013733	0.0842864489557548	0.13627497884842	0.205313910982385	0.945575991215475	0.182334597891131	0.0777212062289012	0.0322024144927833	0.0425065351119021	0.292258550331894	0.0333276145476323	0.107285259616123	0.0255037042451141	0.976442678642617	0.196383435801136	0.292258550331894	0.240517423597682	0.818002913156608	0.267555782572027	0.207920620925314	0.229959307362419	0.930755802730486	0.915811611746529
"SRR5928176"	0.789918004018251	0.211107412683941	0.0428621292896069	0.0257805448813232	0.29749098567285	0.0985734744819501	0	0.225353219453453	0.192178715481573	0.370623462897448	0.422933222968152	0.99387729845637	0.994298453627036	0.0627460108210006	1	0.0834293689073278	0.0235975263877474	0	0.454473602144294	0.128796151422031	0.406825216843403	0.11970853991261	0	0.0415534427287181	0.224814571131965	0.471285003128532	0.814307209533871	0	0.115835952775654	0.0730879693622319	0.53209815559818	1	0.149098021863205	0	0.793740508590241	0.978328847759373	0	0.318494300745317	0.407857638748481	0.0193425831031976	0.508968625610609	0.292258550331894	0	0	0.158272219562691	0.352997340942746	0.000918227514612389	0.579288883634392	0.268315006107857	0.132208214846732	0.987713759216728	0.9861275139052	0.0394639192461285	0.289386697902839	0.367209340042813	0.324695087160471	0.00856472455289591	0.312066076339471	0.000455146581871004	0	0.992315567839666	0.203710894636597	0.0422671949807137	0.09957896325717	0.126408483099887	0.28295021396529	0.0705368655766861	0.0471879203051778	0.987441711262309	0.0840906559565809	0.0143010309413297	0.287084850056646	0.163266679397202	0.0409169877283617	0.42553032856801	0.27895322831771	0.291309296933554	0.421562797826278	0.0508400251051903	0	0.0925858518296457	0.312036048631359	0.226711821938746	0.276310104656458	0.00370622680179141	0.0115664650107119	0.191569234109308	0.15399156536643	0.492803953859615	0.255228639622088	0.632845377741935	0.133743526792714	0.313946459594652	0.245358655038622	0.0815952387702846	0.0365512527045784	0.0357814829533202	0.0325048963705549	0.000265629117110613	0.323258913919097	0.901844742209181	0.696858257494267	0	0.415223082267023	0.47991742455449	0	0.394880548827371	1	0.0780796401834517	0.648540306477995	0.216560805809361	0.0162025401616356	0.268962464241624	0.0194251027592709	0.61088385682674	0.452336138707827	0.00860392734456794	0.292881202340411	0.923372507542861	0.0819698592337277	0.65424044439537	0.215698424956381	0.000722549739770702	0.0013541873812969	0.135596681575583	0.152522467827146	0.938664650533188	0	0.0784672587498591	0	0.743058159802185	0.0461150972356706	0	0.559626178932729	0.171119552612329	0.278954639376268	0.054948657965531	0.0465966941822048	0.0112628265192701	0.456275487845523	0.0415264660166822	0.59351034730028	0	0.924928259748207	0.197057074337501	0.0303234926490061	0.0881497569069348	0.236730823395616	0.123583632233277	0.363448548832759	0.0196420847064335	0.102082212896504	0.808254328422367	0.265247412473984	0.0574667092234119	0.198103674744165	0.8311847969096	0	0.0687082254771207	0.967812664100625	0	0.0776332130656639	0.0691997755633537	0.229586124485665	0.129748868021474	0.373436426963098	0.0450699203129468	0.0412170984129501	0.965104027563601	0.98921352543248	0.750121982948833	0.166949051189265	0.0448834989284543	0.0311441343087357	0.131090370167521	0.25785234043387	0.152842178661631	0.517501676779081	0.0742636252748115	0.661130607739506	0.924159323729438	0.836237516682085	0.203336043118539	0.506623977745115	0	0.0444004965934228	0.0846861563586812	0.202400574535605	0.448761115614145	0.0298082673261764	0	0.0518564035089643	0	0.206739933810011	0	1	0.000506044602855559	0.0163331107879758	0	0.00226366726524606	0.288539109202013	1	0.710760126486081	0.184136398785737	0.975799778871248	0	0.57613324008585	0.01808708933079	0.156713030827943	0.323206463284583	0.299288489139826	0.212910402138759	0.16206096623668	0.0921510899434204	0.982246828852107	0.115730807222786	0.219226067632672	0.262381249193152	0.252707968331322	0	0.322627279005327	0.190600418876943	0.315547675724785	1	0.101352352190172	0	0.0554084160905273	0.906261043504963	0.0266661143774895	0.473109550115581	0.0665079371450311	0.97363758950137	0.964899522713396
"SRR5928264"	0.789918004018251	0.211107412683941	0.0428621292896069	0.0257805448813232	0.29749098567285	0.0985734744819501	0	0.225353219453453	0.192178715481573	0.370623462897448	0.422933222968152	0.99387729845637	0.994298453627036	0.0627460108210006	1	0.0834293689073278	0.0235975263877474	0	0.454473602144294	0.128796151422031	0.406825216843403	0.11970853991261	0	0.0415534427287181	0.224814571131965	0.471285003128532	0.814307209533871	0	0.115835952775654	0.0730879693622319	0.53209815559818	1	0.149098021863205	0	0.793740508590241	0.978328847759373	0	0.318494300745317	0.407857638748481	0.0193425831031976	0.508968625610609	0.292258550331894	0	0	0.158272219562691	0.352997340942746	0.000918227514612389	0.579288883634392	0.268315006107857	0.132208214846732	0.987713759216728	0.9861275139052	0.0394639192461285	0.289386697902839	0.367209340042813	0.324695087160471	0.00856472455289591	0.312066076339471	0.000455146581871004	0	0.992315567839666	0.203710894636597	0.0422671949807137	0.09957896325717	0.126408483099887	0.28295021396529	0.0705368655766861	0.0471879203051778	0.987441711262309	0.0840906559565809	0.0143010309413297	0.287084850056646	0.163266679397202	0.0409169877283617	0.42553032856801	0.27895322831771	0.291309296933554	0.421562797826278	0.0508400251051903	0	0.0925858518296457	0.312036048631359	0.226711821938746	0.276310104656458	0.00370622680179141	0.0115664650107119	0.191569234109308	0.15399156536643	0.492803953859615	0.255228639622088	0.632845377741935	0.133743526792714	0.313946459594652	0.245358655038622	0.0815952387702846	0.0365512527045784	0.0357814829533202	0.0325048963705549	0.000265629117110613	0.323258913919097	0.901844742209181	0.696858257494267	0	0.415223082267023	0.47991742455449	0	0.394880548827371	1	0.0780796401834517	0.648540306477995	0.216560805809361	0.0162025401616356	0.268962464241624	0.0194251027592709	0.61088385682674	0.452336138707827	0.00860392734456794	0.292881202340411	0.923372507542861	0.0819698592337277	0.65424044439537	0.215698424956381	0.000722549739770702	0.0013541873812969	0.135596681575583	0.152522467827146	0.938664650533188	0	0.0784672587498591	0	0.743058159802185	0.0461150972356706	0	0.559626178932729	0.171119552612329	0.278954639376268	0.054948657965531	0.0465966941822048	0.0112628265192701	0.456275487845523	0.0415264660166822	0.59351034730028	0	0.924928259748207	0.197057074337501	0.0303234926490061	0.0881497569069348	0.236730823395616	0.123583632233277	0.363448548832759	0.0196420847064335	0.102082212896504	0.808254328422367	0.265247412473984	0.0574667092234119	0.198103674744165	0.8311847969096	0	0.0687082254771207	0.967812664100625	0	0.0776332130656639	0.0691997755633537	0.229586124485665	0.129748868021474	0.373436426963098	0.0450699203129468	0.0412170984129501	0.965104027563601	0.98921352543248	0.750121982948833	0.166949051189265	0.0448834989284543	0.0311441343087357	0.131090370167521	0.25785234043387	0.152842178661631	0.517501676779081	0.0742636252748115	0.661130607739506	0.924159323729438	0.836237516682085	0.203336043118539	0.506623977745115	0	0.0444004965934228	0.0846861563586812	0.202400574535605	0.448761115614145	0.0298082673261764	0	0.0518564035089643	0	0.206739933810011	0	1	0.000506044602855559	0.0163331107879758	0	0.00226366726524606	0.288539109202013	1	0.710760126486081	0.184136398785737	0.975799778871248	0	0.57613324008585	0.01808708933079	0.156713030827943	0.323206463284583	0.299288489139826	0.212910402138759	0.16206096623668	0.0921510899434204	0.982246828852107	0.115730807222786	0.219226067632672	0.262381249193152	0.252707968331322	0	0.322627279005327	0.190600418876943	0.315547675724785	1	0.101352352190172	0	0.0554084160905273	0.906261043504963	0.0266661143774895	0.473109550115581	0.0665079371450311	0.97363758950137	0.964899522713396
"SRR5928432"	0.715922673477083	0.0545514004566676	0.11615201673858	0.133002665153148	0.145677177345439	0.0605887916330195	0.158272219562691	0.069412091071146	0.0349061923227439	0.224765566759549	0.28246409469743	0.980887212819026	0.981453900636722	0.0964278818420109	0.989133875762314	0.0757850940876471	0.135149965785305	0.158272219562691	0.317719958468445	0.0300529005410474	0.264594657057918	0.0392641367698234	0.158272219562691	0.117446063865896	0.0688490057866732	0.336657392881539	0.746641825057963	0.158272219562691	0.0431816908105066	0.0861222912366422	0.406021911796323	0.989133875762314	0.00938267507188818	0.158272219562691	0.720720530216758	0.960024191856127	0.158272219562691	0.168205756879913	0.265737236003814	0.139331263934289	0.379479659403973	0.140087704253584	0.158272219562691	0.158272219562691	0	0.205537542705067	0.157375527196368	0.460796674959303	0.114626202073242	0.0265878487560981	0.972603369178113	0.970474329776498	0.119511160666478	0.137023761714778	0.221032815888076	0.174885180782445	0.149898820123992	0.16129500677587	0.157827778188446	0.158272219562691	0.978786545727231	0.0468612950713995	0.116740358870852	0.0595773724319446	0.0324755126977133	0.130166704631928	0.0886674068188898	0.111870998474614	0.97223814583063	0.0751229781497017	0.144278677821282	0.134569927849053	0.00511900988106714	0.118075215705977	0.28535377214783	0.125915455669589	0.139074654635769	0.280940248990698	0.108252363761174	0.158272219562691	0.0666053649695647	0.161262757664276	0.0708327451367261	0.123107094295314	0.15465141014029	0.14695906750772	0.0342755360757697	0.00438119678436986	0.361047152035178	0.100790024715054	0.523990752687229	0.0250275209399604	0.163315101049483	0.0903915742481691	0.0776208318718941	0.122387620295565	0.123147401739789	0.126379512624355	0.158012845461784	0.173336995547466	0.859023369515906	0.600999604915011	0.158272219562691	0.273899429614825	0.346421214847895	0.158272219562691	0.251402683641589	0.989133875762314	0.0811366736645342	0.542721581950949	0.0602324728128061	0.142413549793931	0.11531221725712	0.139250223108408	0.497942985268439	0.315319474000173	0.149860443866917	0.140752365434759	0.887181809968105	0.0772459656084745	0.549548341669537	0.0593334524794656	0.157566636327526	0.156949705942396	0.0231432008150199	0.00588348165834361	0.907311624713239	0.158272219562691	0.0807492111214125	0.158272219562691	0.657605605954605	0.112933235879777	0.158272219562691	0.437871825341557	0.0131835283673063	0.125916955558483	0.104176637732795	0.112456433211299	0.147256555440549	0.319744846056015	0.117472733464181	0.477469404255293	0.158272219562691	0.889224862161294	0.0399582904744245	0.128529548260177	0.0710558922862532	0.0813277586198579	0.0353394373951308	0.216925691583471	0.139037120143721	0.0570580215073655	0.738994300524573	0.111377802417987	0.101676265953453	0.0410431509547593	0.768049017136064	0.158272219562691	0.090490551495647	0.945977549897196	0.158272219562691	0.0815828649724646	0.0900005772836626	0.0738402890950553	0.0290857501176194	0.227844077044218	0.113967771076831	0.117778563677642	0.942367907115195	0.974617423198273	0.666337835325246	0.00889821615830108	0.114152260270826	0.12772087202769	0.0277234490968492	0.103559557853407	0.00555660576936461	0.389248667440884	0.084948736244662	0.557817508353139	0.888214939089091	0.774481711912551	0.0464720301701443	0.37680011124517	0.158272219562691	0.114630208457566	0.0745266182186293	0.0455007875592618	0.311308196923472	0.129037159775996	0.158272219562691	0.107244593967142	0.158272219562691	0.0500084499002752	0.158272219562691	0.989133875762315	0.157778073558409	0.142285438470076	0.158272219562691	0.156061198602403	0.136120003952867	0.989133875762314	0.61794104368841	0.02659394376476	0.956641367214089	0.158272219562691	0.457107592998001	0.14056401155118	0.00159647312881107	0.173280467289156	0.147599439872136	0.0564286094797617	0.0038825140640492	0.0670418050240279	0.965270692113461	0.0432879931118886	0.063012482098601	0.10834549864696	0.0981313674461531	0.158272219562691	0.172656317717637	0.0332733045123274	0.165036222850777	0.989133875762314	0.0577927738949871	0.158272219562691	0.103720248814608	0.864782886406844	0.132131185134159	0.338718819963514	0.0926828972328029	0.953751637293063	0.942095513549918
"SRR5928205"	0.592473555419373	0.152597155737799	0.314617331790902	0.330044879370858	0.0615969566019697	0.26304198052884	0.352997340942746	0.137978961203124	0.171791868471028	0.0201024554070111	0.0813749194592437	0.957021505424709	0.957850635575234	0.296433493815822	0.969109511037357	0.277256219671989	0.332003788457722	0.352997340942746	0.119532229818402	0.234228144659452	0.0622444557070141	0.242955518123754	0.352997340942746	0.315805579392728	0.138534411420515	0.140258098069586	0.632498482382443	0.352997340942746	0.246657931809236	0.286878377269174	0.217581287867249	0.969109511037357	0.214530668057874	0.352997340942746	0.598688387685016	0.926651964053842	0.352997340942746	0.038587929050723	0.0634634907862392	0.335813694903466	0.187729020658868	0.0672737012887382	0.352997340942746	0.352997340942746	0.205537542705067	0	0.352186599016098	0.280251292350508	0.0929738287375201	0.230937097918253	0.944926852878095	0.941826106186875	0.31770063182377	0.0703801296632781	0.0161877247482339	0.0317261465186588	0.345415909156286	0.045668079531779	0.352595534629816	0.352997340942746	0.95394994263897	0.16012845836881	0.315157644027061	0.262092990803645	0.236526494709113	0.0773185763204831	0.289241636669003	0.310682172295368	0.944394715593475	0.276638610148244	0.3403139212902	0.0728652616538989	0.200617280079202	0.316383082419243	0.0844816731996824	0.0816108065957306	0.0683012171908429	0.0797380803235459	0.30735090218082	0.352997340942746	0.268679602646776	0.0457010733279637	0.136577024786586	0.0844422716583021	0.349721920350382	0.342748535938102	0.172405628705233	0.209740902242811	0.167191841657081	0.106831351941977	0.354391163334692	0.229453690968889	0.0436004903079647	0.1171961298644	0.278967746478533	0.320337771835603	0.321033861167498	0.323992792727141	0.352762856632147	0.0333182338240401	0.783787555061037	0.447512744681494	0.352997340942746	0.0721884202293918	0.151007626924169	0.352997340942746	0.0482107783837984	0.969109511037357	0.282242354468735	0.376755647068329	0.147018831836122	0.338618363566732	0.0922847801233004	0.335739909352272	0.323588566466467	0.116916599873196	0.345381107607903	0.0665993237705765	0.822939445687425	0.278618342035456	0.384951866747606	0.147902418852087	0.35235941270582	0.351801498269949	0.22766107493464	0.21118056859923	0.851245493054702	0.352997340942746	0.281881692167145	0.352997340942746	0.517990653589063	0.311659187936908	0.352997340942746	0.253845408839161	0.192846041660996	0.0816092935247488	0.303593362764922	0.311220687082538	0.343018594671499	0.12174061395545	0.315830062400868	0.299617852192031	0.352997340942746	0.82580018882372	0.16686967241235	0.325959106035005	0.272841482489664	0.1261960221597	0.239240760318842	0.0118871908338492	0.335545873924118	0.25972754829048	0.622482372299356	0.096234053127823	0.301285314644113	0.165811441021118	0.660721071376781	0.352997340942746	0.290933105658734	0.906373877840367	0.352997340942746	0.282657617382528	0.290478634861092	0.133606526006484	0.233310003352268	0.0233355019981931	0.312610346089839	0.316110800507415	0.901184684236863	0.94786303279366	0.529020639520371	0.196978536581849	0.312779927461218	0.32521971921397	0.232016155284994	0.104063608304098	0.210867388792436	0.198677724516816	0.285787904776968	0.394912357482489	0.824385722727464	0.669255488477316	0.160509083351099	0.184733697003161	0.352997340942746	0.313219199495919	0.276082203058542	0.1614585165001	0.112551579912395	0.326423108771706	0.352997340942746	0.306422348083235	0.352997340942746	0.157049029441799	0.352997340942746	0.969109511037357	0.352550593972578	0.338501855912212	0.352997340942746	0.350997758864543	0.0712956966624684	0.969109511037357	0.468421954838341	0.179869333988316	0.921756064890592	0.352997340942746	0.275984686299825	0.336935801532489	0.207070038562862	0.0333763463811994	0.0596417591487313	0.15075527002184	0.201806662214762	0.269088049540806	0.93426072010912	0.246758318720869	0.144284577056315	0.0992736165984015	0.109485446165279	0.352997340942746	0.0340179013406613	0.173380699092566	0.0418375852419492	0.969109511037357	0.260417649911428	0.352997340942746	0.303172241749328	0.791753976659126	0.329249405001473	0.14252401618623	0.29296555754845	0.917580038692605	0.900793453221997
"SRR5928248"	0.789538991013992	0.21022755581436	0.0419454561816237	0.0248628715448041	0.296649057845843	0.09766357032654	0.000918227514612389	0.224478728530556	0.191292271976864	0.369823739563282	0.422169366018666	0.993813042563001	0.994234922273643	0.0618311375865428	0.999946307638425	0.0825170934740412	0.0226797615853251	0.000918227514612389	0.453733659970959	0.127892165311272	0.406049810685004	0.118802608206333	0.000918227514612389	0.0406366751411515	0.223939870930069	0.470558511422514	0.813962039791526	0.000918227514612389	0.11492923538149	0.0721743025787257	0.53142440576882	0.999946307638425	0.148198898283622	0.000918227514612389	0.793366731707492	0.978238058108482	0.000918227514612389	0.317663546432072	0.407082959350692	0.0184246637086759	0.508274061502368	0.291413957691734	0.000918227514612389	0.000918227514612389	0.157375527196368	0.352186599016098	0	0.57866047387532	0.26745882374746	0.131304996121674	0.987638934975004	0.986049980454401	0.0385470069468139	0.288540662802386	0.366407440452535	0.323867777553916	0.00764655366027195	0.31123182121801	0.000463081114969059	0.000918227514612389	0.992248627886264	0.202828390208526	0.04135047855475	0.0986692305847971	0.125503971970264	0.28210099781683	0.069622884004903	0.0462715805695529	0.987366422069571	0.083178475785968	0.013382968899203	0.286237669099166	0.162371371797215	0.0400001752628963	0.424768375752139	0.278102072855139	0.29046422592786	0.420797940821029	0.049923992017068	0.000918227514612389	0.0916749627144241	0.311201777324623	0.225837861098403	0.275457681950653	0.00278800822089247	0.0106483439811635	0.1906825888237	0.153093720484916	0.492095393044461	0.254366542149548	0.632273096209292	0.132840659934394	0.31311322112943	0.244492292302879	0.0806827030766663	0.0356341512840094	0.0348643340021234	0.0315875565652926	0.000652598547376279	0.322430800557862	0.901629531782824	0.696359580226808	0.000918227514612389	0.414453641216644	0.479198029606113	0.000918227514612389	0.39409686852427	0.999946307638425	0.0771666218956581	0.647985414752733	0.215682961582434	0.0152845267590581	0.268106582229178	0.0185071860651852	0.610287958345215	0.451594521451987	0.00768575700274207	0.292036924325551	0.923191292123099	0.0810573762253735	0.653691973976318	0.214820259032106	0.000195677897082294	0.000435960377109297	0.134694244858933	0.151624234714611	0.938508071272357	0.000918227514612389	0.0775542926228552	0.000918227514612389	0.74261701499937	0.0451986718040072	0.000918227514612389	0.558978408919372	0.170226509567163	0.278103484593456	0.054032997428797	0.0456803069738217	0.0103446997375398	0.455536963914148	0.0406096965127092	0.592896357502296	0.000918227514612389	0.924749532176753	0.196172269068155	0.0294060360763531	0.0872381780455423	0.235860870258378	0.122678512688501	0.362644275361914	0.0187241751692188	0.101172914741505	0.807900663345388	0.264389816954056	0.0565512914403708	0.197219226304973	0.830863650497723	0.000918227514612389	0.0677940251896802	0.967704165946995	0.000918227514612389	0.0767201350253556	0.0682856334997272	0.228713295630054	0.128845094153756	0.372638511848897	0.0441534133077301	0.0403003070216954	0.964990999307795	0.989141266710678	0.749689960594548	0.166054792201624	0.0439669775720233	0.0302267206982913	0.130186897817015	0.256991405139463	0.151944029719635	0.516814683738114	0.0733501073477591	0.660589974340584	0.92397936600584	0.835923658251524	0.202453407033607	0.505927355395584	0.000918227514612389	0.043483938333767	0.083774062620959	0.201517610951957	0.448016714369721	0.0288907843755763	0.000918227514612389	0.0509404598635646	0.000918227514612389	0.205858502172297	0.000918227514612389	0.999946307638425	0.000412183092093874	0.0154151009547309	0.000918227514612389	0.00134544238383261	0.287692651106456	0.999946307638425	0.710278372211556	0.183247344420165	0.975704712940153	0.000918227514612389	0.575501678119918	0.0171691303029884	0.155815914998467	0.322378320636901	0.298447487692143	0.21203120499138	0.161165320388903	0.0912401317248484	0.982162685820206	0.114824068857934	0.218349225772381	0.261522348021498	0.251844765536642	0.000918227514612389	0.321798813279646	0.189713454168501	0.314715307803869	0.999946307638425	0.100442926225646	0.000918227514612389	0.0544927990586645	0.906052741474707	0.0257484804948971	0.472384547626496	0.0655934813564146	0.973538876420911	0.964786152946574
"SRR5928464"	0.370081017145778	0.416093589698075	0.549268053105247	0.561402708506861	0.336380688324807	0.508030371706919	0.579288883634392	0.403537602054891	0.432439755739678	0.261536181015499	0.203240569140556	0.905423012619595	0.906797699705374	0.534847764926378	0.925544772030593	0.519499942478858	0.562937003813684	0.579288883634392	0.16595355872933	0.484531663576268	0.221647383116563	0.491684599555913	0.579288883634392	0.550205919990131	0.404016402199122	0.14537362267779	0.422816274015586	0.579288883634392	0.494709744876695	0.527218730736354	0.0664873723190263	0.925544772030593	0.468273051766285	0.579288883634392	0.378182672128292	0.855619408429483	0.579288883634392	0.315625363545654	0.220480098747273	0.565916900905093	0.0973444808722761	0.341463318238315	0.579288883634392	0.579288883634392	0.460796674959303	0.280251292350508	0.57866047387532	0	0.364287774299638	0.481826265980357	0.885461336723349	0.880371001715223	0.551700535021944	0.344238306424906	0.265196376612608	0.309387299666612	0.573402859359989	0.322038548248185	0.578977472478296	0.579288883634392	0.900337406449193	0.422526165988863	0.549694581163396	0.50726175939863	0.486418394146754	0.350420355474378	0.529108940662507	0.546158206884891	0.884586965895936	0.519003255332044	0.569429645412867	0.346455073640538	0.456691983624802	0.550661538873623	0.200233394338637	0.354233571972137	0.34238169801155	0.204822917805247	0.543520928298594	0.579288883634392	0.512589022832017	0.322068378528925	0.402328525194746	0.356744419467914	0.576748578554061	0.571326844902441	0.43295981915554	0.464295295864521	0.118277655073823	0.376469791139841	0.0817883995263036	0.480605386004327	0.320168179494821	0.385524877078116	0.520875579808594	0.553778135941842	0.55432608680805	0.556653242880546	0.579107159061156	0.310836665378695	0.634835752434284	0.189657929435323	0.579288883634392	0.212103213713237	0.134607449362586	0.579288883634392	0.235030517474132	0.925544772030592	0.523504318581727	0.1071577122179	0.411313209520088	0.568107042034346	0.363679768361427	0.565859242213139	0.0473832298450342	0.168534265565449	0.573375790586946	0.340860302746502	0.693226142017252	0.520594840493437	0.116538607560248	0.412071307845846	0.578794443183235	0.578361894343134	0.479128816302477	0.465491896450236	0.736410399193852	0.579288883634392	0.523214998931488	0.579288883634392	0.275380063445371	0.546930871853918	0.579288883634392	0.0283016477748265	0.450188227042146	0.354232229250055	0.540541031777961	0.546584132515982	0.571537153327626	0.163771794585565	0.550225238371038	0.0210291811664746	0.579288883634392	0.697553077816386	0.428263147813882	0.558197868610375	0.51594625256085	0.39334866143249	0.488643780300572	0.269208546530453	0.565707606084482	0.505344355744358	0.409494404101217	0.367161622626496	0.538707932663012	0.427363854062576	0.460812314078812	0.579288883634392	0.530460486956745	0.822949130242999	0.579288883634392	0.52383737481884	0.530097458073165	0.399763812501034	0.483777352761043	0.258507609694436	0.54768273407221	0.55044673903263	0.814662468595365	0.890291750764642	0.289131176014236	0.453649872551173	0.547816746479478	0.557617220872212	0.482713790558531	0.374043623833542	0.465231665589356	0.0860868149675257	0.526345797057706	0.127999754473535	0.69541262380392	0.472437537375255	0.422850611219151	0.100412416617857	0.579288883634392	0.548163831577762	0.51855565852349	0.423659636836326	0.172832829069613	0.558562147986613	0.579288883634392	0.542785052034541	0.579288883634392	0.419898955504858	0.579288883634392	0.925544772030592	0.578942638452591	0.568016121474405	0.579288883634392	0.577738553463637	0.345055335057277	0.925544772030592	0.214710190642744	0.439271243790024	0.847689256669569	0.579288883634392	0.00460173328784438	0.5667935013963	0.462073083744762	0.310889545639225	0.334626646393334	0.41451667072888	0.457685144004709	0.512918806058819	0.86799769318612	0.494791691118013	0.408965121301737	0.369836620657617	0.378793099748883	0.579288883634392	0.311473229909994	0.433785703767561	0.318571837746487	0.925544772030593	0.505903976499585	0.579288883634392	0.540206723036927	0.646593130927059	0.560779244779152	0.143109474999587	0.532083009873447	0.840946487786991	0.81403891575544
"SRR5928178"	0.651648766535279	0.0604305986952955	0.227920953396788	0.244124486659253	0.0315469835610798	0.174076652662796	0.268315006107857	0.0455553938881151	0.0800214829076536	0.112877641073027	0.173115521353628	0.968827398846883	0.969527502709734	0.208880184497769	0.979025038537934	0.188866474873664	0.246185151593994	0.268315006107857	0.210305404161153	0.144211340134187	0.154377083223638	0.15324094159722	0.268315006107857	0.229167368387319	0.046119905403377	0.230402930802128	0.687410284990136	0.268315006107857	0.157075829672652	0.198899696122403	0.304750384323564	0.979025038537934	0.123883424605993	0.268315006107857	0.657217218936383	0.943119075308038	0.268315006107857	0.0545702414496108	0.155572999506233	0.25019504954647	0.276164317748222	0.0258523791763304	0.268315006107857	0.268315006107857	0.114626202073242	0.0929738287375201	0.26745882374746	0.364287774299638	0	0.140809981192946	0.958604201717993	0.955980025412588	0.231155739788958	0.0227337667272113	0.109007078948561	0.0614182634513955	0.26031354400645	0.0474956307687559	0.267890663695141	0.268315006107857	0.96623300436671	0.0681093844686613	0.228487682070649	0.173090576600414	0.146587915171944	0.015761939018598	0.201366567905206	0.22379506213751	0.958153944999554	0.188223072354848	0.254935055565844	0.0202376584448253	0.109567727422404	0.229773237790103	0.176152730358777	0.0114447879644688	0.0248210220002301	0.171514662992103	0.220304613167487	0.268315006107857	0.17993805105384	0.0474626421766881	0.0441308341809452	0.00859509411271932	0.264856774756948	0.257500995515417	0.0806490138347079	0.11895115164725	0.256412735221538	0.0139883454084562	0.433903523228018	0.139277506034307	0.0495625122674819	0.0244733878522773	0.190649852183106	0.233923871246398	0.234654755947855	0.237762618522769	0.268067366539201	0.0598301040297447	0.820465689786724	0.520110638958882	0.268315006107857	0.164125057776538	0.240798221787245	0.268315006107857	0.140591246372606	0.979025038537934	0.194063456469099	0.454731548444586	0.0547496486158296	0.253148703793857	0.000694660633565151	0.250117364638593	0.405087251491037	0.207763941560806	0.260276839617747	0.0265291763524121	0.854363435242846	0.190285735119057	0.462344925547052	0.0556491165853748	0.267641312776357	0.267052182816059	0.137426135666503	0.120433208599169	0.878736149852101	0.268315006107857	0.193687386909773	0.268315006107857	0.58446153067855	0.224819159669015	0.268315006107857	0.339279719226788	0.101587221116215	0.011446310396122	0.216370036309784	0.224359505404944	0.257785690937457	0.212450271979623	0.229193052697691	0.382557525463349	0.268315006107857	0.856831774140232	0.0749913246198856	0.239828818324549	0.184268932866309	0.033593313886693	0.149395819514925	0.104752011665573	0.249913079924147	0.17063342279787	0.678483374183303	0.00328792356825198	0.213954561969938	0.0739104567595245	0.712484218649958	0.268315006107857	0.203132839075311	0.925882822621988	0.268315006107857	0.194496489301493	0.202658217390641	0.041113568992254	0.143262222531655	0.116072214218879	0.225816326676423	0.229487573810775	0.921462924333689	0.961087891785238	0.59446394142089	0.105829622432233	0.225994128870462	0.239051785593128	0.141924986922048	0.0111917355480377	0.120110774904206	0.286665679611161	0.197761767031045	0.471582899672141	0.855611472551221	0.72004344506564	0.068497735734871	0.273287925834166	0.268315006107857	0.226454720804687	0.187643489293222	0.0694665557802481	0.203520127134798	0.240316498660926	0.268315006107857	0.219332062570262	0.268315006107857	0.0649684113563046	0.268315006107857	0.979025038537934	0.267843204367757	0.25302597743133	0.268315006107857	0.266203578260715	0.0218142830168786	0.979025038537934	0.53928168198588	0.0882856617444969	0.938962775517509	0.268315006107857	0.360254673064875	0.251376583763241	0.116202652751385	0.0597721264448514	0.033507015007574	0.0585542054674961	0.110790113191771	0.180362940773662	0.949571877725151	0.157179843862268	0.0519671431350569	0.00635501683018056	0.0166714057376782	0.268315006107857	0.0591320222401344	0.0816461022881994	0.0513242207769045	0.979025038537934	0.171350172969119	0.268315006107857	0.215929239774069	0.827380634897221	0.243287899005604	0.23259578562086	0.205255882593219	0.935414994885442	0.921129542226309
"SRR5928276"	0.72943699500134	0.0810285911493599	0.089825362831596	0.106770324726369	0.171639066170254	0.0340525941900742	0.132208214846732	0.0958334104167031	0.0614403508768747	0.249946990556454	0.306881875351813	0.983328430754414	0.983867913149815	0.0700090365479785	0.991177716796368	0.0492907618215526	0.108930674318798	0.132208214846732	0.341590807804726	0.00346766071157653	0.289266406813034	0.012688760531408	0.132208214846732	0.0911261444874546	0.0952726425929173	0.36020937949625	0.759041814004418	0.132208214846732	0.0166117999403508	0.0596630777621832	0.428256721801336	0.991177716796368	0.017209215966461	0.132208214846732	0.734063757551533	0.963456591821235	0.132208214846732	0.193976779784623	0.290393215409899	0.113138050670485	0.402246136688692	0.166093060454608	0.132208214846732	0.132208214846732	0.0265878487560981	0.230937097918253	0.131304996121674	0.481826265980357	0.140809981192946	0	0.975440570239844	0.973412786943837	0.0932021636330559	0.163052288784096	0.246258009392571	0.200594792924867	0.123775456293245	0.187127247049279	0.131760533624688	0.132208214846732	0.981328481673841	0.0733630780088269	0.0904167563570941	0.0330388007022696	0.00589245455508326	0.156245403055082	0.0622176653488661	0.0855226674255734	0.97509273173673	0.0486265797481412	0.118117462744376	0.160616676612174	0.0317027958655891	0.0917586011223749	0.309729013403054	0.15202408951149	0.165087723399976	0.305380297685927	0.0818864307943391	0.132208214846732	0.0400843541411467	0.187095278076019	0.0972481474329041	0.149235012055249	0.128561301929688	0.120815705332961	0.0608112045122482	0.0222090878879985	0.384162694828928	0.127057279039038	0.54344971233613	0.00156130605463631	0.189129690900848	0.116715307047514	0.0511323434086962	0.0960941957505618	0.0968581602296375	0.100108391558056	0.131946948769126	0.199061037934033	0.866966905846139	0.618284910224045	0.132208214846732	0.298440888743947	0.369801963130322	0.132208214846732	0.27625187498322	0.991177716796368	0.054659850862735	0.561678044835531	0.0866896032115782	0.116240126335733	0.141491610384022	0.113056496003873	0.518072668482367	0.339229491123194	0.123736816155874	0.16675263382181	0.893915657409062	0.0507562700333546	0.568317468277452	0.0857938644749266	0.131497492780697	0.130876089887506	0.0034466448526441	0.0207074170933232	0.913157921950005	0.132208214846732	0.0542710722006422	0.132208214846732	0.673112127087359	0.0865901972479534	0.132208214846732	0.459423518973231	0.0397582551894304	0.152025578996781	0.0777916704112189	0.0861110119485752	0.121115197110611	0.343582437157712	0.0911529537696547	0.498103321174167	0.132208214846732	0.895869493758955	0.0664796372753144	0.102270773370913	0.0445472864053666	0.107696337681431	0.0087593380696256	0.242198252306077	0.112842043440928	0.0305137591809628	0.751675881821336	0.137582032941369	0.0752800360697549	0.0675615805484698	0.779646049206326	0.132208214846732	0.0640477956844848	0.950065870011247	0.132208214846732	0.0551075671402266	0.0635559276083058	0.10024283350915	0.00249972152657608	0.25298888682678	0.0876299415718596	0.091460388357208	0.94662329667467	0.977358642580459	0.681556347755765	0.0354781617151024	0.0878153653868723	0.101457426067489	0.00113638904316713	0.129810863966416	0.021034168983335	0.411823443076071	0.0584852651132397	0.576356719467093	0.894903696364956	0.78583322860692	0.0729749795497785	0.399618359485495	0.132208214846732	0.0882957428451859	0.0480283777558524	0.0720066143486514	0.335283036052675	0.10278133382767	0.132208214846732	0.0808738765664594	0.132208214846732	0.0765005248647703	0.132208214846732	0.991177716796368	0.131710467284236	0.116111182904015	0.132208214846732	0.129981175071968	0.162155276843845	0.991177716796368	0.634710027758256	0.0531464094478629	0.960232571898118	0.132208214846732	0.478222917521823	0.11437865549081	0.0249923744950708	0.199005034321326	0.173546022579258	0.0828993494861451	0.0304674014866009	0.0405219666299297	0.9684557434894	0.0167182618214751	0.0894592102203281	0.134568347570283	0.124413573178717	0.132208214846732	0.198386667065765	0.0598113315986057	0.190835615396224	0.991177716796368	0.0312501382462799	0.132208214846732	0.0773332022356049	0.872482018805743	0.10589361527973	0.36223504042174	0.0662487634773056	0.957478076265927	0.946363485963399
"SRR5928160"	0.745359005671163	0.966326871072182	0.984079121431952	0.985563193878931	0.954228184290699	0.978878091404681	0.987713759216728	0.964500986028126	0.968661821725567	0.941666649482445	0.930953907329589	0.081435697414412	0.0874527771518334	0.982288511304021	0.175538285822752	0.980349722445135	0.985749383335087	0.987713759216728	0.923622153828025	0.975800423608049	0.934431397007867	0.97674631154439	0.987713759216728	0.984194556899812	0.964571137321367	0.919401389209527	0.71452573730793	0.987713759216728	0.977143946502856	0.981329094120248	0.901951296131692	0.175538285822752	0.97362023971019	0.987713759216728	0.74087956984981	0.10410773417983	0.987713759216728	0.950869076345682	0.934213546422495	0.9861100744383	0.909029875134519	0.955036980009105	0.987713759216728	0.987713759216728	0.972603369178113	0.944926852878095	0.987638934975004	0.885461336723349	0.958604201717993	0.975440570239844	0	0.0191359832097824	0.984378263058842	0.955476314390287	0.942310815645127	0.94984142622501	0.987010836603196	0.951916790672079	0.987676686351622	0.987713759216728	0.0596565323953309	0.967251341721617	0.984131635131419	0.978778765576465	0.976050699926314	0.956449396085645	0.981567593612951	0.983695464661083	0.00333101810242915	0.980286400731528	0.986533701510102	0.955826138316948	0.972041181416223	0.984250591185831	0.930377087707899	0.957045751715386	0.955182552399739	0.931256432703055	0.983369034989143	0.987713759216728	0.97946536127786	0.95192164337253	0.964323651737446	0.957436831790579	0.987410961561663	0.986761799401944	0.968735342069449	0.973080358296277	0.913643180757475	0.960465829417019	0.862485308749374	0.975277797672138	0.951612144229455	0.96183106525845	0.980524908995373	0.984633104885065	0.984700216783942	0.984984775438114	0.987692126853183	0.950080949824625	0.532431898870197	0.826491018454415	0.987713759216728	0.9326395952941	0.917141458463735	0.987713759216728	0.936903759500929	0.175538285822752	0.980858899172288	0.85465937885944	0.965635066506962	0.98637439691413	0.958510527391441	0.986103106898986	0.872547944437824	0.924142473085061	0.987007593205592	0.954941301603629	0.455493946387607	0.980489179778116	0.851672695340293	0.965745050419767	0.987654891027531	0.987603364814019	0.97508061917638	0.973243038353911	0.386109542187867	0.987713759216728	0.98082219004968	0.987713759216728	0.791894295712928	0.983790914678136	0.987713759216728	0.892698927988317	0.971144683874615	0.957045542239927	0.982999006992123	0.983748091199033	0.98678705442744	0.923180732176362	0.984196933363243	0.8798584077535	0.987713759216728	0.449080093792359	0.968069679166104	0.985173232238554	0.97989586178215	0.962998157398167	0.976345180078229	0.943013237750647	0.986084780850884	0.978530593942388	0.722703402596176	0.959045986019284	0.982770752006552	0.967941783121053	0.689581255837278	0.987713759216728	0.9817378070061	0.199157755584416	0.987713759216728	0.980901142368048	0.981692113373044	0.963946599798643	0.975700206676102	0.941131198978369	0.983883713811247	0.984224177664048	0.22070043703165	0.0187416166555916	0.785738003569732	0.971622725704908	0.983900246002384	0.985102427397437	0.975558750228701	0.960097366923043	0.973207679388753	0.906486755408886	0.981218774320839	0.847952720424562	0.452266670432964	0.681428346358846	0.967297775807617	0.909715287231598	0.987713759216728	0.983943051722086	0.980229306088544	0.967413481410349	0.925004800002715	0.985217629000938	0.987713759216728	0.983277775411858	0.987713759216728	0.966874654166543	0.987713759216728	0.175538285822752	0.987672538624274	0.986363436979347	0.987713759216728	0.987529066896309	0.95560536501516	0.175538285822752	0.817003084113419	0.969623856193339	0.128802286776476	0.987713759216728	0.886661303705874	0.986215947766871	0.972777622809571	0.950089680176032	0.953947820771597	0.966099116296274	0.972177462309066	0.979507724435694	0.0631997566514771	0.977154698030009	0.965293751052212	0.959455747883911	0.960817608906313	0.987713759216728	0.95018600386704	0.968851999537496	0.951351537619733	0.175538285822752	0.978603083934014	0.987713759216728	0.98295741519106	0.51824661059151	0.985487442703831	0.91892913105026	0.981941796148138	0.148939899160953	0.222283997497322
"SRR5928478"	0.736108872319164	0.963974917783406	0.982361520400281	0.983899166527362	0.951450758830862	0.976973398612659	0.9861275139052	0.962084466159105	0.966392620953507	0.938453352406767	0.927373617370075	0.100424327209054	0.106421070161812	0.980506382295772	0.194060485233614	0.978497862964622	0.984092083165952	0.9861275139052	0.919793202682062	0.973785504875312	0.930969760612573	0.974765231255976	0.9861275139052	0.982481119982014	0.962157095789953	0.915430211751607	0.70445918777664	0.9861275139052	0.975177101461063	0.979512440862657	0.897399265776922	0.194060485233614	0.971527455968385	0.9861275139052	0.731508615231768	0.0851314416010941	0.9861275139052	0.947974507144955	0.930744463406033	0.984465810092777	0.904712076458258	0.952287824017329	0.9861275139052	0.9861275139052	0.970474329776498	0.941826106186875	0.986049980454401	0.880371001715223	0.955980025412588	0.973412786943837	0.0191359832097824	0	0.982671454034024	0.952742524657429	0.939119724844316	0.946911104823811	0.985399148516284	0.949058712959105	0.986089098692602	0.9861275139052	0.0787079131709608	0.96493212765261	0.982415928368291	0.976870509833298	0.974044731337322	0.953749667158218	0.979759519398384	0.981964027583721	0.0158059137508973	0.978432266231494	0.984904753887368	0.953104589343415	0.969892114545528	0.982539175780408	0.926777160712406	0.954366914800878	0.952438487169471	0.927686446847561	0.981625830086617	0.9861275139052	0.977581742307591	0.949063734774149	0.961900867753078	0.954771702837799	0.985813753974342	0.98514110174576	0.966468750279352	0.97096832064759	0.909479058164103	0.957907068118233	0.856662073225346	0.973244196960848	0.948743451503359	0.95932036006249	0.978679344402854	0.982935492364913	0.983005026548823	0.983299857745145	0.986105098262989	0.947158957927393	0.518267843133289	0.819559680989717	0.9861275139052	0.929116764550796	0.91309440591018	0.9861275139052	0.933526760061237	0.194060485233614	0.979025338907959	0.848591059967858	0.963258634868804	0.984739688650612	0.955883062976768	0.98445859069111	0.867043237179425	0.920331101763249	0.985395787765172	0.95218880011355	0.439968825834114	0.978642331251376	0.845511452414023	0.96337250916379	0.98606651422005	0.986013122456537	0.973039972746273	0.971136801233569	0.369544450037057	0.9861275139052	0.978987310172853	0.9861275139052	0.783943896218336	0.982062919349544	0.9861275139052	0.88784359339781	0.968963704864635	0.954366697984536	0.98124246743761	0.982018551693193	0.985167270330144	0.919336874930363	0.982483582177143	0.874587508816101	0.9861275139052	0.433451392385164	0.965779472793432	0.983495119513582	0.978027699385174	0.96052858977489	0.974349745455874	0.93984637941091	0.984439602202513	0.976613437587165	0.712849912916291	0.956437321494515	0.981005989451262	0.965647041526656	0.678880272721189	0.9861275139052	0.97993585684359	0.18067009316186	0.9861275139052	0.979069100717393	0.979888519106121	0.961510500887361	0.973681704747978	0.937899455347755	0.982159064977515	0.982511809340365	0.202369190958583	0.0378648134347475	0.777610988192749	0.969458759492916	0.982176193381984	0.983421757829124	0.973535191260828	0.957525647922963	0.971100181421858	0.902084586096941	0.979398153491256	0.841676209429146	0.436689240978961	0.670525051176446	0.964980207012136	0.905420269693678	0.9861275139052	0.982220542886088	0.97837312042552	0.965100012704306	0.921222586369698	0.983541119590758	0.9861275139052	0.981531281316056	0.9861275139052	0.964542096160057	0.9861275139052	0.194060485233614	0.986084800786118	0.984728332427219	0.9861275139052	0.985936134697779	0.952876090378033	0.194060485233614	0.809787790381849	0.967388810918815	0.109921404647093	0.9861275139052	0.881609793968014	0.984575510753572	0.970654793485213	0.947167991920463	0.951160601687358	0.963739102278428	0.970033249228876	0.977625626148333	0.0441140075125372	0.975188237974007	0.962905249231359	0.956861477401106	0.958271223427415	0.9861275139052	0.947267665941857	0.966589547937538	0.948473767186394	0.194060485233614	0.976688527171805	0.9861275139052	0.981199377123435	0.503815134552086	0.983820678775407	0.914942081972143	0.980147186694838	0.130153194845396	0.20396491659995
"SRR5928436"	0.77314752132725	0.173000578045618	0.0034036309521896	0.0136964950774818	0.260911247343744	0.0593268590293284	0.0394639192461285	0.187459034077552	0.153813181578782	0.335783871635566	0.389591928431652	0.99101224956762	0.991465665607864	0.0233365014533262	0.997605406037204	0.0441021705301678	0.0158803174204943	0.0394639192461285	0.422138534061201	0.0897618184688833	0.372999913120399	0.0806031569173912	0.0394639192461285	0.00209275481210687	0.186912064479701	0.439517989534886	0.799020265296494	0.0394639192461285	0.0767021802377071	0.0337156158287568	0.50257100246705	0.997605406037204	0.11024488459792	0.0394639192461285	0.777199346812164	0.974283081378885	0.0394639192461285	0.282372173767073	0.374062752080251	0.0201358085053999	0.47855534171496	0.255570079250938	0.0394639192461285	0.0394639192461285	0.119511160666478	0.31770063182377	0.0385470069468139	0.551700535021944	0.231155739788958	0.0932021636330559	0.984378263058842	0.982671454034024	0	0.252639440623567	0.332279331205176	0.288714543195953	0.0309090315123388	0.275800294905214	0.0390094324103159	0.0394639192461285	0.989331017590159	0.165499734137885	0.00280768542155829	0.0603383069347515	0.0873548806374702	0.246073499226228	0.0311546034908494	0.00773756829005495	0.984085523065185	0.0447666174462361	0.0251762670249593	0.25029093089802	0.124558420334083	0.00145528110017856	0.392268960417475	0.241997719237106	0.254601324880156	0.388179539781858	0.0113976374679614	0.0394639192461285	0.0533053206510539	0.275769603607681	0.188838722937588	0.239303162419387	0.0357626175684398	0.0279094494440269	0.153195822150237	0.115186752255779	0.461796337998123	0.217830596007204	0.607671125228758	0.0947504874019282	0.277722371238785	0.207789172865595	0.0422594476641003	0.00291662785467067	0.00368733890203792	0.0069674383345422	0.0391986770328006	0.287245314470167	0.892282107765446	0.674869455999252	0.0394639192461285	0.381647598341975	0.448450689555358	0.0394639192461285	0.360709350931732	0.997605406037203	0.0387280829968684	0.624116763723674	0.178533551826628	0.0232753922419695	0.231815351454414	0.020053291030131	0.584692102320528	0.419930428541085	0.0308698612231099	0.256205560225525	0.915313883266109	0.0426358027152559	0.630094413680484	0.177658435892107	0.0387424096905888	0.0381116496166228	0.0966195842361531	0.11370295739472	0.931697585363919	0.0394639192461285	0.039117394493017	0.0394639192461285	0.723572646613088	0.00666259473750202	0.0394639192461285	0.531208615282471	0.132498124334556	0.241999157896619	0.0155164201298161	0.0071451464294669	0.0282129000381218	0.424000248347597	0.00206573430820372	0.566540827752503	0.0394639192461285	0.91697980461668	0.158755612381851	0.00915073736951814	0.048845831963311	0.199017565343552	0.0845077861115664	0.328419984762491	0.0198363124008155	0.062856721889408	0.792594691118551	0.228030999613997	0.0180413147779013	0.159816193927142	0.816952806279061	0.0394639192461285	0.0293191604268872	0.962979687618565	0.0394639192461285	0.0382797200383083	0.0298125146169835	0.191758099547506	0.0907223436865958	0.33867201007456	0.00561540530859048	0.00175586838018485	0.960069774550414	0.985992212194787	0.731034375603021	0.128280928281508	0.00542863352862247	0.00832942427375588	0.0920749568635019	0.220501120867672	0.114025852848683	0.48741040857573	0.0348960019084823	0.637323491148675	0.916156392179769	0.822325867379613	0.165119706050592	0.476123215122509	0.0394639192461285	0.00494473540498402	0.0453649913939612	0.16417136549772	0.416238049976205	0.00966635861721577	0.0394639192461285	0.0124164093927181	0.0394639192461285	0.168570994709016	0.0394639192461285	0.997605406037203	0.0389586072115479	0.0231448553185276	0.0394639192461285	0.03720338130748	0.251774622802409	0.997605406037203	0.689506516372277	0.145669176647668	0.971563856809367	0.0394639192461285	0.548409750412834	0.0213912066366412	0.1179358746458	0.287191659616967	0.262746588568542	0.17482962818057	0.123339788181251	0.0528682008404558	0.978496695108251	0.0765962795961441	0.181238529945916	0.225112092326685	0.215265434480878	0.0394639192461285	0.286599191869973	0.152214542133909	0.279359304827668	0.997605406037204	0.0621223909342406	0.0394639192461285	0.0159773924226516	0.89700383947774	0.0128104983763361	0.441405517194132	0.0271110179586106	0.969239517164651	0.959850097781164
"SRR5928394"	0.637811786769205	0.0830569269492233	0.249437767875722	0.265471000927446	0.00881917225856929	0.196079784477095	0.289386697902839	0.0682226340101585	0.102579540468879	0.0903622085789119	0.150941087772542	0.96612953152819	0.966859258172951	0.230582968138508	0.976760860722562	0.210748229267036	0.267509215153936	0.289386697902839	0.188419848935306	0.166431345298541	0.132079778292405	0.175399361272198	0.289386697902839	0.250671475899748	0.0687857652073382	0.208698445859583	0.67460290764923	0.289386697902839	0.179207048575554	0.220693844665229	0.283868393269917	0.976760860722562	0.146229420594008	0.289386697902839	0.643536803985554	0.939348897474941	0.289386697902839	0.0318737066498423	0.133283082884757	0.271474913088319	0.254937604059889	0.00312033919884977	0.289386697902839	0.289386697902839	0.137023761714778	0.0703801296632781	0.288540662802386	0.344238306424906	0.0227337667272113	0.163052288784096	0.955476314390287	0.952742524657429	0.252639440623567	0	0.0864750897490237	0.0387354219422081	0.281478864526802	0.0247870643482744	0.28896738854458	0.289386697902839	0.963425557803207	0.0907109018559356	0.249998726978897	0.195101471925888	0.168792046237842	0.00697418075189062	0.223138525271774	0.245353471911723	0.955007227892584	0.210110299493306	0.276161798069465	0.00249719006234858	0.131991925415696	0.251271144916896	0.153999642691752	0.0112917450411544	0.00208836483892845	0.149329139003647	0.241897651332015	0.289386697902839	0.201894186184875	0.0247540246859084	0.0668014971237011	0.0141412743686534	0.285969263385977	0.278698587033204	0.103204614389639	0.141325073811608	0.234968632424786	0.0367111197729046	0.415024486559899	0.161529701629211	0.0268572387743138	0.0471824372505694	0.21251634579178	0.255378885160086	0.256102141594762	0.259177315879518	0.289141996466019	0.0371439074414179	0.811992580856269	0.50297664794468	0.289386697902839	0.141889777170965	0.219194275837019	0.289386697902839	0.118213235008876	0.976760860722562	0.215900364114906	0.436244091919092	0.0773927150913921	0.274395576936859	0.0220394338115697	0.271398090912448	0.38569792120452	0.185856737065398	0.281442583425808	0.00379756615859798	0.847121960248165	0.212155355486996	0.444005374765605	0.0782896245695079	0.288720991602431	0.288138830477867	0.159690144031081	0.142798848019266	0.872412337154192	0.289386697902839	0.215527578118596	0.289386697902839	0.568844428790036	0.246367311961351	0.289386697902839	0.318861679193331	0.124051234247257	0.0112902226044629	0.238001492720888	0.245912267120446	0.278980031023186	0.190583205642335	0.25069689767453	0.362794635791127	0.289386697902839	0.849682011744177	0.0975684712106528	0.261221558254219	0.206189409376334	0.0562866057887489	0.171580886916655	0.082202565938847	0.271196073675023	0.192663484606797	0.665413630927472	0.0260198590197937	0.235609280070802	0.0964915645239578	0.700432851761414	0.289386697902839	0.22488874972033	0.921410548842803	0.289386697902839	0.216329608619321	0.224418452960624	0.0637911956437645	0.165488500323711	0.0935709332227786	0.247354448720017	0.250988406312632	0.916812787110582	0.958064038534407	0.579099122774533	0.128272807019153	0.247530458041518	0.260452804126858	0.164160037560847	0.0339173768374673	0.14247822424197	0.265561463396882	0.219566065364694	0.453426247457588	0.848416334682012	0.708225523027647	0.0910979315766658	0.252028497475093	0.289386697902839	0.247986399385758	0.209535631348606	0.0920634267542442	0.181577396360253	0.261704029788266	0.289386697902839	0.240934657751493	0.289386697902839	0.0875803812068627	0.289386697902839	0.976760860722562	0.288920491653432	0.274274228662311	0.289386697902839	0.287300238429804	0.000919913261492543	0.976760860722562	0.522580394751705	0.110810019020337	0.935022060371628	0.289386697902839	0.340143913035188	0.272643294417221	0.13859168850855	0.0370858094253718	0.0107809808009645	0.0811862144537677	0.133207973608918	0.202315612642253	0.946068022272135	0.179310316316437	0.074617905871796	0.0290848270656473	0.0393911153054218	0.289386697902839	0.0364443851919439	0.104197764409308	0.0286218987803411	0.976760860722562	0.19337467032421	0.289386697902839	0.237564959546177	0.819154558511676	0.264643476748531	0.21091211838524	0.226992330832108	0.93132933211839	0.916466025194348
"SRR5928198"	0.581537387830601	0.168393217510716	0.329226287383878	0.344499585663342	0.0777117209401234	0.278114665293265	0.367209340042813	0.153843142586041	0.187488663750731	0.00391593050494299	0.0652681477850129	0.954760786439036	0.955614445495554	0.311215075903344	0.967208570220713	0.292209087895383	0.346438397641929	0.367209340042813	0.103533132940729	0.249525039690085	0.0461004678077338	0.2581871438687	0.367209340042813	0.330402908615723	0.154396122703115	0.124336180651236	0.62231015824228	0.367209340042813	0.261861174778891	0.301746685826257	0.202063681126238	0.967208570220713	0.22996643180634	0.367209340042813	0.587865048178771	0.923507877373289	0.367209340042813	0.0547434560753472	0.0473215406125681	0.350208887101013	0.172033546269243	0.083375933635329	0.367209340042813	0.367209340042813	0.221032815888076	0.0161877247482339	0.366407440452535	0.265196376612608	0.109007078948561	0.246258009392571	0.942310815645127	0.939119724844316	0.332279331205176	0.0864750897490237	0	0.0478907127836899	0.359709825142714	0.0618127781290623	0.366811918484197	0.367209340042813	0.95159854563193	0.175886900302671	0.329761318211106	0.277173458303358	0.251806423831893	0.0933962346841189	0.304088750815239	0.325329328469173	0.941763152125493	0.291596810788733	0.354661993302855	0.0889541928872552	0.216144078328686	0.330974745765959	0.0683820017848295	0.0976770298549904	0.0844010765342912	0.063627686533865	0.322030033007341	0.367209340042813	0.283705493806172	0.0618457178951461	0.152447399060558	0.100500645271753	0.363969521683426	0.357070862690053	0.188099066025489	0.225208664762908	0.151389909155054	0.122819087705189	0.340040208014712	0.244785320829529	0.0597485087097228	0.133146015689375	0.293905777464007	0.3348903665712	0.335579530576952	0.338508861610271	0.366977415155623	0.0494808304268866	0.776880819084393	0.434287285618713	0.367209340042813	0.0560623806216474	0.135130927050543	0.367209340042813	0.0320466023725945	0.967208570220713	0.297151752203144	0.362650443698663	0.162841651469762	0.352984260484909	0.108320141426092	0.350135869066359	0.308924497985542	0.100908698550556	0.359675395647428	0.0827030961272109	0.816999533494037	0.29355940917135	0.370940610051477	0.163721062916188	0.366578371007223	0.366026532892307	0.243005568821175	0.226638785992554	0.846034790254633	0.367209340042813	0.29679425935197	0.367209340042813	0.505796294247693	0.326296903144182	0.367209340042813	0.238580778774241	0.208421142438488	0.0976755209136094	0.318308159476632	0.325862643100087	0.357338054681846	0.105749113923345	0.330427151624687	0.284730425906081	0.367209340042813	0.819932821391605	0.182592985636346	0.340455358922142	0.287832215134475	0.142110400724482	0.254500448240608	0.00430131324509601	0.349943851212869	0.274827296908797	0.612102191115874	0.112257119375627	0.316021808540385	0.181540359683504	0.651090281271861	0.367209340042813	0.305764947068205	0.902656291643407	0.367209340042813	0.29756336099677	0.305314588265797	0.149489825420699	0.248613631375483	0.00715032047118556	0.327238842640829	0.330705136457441	0.897322438740881	0.945332826932169	0.517001666622638	0.212528178715472	0.327406777568796	0.339723437070154	0.247329228316091	0.120060900161368	0.226327687922577	0.183044302319296	0.300665936371815	0.381018074868301	0.818482453878775	0.659798220922126	0.176265578453379	0.169021888529523	0.367209340042813	0.327841780750873	0.29104519786743	0.177210136312327	0.0965294523387681	0.340914668628972	0.367209340042813	0.321110332051714	0.367209340042813	0.172823060940419	0.367209340042813	0.967208570220713	0.366767467945624	0.35286897447379	0.367209340042813	0.365231530708994	0.0873884574378577	0.967208570220713	0.455486256051182	0.195521025058165	0.918472316522656	0.367209340042813	0.26089442805454	0.35131930145118	0.222555343462526	0.0495388696305657	0.0757606130522614	0.166560271026045	0.217325906860747	0.284110513318637	0.931335195886104	0.261960786370101	0.160120168231693	0.115286897650056	0.125463800016134	0.367209340042813	0.0501796079477185	0.189068778257952	0.0579883315397531	0.967208570220713	0.275511790805063	0.367209340042813	0.317891009220763	0.785040037348338	0.343712239445355	0.126611335406744	0.307778933581164	0.914177766252493	0.89692033604844
"SRR5928435"	0.613344290298781	0.121424519678945	0.285575145334856	0.301289233219372	0.0299258755240089	0.233147850935555	0.324695087160471	0.106692579099074	0.140788228766886	0.0517974968774112	0.112826797540459	0.961266280357113	0.962049199554499	0.267072336584806	0.97267683897663	0.24758062593784	0.303285572384633	0.324695087160471	0.150720193969761	0.203928889247796	0.0937961972367192	0.212773621398516	0.324695087160471	0.2867849428736	0.107252115213467	0.17126665889712	0.651907250090573	0.324695087160471	0.216527225731851	0.257357735725339	0.247697470575302	0.972676838976631	0.183983596696379	0.324695087160471	0.619338058428443	0.932563356251758	0.324695087160471	0.00686970138595501	0.0950095164235056	0.307168952936358	0.218231335965514	0.0356191364205133	0.324695087160471	0.324695087160471	0.174885180782445	0.0317261465186588	0.323867777553916	0.309387299666612	0.0614182634513955	0.200594792924867	0.94984142622501	0.946911104823811	0.288714543195953	0.0387354219422081	0.0478907127836899	0	0.316960308294027	0.013960978918358	0.324285064789882	0.324695087160471	0.958365580243615	0.129019470438064	0.28612524586956	0.232184710944224	0.206257695136343	0.0456979787328141	0.25975991955906	0.281569237130609	0.94933857415021	0.246953264186667	0.311757116659383	0.0412288569447624	0.169909393662435	0.287372950746157	0.115915285808159	0.0500065724423987	0.0366498486347134	0.111199351804963	0.278178818331553	0.324695087160471	0.238870669828986	0.0139940315984719	0.105280412940757	0.0528494383797446	0.321352981350411	0.314239824787125	0.1414077610163	0.179137140503286	0.197929438555554	0.0753456582878307	0.382072467252357	0.199092197618198	0.0118898298162571	0.0857702609907108	0.249319300212601	0.291400126840358	0.292109074434991	0.295122996060427	0.324455806951371	0.00159367349213917	0.79685629102183	0.472916765624405	0.324695087160471	0.103690961784469	0.181913164941781	0.324695087160471	0.079821966805139	0.97267683897663	0.252646348260057	0.403935631311307	0.1158012653106	0.31002828032616	0.0607260423181118	0.307093735950762	0.351912970444559	0.148125403219778	0.316924810988687	0.0349426955646932	0.834159174032748	0.2489643391094	0.411940893813861	0.116691843685287	0.324044119331049	0.323474821381066	0.197276572422726	0.180593699655861	0.861075426028196	0.324695087160471	0.252279878090713	0.324695087160471	0.541340249027794	0.282563729443506	0.324695087160471	0.283422357405262	0.162053454683787	0.0500050534079255	0.274355378806583	0.282117377520977	0.314515240753013	0.152910668950756	0.286809870814713	0.328404657569071	0.324695087160471	0.836881475824478	0.135820568432288	0.29712614976406	0.243096691669577	0.0948273561000722	0.209008342738674	0.0435978556982789	0.306895937847736	0.229784237170957	0.642265485582392	0.064693886083636	0.272007281308431	0.13475275434822	0.679044605440098	0.324695087160471	0.261479458233503	0.913369857047629	0.324695087160471	0.253068308157464	0.261017428336416	0.102288631221855	0.20299867150536	0.0550232922157567	0.283531958025901	0.287095713443387	0.908454572240691	0.95261573925363	0.552023043843397	0.166230533860831	0.283704588706984	0.296372882082701	0.201687892505425	0.0725630348907303	0.180276834321262	0.229044487453779	0.256249417779184	0.421664107967646	0.835535517434824	0.687242017425937	0.129403403295154	0.215271870970343	0.324695087160471	0.28415176767584	0.246388091259795	0.130361125861528	0.143794260199385	0.297598880605366	0.324695087160471	0.277233898572414	0.324695087160471	0.125913601873735	0.324695087160471	0.97267683897663	0.324239205813323	0.309909492479049	0.324695087160471	0.322654716438238	0.0396540047557199	0.97267683897663	0.493246117850752	0.148943485297106	0.927931389837768	0.324695087160471	0.305194691903387	0.30831286963328	0.176435271245377	0.00165184681689908	0.0279654373722108	0.119567590362382	0.171112062946651	0.239285364739092	0.939759316316074	0.216629012269543	0.113045674942923	0.0677483820306506	0.0780144548738332	0.324695087160471	0.00229408607939347	0.142392048263193	0.0101240917866655	0.97267683897663	0.230484523597999	0.324695087160471	0.273926926105966	0.804453393817893	0.300478626598218	0.173511426927965	0.263545870247923	0.92397944666181	0.908083931987183
"SRR5928381"	0.786362543285578	0.202888093527323	0.0343092639045735	0.0172194002967857	0.289621082313233	0.0900803575491334	0.00856472455289591	0.217183187554847	0.183898996743079	0.36314411629736	0.415786613178881	0.993273631226203	0.993701591433506	0.0542087161738947	0.999495551938528	0.0749150474362139	0.0150356631002331	0.00856472455289591	0.447549159452341	0.120356435868354	0.399571397626524	0.111251214045407	0.00856472455289591	0.0329997764431069	0.216642615776125	0.464485604719738	0.811068654332401	0.00856472455289591	0.10737152837315	0.064561297662104	0.525789606261547	0.999495551938528	0.140702474844958	0.00856472455289591	0.790234069894439	0.977475999176136	0.00856472455289591	0.310727663969091	0.400610564213038	0.0107795399995901	0.502466273048441	0.284364035880181	0.00856472455289591	0.00856472455289591	0.149898820123992	0.345415909156286	0.00764655366027195	0.573402859359989	0.26031354400645	0.123775456293245	0.987010836603196	0.985399148516284	0.0309090315123388	0.281478864526802	0.359709825142714	0.316960308294027	0	0.304267072844886	0.00810960773700639	0.00856472455289591	0.991686691705315	0.195467282727107	0.0337139620753012	0.0910873854333867	0.117964011244052	0.275013016316291	0.0620074129228656	0.0386378990047378	0.986734422149428	0.0755771830139096	0.00573696802401037	0.279166438001346	0.154905909968539	0.0323629419329018	0.418401399957503	0.270998134377274	0.283410365264185	0.414406902434994	0.0422926401743727	0.00856472455289591	0.0840839080396874	0.304236895520151	0.218546662367735	0.268343318755424	0.0048586429676338	0.00300202047415436	0.1832876670636	0.145607662384203	0.486171342710499	0.247172658610252	0.627483002125523	0.125313960097612	0.306156854520855	0.237263393295351	0.0730786008222823	0.0279947799460688	0.0272246141773651	0.0239464489166782	0.00829911321352085	0.315516700784155	0.899824247491711	0.692183399507925	0.00856472455289591	0.408024628997942	0.473184026027127	0.00856472455289591	0.387549958824316	0.999495551938528	0.0695587140483186	0.64334028537747	0.208359965465439	0.00763881371803443	0.260963771669642	0.0108620797590037	0.605301074103279	0.445396127685524	3.92055119478263e-05	0.284989593261037	0.921670907739043	0.0734536900075827	0.649100386693117	0.207494630344132	0.00784222050888182	0.00721061591609351	0.127171018322401	0.144135028455494	0.937194219254799	0.00856472455289591	0.069946795620569	0.00856472455289591	0.738921256104247	0.0375643424121607	0.00856472455289591	0.553559679352514	0.162779458344921	0.270999551707999	0.0464044964009048	0.0380462663431456	0.00269834704998756	0.449364227158032	0.0329727835124929	0.587758796172385	0.00856472455289591	0.923250001707262	0.188792366557332	0.0217640902669868	0.0796416472126149	0.228602519093385	0.115133652294815	0.355927037285339	0.0110791150913336	0.0935945378132878	0.804936211400267	0.257232921106079	0.0489246578904003	0.189842237648344	0.828171271739717	0.00856472455289591	0.0601768441193731	0.966793545416917	0.00856472455289591	0.0691117566867142	0.0606689073446686	0.22143137161616	0.121311076048293	0.365973839951886	0.0365184687395295	0.0326632307548174	0.964042378700996	0.98853469673011	0.746070418994018	0.158597852423433	0.0363319249337531	0.0225850821579809	0.122655311647558	0.249807067222671	0.144455505918859	0.51106980588726	0.0657382705478275	0.656063742798756	0.922469523950397	0.83329227142562	0.195091223673714	0.500102466983293	0.00856472455289591	0.0358486080254529	0.0761734535778891	0.194152751533635	0.441795232212425	0.021248650611835	0.00856472455289591	0.0433097905866256	0.00856472455289591	0.198506163110358	0.00856472455289591	0.999495551938528	0.00805871283698684	0.0077694095893336	0.00856472455289591	0.00630117231550471	0.280627370524995	0.999495551938528	0.706243458458067	0.175832775241774	0.974906776699967	0.00856472455289591	0.570217825639794	0.0095237539175928	0.148335771223945	0.315463979276508	0.29142714308279	0.204697139060577	0.15369711081519	0.0836485278017654	0.981456393962105	0.107266193468406	0.211034433924017	0.254354722137846	0.244641805214819	0.00856472455289591	0.314881806863422	0.182315926199136	0.307766119052123	0.999495551938528	0.0928635287405492	0.00856472455289591	0.0468646321810832	0.904305345306903	0.0181052832704137	0.466324000107485	0.0579743067010419	0.97271034238065	0.963834667696501
"SRR5928191"	0.622288001228309	0.107635344591916	0.272637642666945	0.288470756251335	0.0159711794369572	0.219860702374097	0.312066076339471	0.0928618397772263	0.127062405251818	0.0657137316266755	0.126600010202698	0.963057901707001	0.963821255648326	0.254003100172311	0.974181774291663	0.234382451603223	0.290482686765292	0.312066076339471	0.16435554069162	0.190478528571566	0.107624477099948	0.199370277118412	0.312066076339471	0.273856370475305	0.0934228498654443	0.184811561010641	0.660210530470697	0.312066076339471	0.203144461398845	0.244222976021938	0.260809237564643	0.974181774291663	0.17043481871299	0.312066076339471	0.628184731578335	0.935061551635809	0.312066076339471	0.00709191796452647	0.108834568410694	0.294396700122429	0.231528124764755	0.0216683031511644	0.312066076339471	0.312066076339471	0.16129500677587	0.045668079531779	0.31123182121801	0.322038548248185	0.0474956307687559	0.187127247049279	0.951916790672079	0.949058712959105	0.275800294905214	0.0247870643482744	0.0618127781290623	0.013960978918358	0.304267072844886	0	0.311652609429083	0.312066076339471	0.960229555234595	0.115253962668863	0.273191799012741	0.218891821606989	0.192819512735871	0.031756076168369	0.246641128905447	0.268602442066724	0.951426351291608	0.233751107406871	0.299021573200721	0.0272826643299988	0.15629750762123	0.274448732852335	0.129678667522684	0.0360693037882038	0.0226998059020012	0.124977644358032	0.265187564783805	0.312066076339471	0.225618139575273	3.30587614775877e-05	0.0914459903290509	0.0389154949659992	0.308696024421062	0.301524378758847	0.127684127982458	0.165566039326843	0.211340541488254	0.0614455377127596	0.394054320457487	0.185617003074715	0.0020714728645167	0.0718903368829396	0.236132217450457	0.278505979359457	0.279220265214403	0.282257030366206	0.311824785427374	0.0123675645188602	0.802412051716878	0.483869697108879	0.312066076339471	0.117491793270421	0.195406865689014	0.312066076339471	0.0936846437178135	0.974181774291663	0.239480713533167	0.41568935470795	0.101995548711191	0.297278838883097	0.0468024240881943	0.294320886001286	0.364189205480621	0.161771387760872	0.304231284463954	0.0209913586767881	0.838921131966264	0.235774985415116	0.423607993242402	0.102888691181015	0.311409641909644	0.310835572442375	0.183792215599889	0.167029242155523	0.865242618208706	0.312066076339471	0.239111866487733	0.312066076339471	0.551377571627272	0.269604166600374	0.312066076339471	0.29627949348499	0.148408622698702	0.0360677830338491	0.26133690947178	0.269154565432661	0.301802034315013	0.166536898470559	0.273881482834219	0.340894001137011	0.312066076339471	0.841584116774902	0.122077547549326	0.284275500279426	0.229870283151252	0.0809673059273904	0.195584729729191	0.057525866067124	0.29412151832935	0.216477146955035	0.65073246515359	0.0507760882974416	0.258972290419511	0.121006122000093	0.686874360770539	0.312066076339471	0.248372192704441	0.916328887712051	0.312066076339471	0.239905414621877	0.247907058359194	0.0884465791634935	0.189543486508174	0.0689344109146731	0.270579461663172	0.274169441317706	0.911530116331436	0.954622505813456	0.561906533423634	0.152603016260375	0.270753354882644	0.283516460557418	0.188225948427186	0.0586580078019712	0.166710926750588	0.242276005848596	0.243107341945673	0.433223764595372	0.840267509405431	0.694925026844042	0.115639132397238	0.228585992647299	0.312066076339471	0.271203807988842	0.233182355749809	0.116599957320034	0.15745760908764	0.284751861207665	0.312066076339471	0.264235882810121	0.312066076339471	0.112138231469894	0.312066076339471	0.974181774291663	0.311606365476078	0.29715909902964	0.312066076339471	0.310008609035418	0.0257064256983949	0.974181774291663	0.50393961090806	0.135247308639556	0.930541653499066	0.312066076339471	0.317880371195935	0.295549716743009	0.162851994981908	0.0123093993886694	0.0140096085953698	0.105772860532017	0.157505364751786	0.226035376811676	0.942082330336777	0.203246811204909	0.0992321572806596	0.0538353475239516	0.0641192318869502	0.312066076339471	0.0116672446824873	0.128671916239335	0.0038373978300304	0.974181774291663	0.217181560390509	0.312066076339471	0.260905431188748	0.809850361791354	0.287653849079992	0.187045779629692	0.250452558634661	0.926684895833975	0.911168237001811
"SRR5928366"	0.789730199759527	0.210671325793734	0.0424077616872773	0.0253256781074564	0.297073713424106	0.098122473004821	0.000455146581871004	0.224919794801324	0.191739360404614	0.370227120481987	0.422554664550759	0.993845461933846	0.994266976094232	0.0622925392942934	0.999973397404974	0.082977189100632	0.0231426138435909	0.000455146581871004	0.454106900651407	0.128348089177816	0.406440932074992	0.119259511551159	0.000455146581871004	0.0410990280363554	0.224381042652864	0.470924970076227	0.81413617672816	0.000455146581871004	0.115386534226149	0.0726350978745493	0.531764269100398	0.999973397404974	0.148652373686459	0.000455146581871004	0.793555299184531	0.978283864393104	0.000455146581871004	0.318082570032249	0.407473714329434	0.0188875930875401	0.508624420821453	0.291839956405805	0.000455146581871004	0.000455146581871004	0.157827778188446	0.352595534629816	0.000463081114969059	0.578977472478296	0.267890663695141	0.131760533624688	0.987676686351622	0.986089098692602	0.0390094324103159	0.28896738854458	0.366811918484197	0.324285064789882	0.00810960773700639	0.311652609429083	0	0.000455146581871004	0.992282401437713	0.203273494115629	0.041812805789071	0.0991280469747342	0.125960160162365	0.282529326843992	0.0700838375559001	0.0467337188023599	0.98740440802537	0.0836385234983058	0.0138459692184113	0.286664972370618	0.162822925342482	0.0404625506652283	0.425152714244432	0.278531379301256	0.290890465748263	0.421183743566521	0.0503859763212144	0.000455146581871004	0.0921343609702077	0.311622573693938	0.226278660268541	0.275887627082818	0.0032510853836956	0.0111113735064849	0.191129778905255	0.15354655192265	0.492452810252853	0.254801363113576	0.632561787797275	0.133296020273383	0.313533496890094	0.244929262713248	0.0811429296008001	0.0360966715494991	0.0353268780860665	0.0320501962526759	0.000189517486334453	0.322848492943063	0.901738108770395	0.696611148510203	0.000455146581871004	0.414841755153008	0.479560909839394	0.000455146581871004	0.39449216143862	0.999973397404974	0.0776270911166442	0.648265335809006	0.216125717487928	0.0157475029254783	0.268538270807615	0.0189701140985242	0.610588560845146	0.451968606732663	0.00814881080947633	0.292462764461413	0.923282718948044	0.0815175762522066	0.653968656412177	0.215263177027509	0.000267403240701803	0.000899041321179397	0.135149388617724	0.152077261672879	0.938587069177414	0.000455146581871004	0.0780147356136965	0.000455146581871004	0.742839564223072	0.0456608530434561	0.000455146581871004	0.559305170965277	0.170676922487083	0.278532790696976	0.0544947946566975	0.0461424690314949	0.0108077321035658	0.455909489494532	0.041072050369068	0.593206083906011	0.000455146581871004	0.924839703892321	0.196618532165279	0.0298687342201818	0.0876979232941804	0.236299649949576	0.123135007180778	0.363049950124642	0.0191870996362183	0.101631512478079	0.808079085685862	0.264822369100265	0.0570129667379484	0.197665309630244	0.831025668919826	0.000455146581871004	0.0682550886854609	0.967758906491207	0.000455146581871004	0.0771806342936614	0.0687466677283046	0.229153524403973	0.129300911161998	0.37304098118565	0.044615635480164	0.0407626718551529	0.965048025357014	0.989177723718619	0.7499079083752	0.166505817585027	0.044429206945279	0.0306893973378381	0.130642563017479	0.25742564041746	0.152397014288271	0.517161225247502	0.0738108278020081	0.660862704103837	0.924070158328395	0.836082000228744	0.202898577272237	0.506278752601183	0.000455146581871004	0.0439461862227484	0.0842340668592493	0.201962946190737	0.448392203369659	0.0293534957203473	0.000455146581871004	0.0514023992601455	0.000455146581871004	0.206303065579168	0.000455146581871004	0.999973397404974	5.08980320227165e-05	0.0158780753469577	0.000455146581871004	0.00180852243783497	0.2881195900451	0.999973397404974	0.710521404781977	0.183695748121361	0.975752676692994	0.000455146581871004	0.575820266409145	0.0176320794208015	0.156268379263811	0.322796027784512	0.298871676345585	0.212474642571905	0.161617044297962	0.0916995647466444	0.982205138744132	0.115281378258458	0.218791476622132	0.261955558177282	0.252280143527864	0.000455146581871004	0.322216683280942	0.190160805169005	0.315135144760277	0.999973397404974	0.100901588278532	0.000455146581871004	0.0549545744366378	0.906157833268607	0.0262112673355435	0.472750255371915	0.0660546732755714	0.97358868022917	0.964843351293039
"SRR5928236"	0.789918004018251	0.211107412683941	0.0428621292896069	0.0257805448813232	0.29749098567285	0.0985734744819501	0	0.225353219453453	0.192178715481573	0.370623462897448	0.422933222968152	0.99387729845637	0.994298453627036	0.0627460108210006	1	0.0834293689073278	0.0235975263877474	0	0.454473602144294	0.128796151422031	0.406825216843403	0.11970853991261	0	0.0415534427287181	0.224814571131965	0.471285003128532	0.814307209533871	0	0.115835952775654	0.0730879693622319	0.53209815559818	1	0.149098021863205	0	0.793740508590241	0.978328847759373	0	0.318494300745317	0.407857638748481	0.0193425831031976	0.508968625610609	0.292258550331894	0	0	0.158272219562691	0.352997340942746	0.000918227514612389	0.579288883634392	0.268315006107857	0.132208214846732	0.987713759216728	0.9861275139052	0.0394639192461285	0.289386697902839	0.367209340042813	0.324695087160471	0.00856472455289591	0.312066076339471	0.000455146581871004	0	0.992315567839666	0.203710894636597	0.0422671949807137	0.09957896325717	0.126408483099887	0.28295021396529	0.0705368655766861	0.0471879203051778	0.987441711262309	0.0840906559565809	0.0143010309413297	0.287084850056646	0.163266679397202	0.0409169877283617	0.42553032856801	0.27895322831771	0.291309296933554	0.421562797826278	0.0508400251051903	0	0.0925858518296457	0.312036048631359	0.226711821938746	0.276310104656458	0.00370622680179141	0.0115664650107119	0.191569234109308	0.15399156536643	0.492803953859615	0.255228639622088	0.632845377741935	0.133743526792714	0.313946459594652	0.245358655038622	0.0815952387702846	0.0365512527045784	0.0357814829533202	0.0325048963705549	0.000265629117110613	0.323258913919097	0.901844742209181	0.696858257494267	0	0.415223082267023	0.47991742455449	0	0.394880548827371	1	0.0780796401834517	0.648540306477995	0.216560805809361	0.0162025401616356	0.268962464241624	0.0194251027592709	0.61088385682674	0.452336138707827	0.00860392734456794	0.292881202340411	0.923372507542861	0.0819698592337277	0.65424044439537	0.215698424956381	0.000722549739770702	0.0013541873812969	0.135596681575583	0.152522467827146	0.938664650533188	0	0.0784672587498591	0	0.743058159802185	0.0461150972356706	0	0.559626178932729	0.171119552612329	0.278954639376268	0.054948657965531	0.0465966941822048	0.0112628265192701	0.456275487845523	0.0415264660166822	0.59351034730028	0	0.924928259748207	0.197057074337501	0.0303234926490061	0.0881497569069348	0.236730823395616	0.123583632233277	0.363448548832759	0.0196420847064335	0.102082212896504	0.808254328422367	0.265247412473984	0.0574667092234119	0.198103674744165	0.8311847969096	0	0.0687082254771207	0.967812664100625	0	0.0776332130656639	0.0691997755633537	0.229586124485665	0.129748868021474	0.373436426963098	0.0450699203129468	0.0412170984129501	0.965104027563601	0.98921352543248	0.750121982948833	0.166949051189265	0.0448834989284543	0.0311441343087357	0.131090370167521	0.25785234043387	0.152842178661631	0.517501676779081	0.0742636252748115	0.661130607739506	0.924159323729438	0.836237516682085	0.203336043118539	0.506623977745115	0	0.0444004965934228	0.0846861563586812	0.202400574535605	0.448761115614145	0.0298082673261764	0	0.0518564035089643	0	0.206739933810011	0	1	0.000506044602855559	0.0163331107879758	0	0.00226366726524606	0.288539109202013	1	0.710760126486081	0.184136398785737	0.975799778871248	0	0.57613324008585	0.01808708933079	0.156713030827943	0.323206463284583	0.299288489139826	0.212910402138759	0.16206096623668	0.0921510899434204	0.982246828852107	0.115730807222786	0.219226067632672	0.262381249193152	0.252707968331322	0	0.322627279005327	0.190600418876943	0.315547675724785	1	0.101352352190172	0	0.0554084160905273	0.906261043504963	0.0266661143774895	0.473109550115581	0.0665079371450311	0.97363758950137	0.964899522713396
"SRR5928251"	0.772665792576925	0.973160506957304	0.989063298515259	0.990391396677559	0.962305032767417	0.984407233997488	0.992315567839666	0.971523139299955	0.975253916537022	0.951019443080418	0.941382896506854	0.0218792481524297	0.0279334630664191	0.987460600084509	0.117035748808891	0.985724928667346	0.990558003026523	0.992315567839666	0.93478133144349	0.981650830516904	0.944512247597328	0.982498077503304	0.992315567839666	0.989166609375677	0.971586053558909	0.930978578724423	0.744308863316395	0.992315567839666	0.982854220028891	0.986601741136222	0.915238475588532	0.117035748808891	0.979697679727141	0.992315567839666	0.768551972390238	0.162812164473125	0.992315567839666	0.959288609035943	0.944316240583612	0.990880747825988	0.921626941219584	0.963031156653007	0.992315567839666	0.992315567839666	0.978786545727231	0.95394994263897	0.992248627886264	0.900337406449193	0.96623300436671	0.981328481673841	0.0596565323953309	0.0787079131709608	0.989331017590159	0.963425557803207	0.95159854563193	0.958365580243615	0.991686691705315	0.960229555234595	0.992282401437713	0.992315567839666	0	0.973989407191141	0.989110296667098	0.984318290465975	0.981875015330949	0.964299051115825	0.986815251263351	0.988719929489843	0.0629757672735939	0.985668234818032	0.991259791627968	0.963739590031538	0.978282773172914	0.989216757718927	0.940863711134184	0.964834328963079	0.963161842572219	0.941655181585896	0.988427767110572	0.992315567839666	0.984933098699194	0.96023391317231	0.971364097290923	0.965185336771079	0.99204467292149	0.991463877011112	0.975319823045486	0.979213948711193	0.925787879967159	0.967903470699577	0.879531334121562	0.981182669479648	0.959955964860516	0.969128306540027	0.985881776503569	0.989559083496226	0.989619143000426	0.989873794292824	0.992296214949812	0.958580727856699	0.574894856962071	0.84683332241109	0.992315567839666	0.942899971884783	0.928941759868464	0.992315567839666	0.946736390443881	0.117035748808891	0.986180796128371	0.872432819152963	0.972540166712938	0.991117254537485	0.966148940234433	0.990874513420084	0.888649911759003	0.935250001154815	0.991683789860979	0.962945261373476	0.502298841335492	0.985849787696201	0.869722175603145	0.97263879220028	0.992262902681896	0.992216805593744	0.981006032957616	0.979359712148206	0.436303423321296	0.992315567839666	0.986147931166758	0.992315567839666	0.815285579834244	0.988805357624103	0.992315567839666	0.906880856260374	0.977479365525584	0.964834140947734	0.98809657090728	0.988767030552121	0.991486473064128	0.934383707137968	0.989168736217165	0.895268360510657	0.992315567839666	0.496219312192199	0.974723077989276	0.990042439873778	0.985318565011232	0.970175234357163	0.982138788042078	0.952229974658653	0.990858115640159	0.984096055521049	0.751838946300708	0.966629454017197	0.987892263144508	0.974608418514019	0.721298573174935	0.992315567839666	0.986967626817956	0.255950982373521	0.992315567839666	0.986218615478794	0.986926722007848	0.971025928800693	0.9815610596039	0.950538045134422	0.988888412374736	0.989193118758525	0.276923941182415	0.0409580338611144	0.809659529080263	0.977907778326099	0.988903208515341	0.989979078675027	0.981434346107319	0.967572870113357	0.979328030272655	0.919332314788152	0.98650297852865	0.866344800023957	0.499240321823204	0.713764372571768	0.974031038836082	0.922245273633538	0.992315567839666	0.9889415190721	0.985617115926056	0.974134776701417	0.936026671755472	0.990082169005182	0.992315567839666	0.988346085785799	0.992315567839666	0.97365167089829	0.992315567839666	0.117035748808891	0.992278690758925	0.99110744809491	0.992315567839666	0.992150335726025	0.96354140617484	0.117035748808891	0.838193218724027	0.976116280999059	0.187105117642718	0.992315567839666	0.90142263771055	0.990975480458391	0.97894268707317	0.958588569628466	0.962053312259248	0.972956284598518	0.97840489630609	0.984971031076756	0.122421691309658	0.982863849445737	0.972234092745787	0.966997150593406	0.96821909045231	0.992315567839666	0.958675088960161	0.975424398297803	0.959721917785443	0.117035748808891	0.984160970111504	0.992315567839666	0.988059343052789	0.561555950241354	0.990323611944053	0.930552984941879	0.987150234889412	0.206865765169285	0.278463644457855
"SRR5928225"	0.69088577930526	0.00770866012054041	0.162182122983933	0.17881457914684	0.0994551588531086	0.107163596661448	0.203710894636597	0.0226200746026809	0.0119735442026424	0.179686300441243	0.238576248087343	0.976279466344993	0.976897321634389	0.142682102279028	0.985273924259246	0.122237638275108	0.18093230910066	0.203710894636597	0.274709797180166	0.0768123394412647	0.220305392749732	0.0859764800689305	0.203710894636597	0.163460286244313	0.0220547098172223	0.294165784237613	0.723619786589615	0.203710894636597	0.0898717507763009	0.132480159454272	0.365712393778692	0.985273924259246	0.0562206949740846	0.203710894636597	0.695992285893847	0.953555137681916	0.203710894636597	0.122251793446856	0.221472766052175	0.185054881730268	0.338282557658369	0.0938062405546701	0.203710894636597	0.203710894636597	0.0468612950713995	0.16012845836881	0.202828390208526	0.422526165988863	0.0681093844686613	0.0733630780088269	0.967251341721617	0.96493212765261	0.165499734137885	0.0907109018559356	0.175886900302671	0.129019470438064	0.195467282727107	0.115253962668863	0.203273494115629	0.203710894636597	0.973989407191141	0	0.162763261474144	0.106159599159031	0.0792232860840799	0.0837866305884374	0.135000537078273	0.157952617303188	0.966853462752984	0.121581269153594	0.189930857795826	0.088232530748098	0.0417517155933615	0.164081663058475	0.241533579844235	0.0794958259470257	0.0927827170523474	0.237017032997238	0.154376284640824	0.203710894636597	0.11313417433097	0.115221317269771	0.0240466050523374	0.0766622219699368	0.200146950141928	0.192571660819045	0.0126048219817988	0.0512325878926523	0.319272073156861	0.0541696333089425	0.48842192204768	0.071809516630394	0.117299067038168	0.0437045902445323	0.124057242942078	0.168339851511437	0.169089913884196	0.172280120937777	0.203455631617814	0.127450471637028	0.844158306466492	0.569233357517409	0.203710894636597	0.229815547741381	0.304209863881436	0.203710894636597	0.206835769455853	0.985273924259246	0.127541366299559	0.508025868575007	0.0134068085815112	0.188092909584296	0.0688009801060143	0.184974993474548	0.461215040124392	0.272245936367621	0.195429487370548	0.0944778236663968	0.874555485337065	0.123685695006559	0.515179107839405	0.0125048952190595	0.203016481325687	0.202409282235415	0.0699330830868077	0.0527310877495737	0.89633395245593	0.203710894636597	0.127157452092088	0.203710894636597	0.62899514684523	0.159002221340088	0.203710894636597	0.398713856510849	0.0336973685786933	0.0794973395061604	0.150346842803082	0.158531101475929	0.192864716891591	0.276788556429828	0.163486626957683	0.439875234139784	0.203710894636597	0.876764029555253	0.00691519677801441	0.174401780558352	0.117548644767105	0.0345905906864647	0.0820727564431443	0.171707902283795	0.184764918570213	0.103658346362749	0.715462088836581	0.0648351317259098	0.147874151329933	0.00582869970233912	0.74648537328044	0.203710894636597	0.136805614594797	0.938279909015565	0.203710894636597	0.127983455236886	0.136320524396373	0.0270671813918606	0.0758497023272808	0.182820729640648	0.160024358535383	0.163788681316764	0.934357740307693	0.969445718531074	0.638241581754336	0.0379779898484043	0.160206627032167	0.173603824141987	0.0744936194294543	0.0569585296690858	0.0524050523325993	0.348370642971384	0.131317821182082	0.523849652032667	0.875672248546022	0.753365043135162	0.000390064732362999	0.335517035141224	0.203710894636597	0.160678808422191	0.120990052591688	0.00136324443531703	0.268129936648108	0.174902634247236	0.203710894636597	0.153380093377713	0.203710894636597	0.0031541145335759	0.203710894636597	0.985273924259246	0.203224575848608	0.187966654145272	0.203710894636597	0.201534732281467	0.0897980441126269	0.985273924259246	0.587087102339204	0.0202911613184032	0.949874627760311	0.203710894636597	0.418690954136545	0.186270027085378	0.0484543549793595	0.127393187509017	0.101398513160188	0.00959119483172792	0.0429861449686404	0.113567154922716	0.959265594974331	0.0899774296919489	0.0161962178785566	0.0617795458017334	0.0514930320257234	0.203710894636597	0.126760711240493	0.013607968890001	0.119041787201874	0.985273924259246	0.104387877843104	0.203710894636597	0.149895546847089	0.850369345505563	0.177954986542613	0.296285650240992	0.138975851411793	0.946731512805511	0.934061815573641
"SRR5928233"	0.771917583120238	0.170270766495509	0.000595950893004813	0.0165035829248851	0.258281713872532	0.0565280394377704	0.0422671949807137	0.184742902853203	0.151066924254467	0.333272030250964	0.387183020260405	0.990800352596381	0.99125615097121	0.0205300826057593	0.99742825863335	0.0412993002248729	0.0186872183149366	0.0422671949807137	0.419799339226135	0.086974772066863	0.370557627754102	0.0778120522027178	0.0422671949807137	0.000714934564836432	0.184195395577805	0.437218322147242	0.797898004340244	0.0422671949807137	0.0739094817222501	0.0309106855483551	0.500428197123042	0.99742825863335	0.107468520769145	0.0422671949807137	0.775986036309391	0.973984052042584	0.0422671949807137	0.279773337317156	0.371622561000908	0.0229422726627485	0.47635030292655	0.252933285192154	0.0422671949807137	0.0422671949807137	0.116740358870852	0.315157644027061	0.04135047855475	0.549694581163396	0.228487682070649	0.0904167563570941	0.984131635131419	0.982415928368291	0.00280768542155829	0.249998726978897	0.329761318211106	0.28612524586956	0.0337139620753012	0.273191799012741	0.041812805789071	0.0422671949807137	0.989110296667098	0.162763261474144	0	0.0575397998837549	0.0845667247015794	0.243424169126044	0.0283492529675869	0.00492998371343394	0.983837367956747	0.0419638983392784	0.0279820900351817	0.247647109078309	0.121790839295208	0.00135240952444448	0.389865574262125	0.239343155396962	0.251963230125174	0.385767733539267	0.00859021088127394	0.0422671949807137	0.050504752392736	0.273161063141588	0.18612395500136	0.236645186799197	0.0385666567486494	0.0307148686352308	0.15044906804271	0.112413298209218	0.459549683858071	0.215146806762412	0.605836698515248	0.0919658382475522	0.275116676762744	0.205094150183784	0.0394561702555353	0.00572426913898771	0.00649496101047495	0.00977494370676649	0.042002009885975	0.284653788406686	0.891577549005359	0.673262952010173	0.0422671949807137	0.379222526854422	0.446171962014607	0.0422671949807137	0.358243282591042	0.99742825863335	0.0359240756091675	0.622335899492252	0.175808844734261	0.0260814728179811	0.229148096896934	0.022859764566353	0.582785240784108	0.417586326368914	0.0336747984733477	0.2535696220946	0.914719609332533	0.0398326069934221	0.628333374403595	0.174932910668544	0.0415458399286455	0.040915212670918	0.0938358671656352	0.110928616109754	0.931183482378912	0.0422671949807137	0.0363134643462643	0.0422671949807137	0.722146335814343	0.00385497721587484	0.0422671949807137	0.529144022783891	0.129735882642052	0.239344595888342	0.0127092560419344	0.0043375429409434	0.0310182719599661	0.42166521112052	0.000741955165231496	0.564578732349023	0.0422671949807137	0.916393617300673	0.156013404917746	0.0119581335076123	0.0460440922767309	0.196313166754332	0.0817183573140819	0.325895250663768	0.0226428104268963	0.0600590165488233	0.791445355771589	0.22535916844679	0.0152343559580327	0.157074872362712	0.815907266866963	0.0422671949807137	0.0265135300591709	0.962622629761886	0.0422671949807137	0.0354756246868202	0.027006957718656	0.18904624951347	0.0879357486179442	0.336165303734854	0.00280776156873514	0.00105182192382898	0.95969788817994	0.985754012199125	0.729636786054867	0.125515809036727	0.00262098572191125	0.0111368644605479	0.0892890056405431	0.217820409063165	0.111251703647903	0.485227960251318	0.0320912769986923	0.635586680862392	0.915566206056114	0.821303648945791	0.162382903831557	0.473912044502786	0.0422671949807137	0.00213707791963885	0.0425624104484348	0.161433744225056	0.413885799577686	0.0124737252792287	0.0422671949807137	0.00960903938454366	0.0422671949807137	0.165837213460517	0.0422671949807137	0.997428258633349	0.0417619914419626	0.0259509528812136	0.0422671949807137	0.0400071319173545	0.249132761201039	0.99742825863335	0.687952841425831	0.142916528161548	0.971250805535281	0.0422671949807137	0.546394229521078	0.0241975236668285	0.115164095234683	0.284600052378606	0.260119584884732	0.172101486090234	0.120571417162621	0.0500675131084589	0.97821947149497	0.0738035389359075	0.178516377329715	0.222436782995574	0.212578724780042	0.0422671949807137	0.284006689296464	0.149467002551903	0.276756011609361	0.99742825863335	0.0593244483621257	0.0422671949807137	0.0131702632952267	0.896321659952234	0.0156176548827918	0.43911023923026	0.0243050745320456	0.968914511445353	0.959477093799726
"SRR5928242"	0.745557794616489	0.113780587057974	0.0569456876249629	0.0739772372987104	0.203590805032944	0.00101486856574757	0.09957896325717	0.12848915415556	0.0942989160791049	0.280802414427341	0.336706257876681	0.986199454952965	0.986706856537721	0.0370509283404949	0.993580347519262	0.0162769195741759	0.0761499210817881	0.09957896325717	0.37069050327426	0.0295743302902573	0.319430758030487	0.0203580760960025	0.09957896325717	0.0582524781076673	0.127932278250108	0.388890431095212	0.773808897385769	0.09957896325717	0.0164354941194304	0.0266737844735454	0.455230733303085	0.993580347519262	0.0502211305867852	0.09957896325717	0.749976346994328	0.967497790693074	0.09957896325717	0.225653908343091	0.320536381605563	0.0803821599766168	0.429905402455516	0.198108252377386	0.09957896325717	0.09957896325717	0.0595773724319446	0.262092990803645	0.0986692305847971	0.50726175939863	0.173090576600414	0.0330388007022696	0.978778765576465	0.976870509833298	0.0603383069347515	0.195101471925888	0.277173458303358	0.232184710944224	0.0910873854333867	0.218891821606989	0.0991280469747342	0.09957896325717	0.984318290465975	0.106159599159031	0.0575397998837549	0	0.0271513231419989	0.188368624882049	0.0292354499228244	0.0526238718646508	0.97845144699413	0.0156113944492648	0.0853924335085395	0.19269267794834	0.0646778094742035	0.058887894632054	0.339496687315071	0.184191800965887	0.197114216091622	0.335234391057317	0.0489723808255187	0.09957896325717	0.00705434997803193	0.218860254055098	0.129893986339438	0.1814315193332	0.0959060638476694	0.088108050187322	0.0936727997727086	0.0552097445749237	0.412274506252396	0.15946578018651	0.566904460514992	0.0345984263117725	0.220868997180376	0.14921234079926	0.018122369120238	0.0632444550069741	0.0640122359581877	0.067279113367131	0.0993158076709111	0.230671405311792	0.87636992683869	0.639032586921348	0.09957896325717	0.328430518462572	0.398259187115532	0.09957896325717	0.306655341377822	0.993580347519262	0.0216578769850208	0.584503812326186	0.119406390078361	0.0835032787730393	0.173765564464554	0.0803001128146403	0.542370359371914	0.368380790729806	0.0910484860710894	0.198760378025008	0.90187473638028	0.0177454886522932	0.590909265185286	0.118516354056398	0.0988631112113163	0.0982372490857269	0.0364815339987113	0.0537116179537321	0.920060534894967	0.09957896325717	0.0212681784589862	0.09957896325717	0.691667716437876	0.0536960373785452	0.09957896325717	0.485523219202376	0.0727071301005817	0.184193274945625	0.0448614337985289	0.0532147624104152	0.0884094986196243	0.37263834661426	0.0582794123480707	0.523037510012696	0.09957896325717	0.903722266631921	0.0993130500518336	0.0694529369638841	0.0115244563183804	0.140265210893195	0.0242860803568485	0.273178803824882	0.0800843672012334	0.00252744066705003	0.766784533148663	0.169893692155314	0.0423403903686778	0.100389388488616	0.793440995345739	0.09957896325717	0.031070901730455	0.95488293019564	0.09957896325717	0.0221066642730807	0.0305775828715339	0.132867299431842	0.03054145416298	0.283794192981753	0.0547403653796986	0.0585882831105516	0.95163817059636	0.980583562242016	0.699758697681407	0.0684414253530637	0.0549266137469482	0.0686352515834122	0.031903539494844	0.162194685319055	0.0540376105659646	0.439235099499277	0.0254928459047433	0.59866173719363	0.902809044527307	0.799331458673494	0.105773658526362	0.427344603170998	0.09957896325717	0.0554091373940629	0.0150120063993747	0.104810636888422	0.364519831705248	0.069966241758159	0.09957896325717	0.0479557262405421	0.09957896325717	0.10927926044618	0.09957896325717	0.993580347519262	0.0990776196259989	0.0833735317361773	0.09957896325717	0.0973359549854142	0.194214379110512	0.993580347519262	0.654819472472809	0.0860429546090159	0.964461503904425	0.09957896325717	0.503767259515491	0.081630308125763	0.0579860923527852	0.230616145672141	0.205475508813911	0.11563992873272	0.0634460681911215	0.0074926109642749	0.972204675007448	0.0163290313013272	0.122158051483288	0.166908431540498	0.156845331089412	0.09957896325717	0.230005980318085	0.0926776920566756	0.222553201923529	0.993580347519262	0.00179040299068719	0.09957896325717	0.0444012186453152	0.881592922645232	0.0730956059899787	0.390869286976397	0.033278546659002	0.961866932728032	0.951393261472828
"SRR5928252"	0.732365521951367	0.0868819868099539	0.0839747586810126	0.100937663912597	0.177362620528684	0.0281654609501539	0.126408483099887	0.101671805798961	0.0673098606310375	0.255485149731734	0.312242692613586	0.983853276614987	0.984386901291563	0.0641414960870798	0.991617021674165	0.0434101788600726	0.103100530517847	0.126408483099887	0.346825953207732	0.00242484049565955	0.294685917826773	0.00679678446825175	0.126408483099887	0.0852768046781986	0.101111650395001	0.365371634166327	0.761726399566458	0.126408483099887	0.0107203334306681	0.0537884283893526	0.433120060185741	0.991617021674165	0.0230994649816325	0.126408483099887	0.736954793669593	0.964194992671382	0.126408483099887	0.199654362024285	0.295809074535029	0.107312957774039	0.407229759881804	0.171827173329637	0.126408483099887	0.126408483099887	0.0324755126977133	0.236526494709113	0.125503971970264	0.486418394146754	0.146587915171944	0.00589245455508326	0.976050699926314	0.974044731337322	0.0873548806374702	0.168792046237842	0.251806423831893	0.206257695136343	0.117964011244052	0.192819512735871	0.125960160162365	0.126408483099887	0.981875015330949	0.0792232860840799	0.0845667247015794	0.0271513231419989	0	0.161997425223756	0.0563446607395309	0.0796680150769896	0.975706606627916	0.0427456575384518	0.112298601844534	0.166360881487556	0.037588638828165	0.0859098828457758	0.31508002255315	0.157783460079939	0.170823713802103	0.310746251692172	0.0760285176745942	0.126408483099887	0.0341995054163628	0.192787611078288	0.103084982286609	0.154999129605384	0.122756407494462	0.115000336584377	0.0666811613385894	0.028098080186212	0.389225549952977	0.132856078178789	0.547690788053321	0.00745369604256649	0.194817717597433	0.122528417152332	0.0452527267056275	0.0902498578693294	0.0910146158557074	0.0942682956063986	0.126146842247304	0.20472738543086	0.868680915157676	0.622043527304195	0.126408483099887	0.303830258421319	0.374925170836828	0.126408483099887	0.281712548722513	0.991617021674165	0.0487821901727	0.565807273761305	0.0925375498847597	0.11041888347843	0.147268455754593	0.107231303331763	0.522463370258902	0.344473607689105	0.117925319254508	0.172485508828467	0.895367429172734	0.0448764529482651	0.572405050956077	0.0916426969864004	0.125696743309689	0.125074455196282	0.0093389208226591	0.0265968159710571	0.914417589031015	0.126408483099887	0.0483931891556225	0.126408483099887	0.676478233734627	0.0807365300978466	0.126408483099887	0.464132911529598	0.045640642028021	0.157784947007139	0.0719302612125381	0.0802569010031126	0.115300220964752	0.348809968095577	0.085303640216403	0.502606783874566	0.126408483099887	0.897301944067237	0.072345407793927	0.0964330367003433	0.0386643880300342	0.113520961128741	0.00286702284766092	0.247757778939694	0.10701658875597	0.0246254736290166	0.754422059705821	0.143365052321818	0.0694165746320264	0.0734265115432066	0.782155189580788	0.126408483099887	0.0581760139656314	0.950945743939543	0.126408483099887	0.0492301645931817	0.0576838135680829	0.106076291926709	0.00339278008280051	0.258518476493134	0.0817772461510227	0.0856113764648174	0.947539224958203	0.97794809650492	0.684859069888193	0.0413624744869323	0.0819628445225263	0.0956187958911808	0.00475609549867444	0.135605653117585	0.0269234815216928	0.416763643628429	0.0526098818231759	0.580393226843778	0.896345702643802	0.788288777213372	0.0788355152128439	0.40461372003825	0.126408483099887	0.0824436759813767	0.0421471541920281	0.0778679601147828	0.340542008738898	0.0969441617916933	0.126408483099887	0.075015081596772	0.126408483099887	0.0823580233784526	0.126408483099887	0.991617021674165	0.125910022194353	0.110289777881812	0.126408483099887	0.124178273073733	0.167896679875567	0.991617021674165	0.638354519036085	0.0590214605350395	0.961005213525383	0.126408483099887	0.4828342798497	0.108555089493441	0.0308805470722607	0.204671507127174	0.179265867835664	0.0887509837392125	0.0363537108408701	0.0346372993667279	0.969140826283403	0.0108268115204933	0.0953043616591985	0.140356010675133	0.130216143295867	0.126408483099887	0.204054521172762	0.0656819899083112	0.196519995819447	0.991617021674165	0.0253620810180087	0.126408483099887	0.0714714131966568	0.87414300704309	0.100059947814676	0.367389134091544	0.0603785017183668	0.958279882158323	0.947282130012558
"SRR5928196"	0.642096651627789	0.0761242652891333	0.242861391506121	0.25894823822557	0.0157924384216359	0.189349410433306	0.28295021396529	0.0612759048220118	0.0956698040162932	0.0972786657432455	0.157758899683675	0.966968963755295	0.967689482124473	0.223947883693993	0.977465460130358	0.204056447498179	0.260993511165612	0.28295021396529	0.19515256713185	0.15963162738644	0.138933457656684	0.168619396254092	0.28295021396529	0.244099104440687	0.061839517195239	0.215377459247436	0.678571064579305	0.28295021396529	0.172435790869849	0.214029843653092	0.29030142723615	0.977465460130358	0.139389088003028	0.28295021396529	0.647773539338144	0.940521521537506	0.28295021396529	0.0388397580117276	0.140134613137209	0.264973100220242	0.26147404971819	0.0100943131141113	0.28295021396529	0.28295021396529	0.130166704631928	0.0773185763204831	0.28210099781683	0.350420355474378	0.015761939018598	0.156245403055082	0.956449396085645	0.953749667158218	0.246073499226228	0.00697418075189062	0.0933962346841189	0.0456979787328141	0.275013016316291	0.031756076168369	0.282529326843992	0.28295021396529	0.964299051115825	0.0837866305884374	0.243424169126044	0.188368624882049	0.161997425223756	0	0.216481552661173	0.238763980268339	0.955986160871951	0.203416780337329	0.269676670232087	0.00447706410606013	0.125126198392182	0.244700727381505	0.160811199354647	0.00431788445949754	0.00906242131132011	0.156150198326444	0.235297234475198	0.28295021396529	0.195178770271348	0.0317230487645773	0.0598535721650235	0.00716775922828243	0.279519988103891	0.272222610997709	0.0962956948082877	0.134475692282936	0.241570076697238	0.0297441094885729	0.420851698318348	0.154719635279985	0.0338254539298285	0.0402207182495653	0.205829407498956	0.248821979633491	0.249547638208015	0.252633103109983	0.282704591492032	0.0441073298046901	0.81462308338156	0.508272052027706	0.28295021396529	0.148725382863016	0.225843380185366	0.28295021396529	0.12509031141902	0.977465460130358	0.209222810772893	0.44195221425361	0.0704543404138255	0.26790412740104	0.0150674337228845	0.264896006978022	0.391680065483879	0.192595860308564	0.27497660239537	0.0107714782959395	0.849371243775084	0.205467424968802	0.449668474465776	0.0713521264085929	0.282282003851015	0.281697657935078	0.152876275665621	0.135952152436465	0.87437730434779	0.28295021396529	0.208848983520997	0.28295021396529	0.573675675434773	0.239781055366396	0.28295021396529	0.325155025261646	0.117172503437857	0.00431636186675366	0.231388947558698	0.239324556851292	0.272505075571074	0.197310450860396	0.24412460895184	0.368889983065878	0.28295021396529	0.851902890708962	0.0906523719214137	0.254684255311699	0.199485329623035	0.0493306585706569	0.164792381797139	0.0891286349022365	0.264693277296481	0.185924529666117	0.669462535708254	0.0190489330691038	0.228989387463673	0.0895741409603383	0.704168175517163	0.28295021396529	0.218236857388681	0.922801182355279	0.28295021396529	0.209653256501493	0.217765191554646	0.0568408254727868	0.158686767271572	0.100483371500052	0.240771354999726	0.244417066928295	0.918258630301813	0.959004790540393	0.583853035921336	0.121400886158853	0.240947929621744	0.253912896215412	0.157355485066674	0.0269491983756593	0.135630941889391	0.27206120497277	0.212898848583897	0.459033643705721	0.850651267304461	0.711888905878085	0.0841741050474787	0.258574736521011	0.28295021396529	0.241405337243536	0.202840551691857	0.0851407182719467	0.188327021819521	0.255168365713622	0.28295021396529	0.234331224567795	0.28295021396529	0.0806525850741832	0.28295021396529	0.977465460130358	0.282482253635198	0.267782346306253	0.28295021396529	0.280855926604533	0.00605430406334711	0.977465460130358	0.527743548533035	0.103911450369935	0.936247649333198	0.28295021396529	0.346344487739612	0.266145613776716	0.131737401121795	0.0440492627573997	0.0177539046519808	0.0742516192892485	0.12634431130737	0.195601298214853	0.947157918955697	0.17253929742184	0.0676768864773231	0.0221148700787918	0.0324253220325721	0.28295021396529	0.0434081774866818	0.0972901532902138	0.0355893904295361	0.977465460130358	0.186637489024286	0.28295021396529	0.230951067983303	0.821708634373066	0.258117863830996	0.217584943551175	0.220346597917408	0.932599932920518	0.917916021226874
"SRR5928254"	0.759211729626353	0.142569497108987	0.0277537435731905	0.044833085571309	0.231528692014725	0.0282213697692942	0.0705368655766861	0.157168702389845	0.123214525054268	0.307659726947654	0.362581069525441	0.988596946298187	0.989077487484805	0.00782345769000145	0.995585827989608	0.0129643391705003	0.0470130203506243	0.0705368655766861	0.395886269562699	0.0587619418276927	0.345627073308096	0.0495657491132109	0.0705368655766861	0.0290636328894869	0.156616181561512	0.413697190986177	0.78629549843948	0.0705368655766861	0.0456502906322029	0.00256354776082523	0.478470315698079	0.995585827989608	0.0793468867725192	0.0705368655766861	0.763450430467148	0.970876172466826	0.0705368655766861	0.253315844054369	0.346712599554126	0.0512601340292256	0.453770844210358	0.22611062869963	0.0705368655766861	0.0705368655766861	0.0886674068188898	0.289241636669003	0.069622884004903	0.529108940662507	0.201366567905206	0.0622176653488661	0.981567593612951	0.979759519398384	0.0311546034908494	0.223138525271774	0.304088750815239	0.25975991955906	0.0620074129228656	0.246641128905447	0.0700838375559001	0.0705368655766861	0.986815251263351	0.135000537078273	0.0283492529675869	0.0292354499228244	0.0563446607395309	0.216481552661173	0	0.0234223515425567	0.98125747207344	0.0136299128108091	0.0562892990748074	0.220757158693779	0.0937463521723647	0.0297005903048896	0.3653180693694	0.212350564631286	0.225128110722639	0.361137217356521	0.0197635738431545	0.0705368655766861	0.0221854080854979	0.246609963439331	0.158562473009675	0.20962005521642	0.0668470933378276	0.0590157362642022	0.122592137265705	0.084317050991791	0.436555551790875	0.187876512160329	0.586979846191912	0.0637731383599669	0.248593013291498	0.177717827140009	0.0111186274633697	0.0340683165399231	0.0348381740853225	0.038114251807871	0.0702724762057209	0.258266915109637	0.884272998041937	0.656715804141056	0.0705368655766861	0.354461338821826	0.422858816149942	0.0705368655766861	0.333079127384392	0.995585827989608	0.00758209327113099	0.604020642625635	0.148154862458419	0.0543928578802067	0.202034618744179	0.0511777890740678	0.563197243567257	0.393624661630237	0.0619683492566725	0.226755168848735	0.908554164772739	0.0114955767155887	0.610218771168361	0.147271338739834	0.0698176663005449	0.0691889010123356	0.0656510543501744	0.0828246082077764	0.925847156074801	0.0705368655766861	0.00797193869919425	0.0705368655766861	0.707433751271243	0.0244967964937423	0.0705368655766861	0.507969554475396	0.101738955662947	0.212352022602485	0.0156453045654755	0.02401449047259	0.0593184110298509	0.397793323714384	0.0290906319927075	0.544434265378696	0.0705368655766861	0.910311763977237	0.12819802814117	0.040294524527887	0.0177166139966726	0.168848712485016	0.0534857732724572	0.300157100346347	0.0509612621829583	0.031760680875053	0.779565234055087	0.198202203009053	0.0131202323595999	0.129267612468035	0.805092121642144	0.0705368655766861	0.00183702301645863	0.958912912892485	0.0705368655766861	0.00713312643791954	0.00134326360305096	0.161512020190097	0.0597266902248713	0.31060317333841	0.0255434058148786	0.0294002494418815	0.955834447170208	0.983277470057406	0.715217240332513	0.0974931965699167	0.0257300673715375	0.0394743826313405	0.061085342924257	0.19057923693666	0.0831493744790039	0.462873937145324	0.00374523224300754	0.61771744390842	0.909443016002443	0.810728030016545	0.134617146991914	0.451271434513981	0.0705368655766861	0.0262136704070022	0.0142293236741244	0.133660454204504	0.389843479387909	0.0408093903082617	0.0705368655766861	0.0187450215692245	0.0705368655766861	0.138099283456515	0.0705368655766861	0.995585827989608	0.0700331747461018	0.0542626176649331	0.0705368655766861	0.0682834642808957	0.222261569756608	0.995585827989608	0.67194282479261	0.115006008171728	0.967997459930798	0.0705368655766861	0.525712438865107	0.0525128583502484	0.0870825404869568	0.258212394445743	0.233390851086931	0.14441566481978	0.0925199314660961	0.0217473243925585	0.975337857075903	0.0455440093719636	0.150886117327242	0.195246808690466	0.185280822395957	0.0705368655766861	0.257610377749221	0.121602911375557	0.250255507848844	0.995585827989608	0.0310243238744663	0.0705368655766861	0.0151843277799204	0.889248120825466	0.0439485864769838	0.415632686428307	0.00404680390161123	0.96553716782106	0.955602067884314
"SRR5928468"	0.76974575903034	0.165471569799602	0.0043340448100384	0.0214319247614903	0.253655846456588	0.0516115986468178	0.0471879203051778	0.179967253423335	0.146239490433726	0.328850790086107	0.382941291997857	0.990425586842729	0.990885597435159	0.0156015857198646	0.99711493658714	0.0363762901953237	0.0236151535254343	0.0471879203051778	0.415679386059593	0.082077925936615	0.366257648492513	0.0729084030217974	0.0471879203051778	0.00564489954456566	0.179418819834541	0.433167472985435	0.795915940942191	0.0471879203051778	0.069003171939402	0.025984430239166	0.496651919136972	0.99711493658714	0.102589715402683	0.0471879203051778	0.773843509804018	0.973455246946314	0.0471879203051778	0.27520075570681	0.367326235661011	0.0278692883790667	0.472465032879161	0.248294825813104	0.0471879203051778	0.0471879203051778	0.111870998474614	0.310682172295368	0.0462715805695529	0.546158206884891	0.22379506213751	0.0855226674255734	0.983695464661083	0.981964027583721	0.00773756829005495	0.245353471911723	0.325329328469173	0.281569237130609	0.0386378990047378	0.268602442066724	0.0467337188023599	0.0471879203051778	0.988719929489843	0.157952617303188	0.00492998371343394	0.0526238718646508	0.0796680150769896	0.238763980268339	0.0234223515425567	0	0.983398497553941	0.0370411300391335	0.0329077992995368	0.242996466168723	0.116926959992782	0.00628235379834491	0.385633486670871	0.234673899255274	0.247322515469145	0.381520946028749	0.00366037312665939	0.0471879203051778	0.0455854557751833	0.268571628801539	0.181350654533102	0.231970021434108	0.0434888548793702	0.0356397709329726	0.145620782706031	0.107539430479501	0.455591572685794	0.210426976961004	0.602601391529568	0.0870730261405348	0.270532184268456	0.200354912025166	0.0345325113050048	0.0106539697571194	0.0114246002798323	0.0147042602162595	0.0469228449798733	0.280093906996489	0.890332352704149	0.670428229482345	0.0471879203051778	0.374952585242249	0.442157736174797	0.0471879203051778	0.35390181993943	0.99711493658714	0.0309992612715222	0.619194680532641	0.171018428678559	0.0310077024571615	0.224456866992857	0.0277867997097901	0.579422748752397	0.413457796679144	0.0385987485468726	0.248932646894237	0.913669146619996	0.0349090780127787	0.62522698825113	0.170141086814676	0.046466862320769	0.0458364908119411	0.0889446261397378	0.106053241959446	0.930274623874322	0.0471879203051778	0.0313887716986309	0.0471879203051778	0.719628671606087	0.00107502573475797	0.0471879203051778	0.525504817664962	0.124881105883577	0.234675342919799	0.00777973130017586	0.000592452701341963	0.0359430803910134	0.41755252466858	0.00567191934387002	0.561119302311095	0.0471879203051778	0.915357436160742	0.151192916262148	0.0168871798280937	0.0411228979543199	0.191557745279814	0.0768175130290798	0.321451556259909	0.0275698963522473	0.0551444066217793	0.789415570945491	0.220660018873319	0.0103051009928228	0.152255903739212	0.814060461314126	0.0471879203051778	0.0215862030607541	0.961991259081932	0.0471879203051778	0.0305506719462703	0.0220797420353817	0.184277977954118	0.0830396611964855	0.331753008996077	0.00212224980506247	0.00598177643116383	0.959040310889966	0.985332741843736	0.727169684569093	0.120656124292781	0.00230902608429843	0.0160660176114584	0.084394001195547	0.213105899511607	0.106376655570952	0.481382245547126	0.027165340006625	0.632522871343086	0.914522962675686	0.819497965674777	0.157571693648277	0.470016039467677	0.0471879203051778	0.00279293350032337	0.0376398633519441	0.156621127462998	0.409743030680793	0.0174027013327073	0.0471879203051778	0.00467926438853853	0.0471879203051778	0.161031193056075	0.0471879203051778	0.99711493658714	0.0466829253254002	0.0308772170256639	0.0471879203051778	0.0449287718454301	0.244485516108422	0.99711493658714	0.685211043438377	0.138078147209647	0.970697215013921	0.0471879203051778	0.542841074677537	0.0291242360331852	0.11029307274576	0.280040029924612	0.255498105949869	0.167305160425147	0.115706192746436	0.0451480223040933	0.977729212599548	0.068897158899234	0.173730357958635	0.217731616340108	0.207853847377507	0.0471879203051778	0.279445111200377	0.144637371062705	0.272175689183701	0.99711493658714	0.0544094480077384	0.0471879203051778	0.00824078338869631	0.895115973665356	0.0205461490725365	0.435067066231167	0.0193772770235122	0.968339790841897	0.958817541389598
"SRR5928229"	0.74376672865473	0.96592336977243	0.983784529129216	0.985277796639283	0.953751601376094	0.978551384460005	0.987441711262309	0.964086396181205	0.968272531263504	0.941115169468861	0.93033934245965	0.0847450703005049	0.0907589012074819	0.981982843244353	0.178770879860333	0.980032084962633	0.985465140678434	0.987441711262309	0.922964832556577	0.975454793734715	0.933837230657206	0.976406491045905	0.987441711262309	0.983900679315672	0.964156973111398	0.918719608081222	0.712792118293207	0.987441711262309	0.976806569856305	0.981017499970883	0.90116958585699	0.178770879860333	0.973261241340125	0.987441711262309	0.739266385948399	0.100809632883876	0.987441711262309	0.950372367209052	0.933618099940705	0.985828069094581	0.908288468582514	0.954565253692653	0.987441711262309	0.987441711262309	0.97223814583063	0.944394715593475	0.987366422069571	0.884586965895936	0.958153944999554	0.97509273173673	0.00333101810242915	0.0158059137508973	0.984085523065185	0.955007227892584	0.941763152125493	0.94933857415021	0.986734422149428	0.951426351291608	0.98740440802537	0.987441711262309	0.0629757672735939	0.966853462752984	0.983837367956747	0.97845144699413	0.975706606627916	0.955986160871951	0.98125747207344	0.983398497553941	0	0.979968372723622	0.986254324913528	0.95535915467219	0.971672519333206	0.983957060568339	0.929759146685682	0.956586105438249	0.954711700645545	0.930643639370008	0.983070048042473	0.987441711262309	0.97914227195362	0.951431233047865	0.96390798606884	0.95697954030031	0.987137032268756	0.986483838699396	0.968346499622979	0.972718054118473	0.91292821188027	0.960026809033197	0.861484698529962	0.974928960408214	0.951119881060353	0.961400299050714	0.980208352077021	0.984341943339464	0.984409470986723	0.984695792756863	0.987419944473587	0.94957952894194	0.529985917025202	0.82529935265697	0.987441711262309	0.932034908902021	0.916446627090265	0.987441711262309	0.93632414226384	0.178770879860333	0.980544402869422	0.853616532124586	0.965227361414882	0.986094031646154	0.9580597058571	0.985821058328861	0.87160221140442	0.923488174933133	0.986731158611346	0.954469000548466	0.452809819289713	0.980172402463424	0.850613831591357	0.965338013449058	0.987382477268579	0.98733063089128	0.974730572263995	0.972881730106172	0.383242629903699	0.987441711262309	0.980507467228403	0.987441711262309	0.790526712168059	0.983494538311803	0.987441711262309	0.891865014907194	0.970770542321655	0.956585894701748	0.982697731249617	0.98345144979076	0.986509250513101	0.922520847533418	0.983903070493861	0.878952944390896	0.987441711262309	0.446377798268426	0.967676781574878	0.98488541751157	0.97957542575583	0.962574456749303	0.976002895252603	0.942469738867264	0.985802618587972	0.978201747419079	0.72100668553594	0.958598393818853	0.982468064832737	0.96754810672251	0.68773768280115	0.987441711262309	0.981428736665648	0.195949135177448	0.987441711262309	0.980586906742868	0.981382760821135	0.963528647356687	0.975353961630707	0.940576548577627	0.983587911834684	0.983930483490445	0.21751998774328	0.0220713373745329	0.784339909292259	0.971251505351487	0.983604546359239	0.984814173833617	0.975211636974629	0.959656120847474	0.972846154658582	0.905730832460402	0.980906499126121	0.846873986038067	0.449573369085851	0.679549687587145	0.96690017937875	0.908977800084436	0.987441711262309	0.983647617052196	0.979910925981348	0.96701658908043	0.924355515849489	0.984930089454024	0.987441711262309	0.982978223901584	0.987441711262309	0.966474483653089	0.987441711262309	0.178770879860333	0.987400234524468	0.98608300369806	0.987441711262309	0.987255871344892	0.955137054173218	0.178770879860333	0.81576242105951	0.969240430847372	0.125521976618936	0.987441711262309	0.88579361771555	0.985934599295937	0.972413465725976	0.949588311465463	0.953469555316747	0.965694230696323	0.971809633632067	0.979184896155681	0.0598806080996036	0.976817387475904	0.964883973052165	0.959010628170013	0.960380714242693	0.987441711262309	0.949685210813747	0.968463868044276	0.950857714775919	0.178770879860333	0.978274683676146	0.987441711262309	0.982655882238049	0.51575391604808	0.985201575784937	0.918244620138852	0.981633985839696	0.145676932058077	0.21910573410428
"SRR5928393"	0.752917815316637	0.129175935047165	0.0413689215746047	0.0584293798569017	0.218548161923829	0.0145967436360185	0.0840906559565809	0.143828898426112	0.109758171396285	0.295195358817372	0.350582495286199	0.987495652658165	0.987988540241598	0.0214512167303299	0.994664704032995	0.000665684396372658	0.06060636651332	0.0840906559565809	0.384208384689966	0.0451660900162291	0.333476342228569	0.0359587099026923	0.0840906559565809	0.0426776273184902	0.143274242900527	0.402202663558884	0.780542041434646	0.0840906559565809	0.0320391482098094	0.0110667291405658	0.467712390922411	0.994664704032995	0.0657839622176153	0.0840906559565809	0.757239819479653	0.969323883728144	0.0840906559565809	0.240467681119541	0.334571386686824	0.0648473868284941	0.442719113635127	0.213099090035501	0.0840906559565809	0.0840906559565809	0.0751229781497017	0.276638610148244	0.083178475785968	0.519003255332044	0.188223072354848	0.0486265797481412	0.980286400731528	0.978432266231494	0.0447666174462361	0.210110299493306	0.291596810788733	0.246953264186667	0.0755771830139096	0.233751107406871	0.0836385234983058	0.0840906559565809	0.985668234818032	0.121581269153594	0.0419638983392784	0.0156113944492648	0.0427456575384518	0.203416780337329	0.0136299128108091	0.0370411300391335	0.979968372723622	0	0.069868739074042	0.207715727536902	0.0802129438658842	0.043313993306376	0.353344760004402	0.199263689968769	0.212111030330972	0.349125393663445	0.0333850189462431	0.0840906559565809	0.00855793187894321	0.233719749202973	0.145228088981341	0.19651881368328	0.0804080249599293	0.07259067000544	0.10913392478967	0.0707637110219178	0.425308464777825	0.174667746588489	0.57770180086836	0.0501842983573965	0.235715113048118	0.164463015132334	0.00251164373915973	0.0476773838735062	0.048446426525444	0.051718866679172	0.0838267898785049	0.245450547206642	0.880636916255412	0.648551908110543	0.0840906559565809	0.342388959441207	0.411461826045503	0.0840906559565809	0.32082059646804	0.994664704032995	0.00604840808370856	0.595003052955143	0.134781217444826	0.0679753200711247	0.188894477766853	0.0647651644062711	0.553568441715581	0.381924085847517	0.0755381882483146	0.213747279179075	0.905482199309491	0.00213465101968557	0.601297806785285	0.133894489533685	0.0833728759704234	0.0827453406609124	0.0520650083842714	0.069268323365356	0.923186507462946	0.0840906559565809	0.00565855303099997	0.0840906559565809	0.700160544982043	0.0381147267102429	0.0840906559565809	0.497583428769764	0.088224235279325	0.199265155662768	0.0292693405113398	0.0376328051334479	0.0728928327720192	0.386134676060423	0.0427046015635842	0.534539207758227	0.0840906559565809	0.907281240324249	0.114756918366489	0.0538965661248844	0.00408763058253781	0.155555879635765	0.0398832369304231	0.287635186577813	0.0645489588880171	0.0181381612533346	0.773675663244604	0.185042974625629	0.0267456417416105	0.11582985789285	0.799725158103949	0.0840906559565809	0.0154665711930726	0.957060889908305	0.0840906559565809	0.00649738116749195	0.0149729182969524	0.14818927141389	0.0461321381083594	0.298161780853795	0.0391604812699843	0.0430139326115603	0.953905911291447	0.982039916071086	0.70808672622	0.0839683440623433	0.0393469874299775	0.0530774064953606	0.0474926617630105	0.177383171277034	0.0695937255804073	0.451928635172735	0.00988515569623278	0.608914728912408	0.906391998184688	0.805478773696984	0.121196616318282	0.440190860858987	0.0840906559565809	0.039830183708482	0.000599520343856214	0.12023678906502	0.378105264338367	0.0544108064551398	0.0840906559565809	0.0323671479366774	0.0840906559565809	0.124690360867786	0.0840906559565809	0.994664704032995	0.0835879605140677	0.0678452840284891	0.0840906559565809	0.0818416573505806	0.209228463927768	0.994664704032995	0.664039221301038	0.101525941758791	0.966372697947956	0.0840906559565809	0.515560905709364	0.0660982256228313	0.0735348089388853	0.245395672959698	0.220421153980802	0.131028596997717	0.0789838012155263	0.00811967775640304	0.973898330164841	0.0319327610664294	0.137522504910284	0.182073120302483	0.172060037614994	0.0840906559565809	0.24478975712448	0.10814176503909	0.237388009586519	0.994664704032995	0.0174013394764741	0.0840906559565809	0.0288086266622307	0.885726348556729	0.0575460422319459	0.404158582471349	0.0176757987181749	0.963850641557324	0.953667766642236
"SRR5928411"	0.78395563795062	0.197367432294698	0.0285775922117967	0.0114835004182763	0.284328939445654	0.0843844506300284	0.0143010309413297	0.211694575175313	0.178339188138378	0.358109626893446	0.410972687373881	0.992863834978408	0.993296412419212	0.0484859460167186	0.999153081470907	0.069206085435535	0.00929945037358864	0.0143010309413297	0.442882891304317	0.114694035116087	0.394686321664081	0.105577693597046	0.0143010309413297	0.0272676691000504	0.211152751161728	0.459902557987676	0.808875553435916	0.0143010309413297	0.101693542501171	0.0588448515975745	0.521533902841345	0.999153081470907	0.135068164830264	0.0143010309413297	0.787860227026285	0.976897170340982	0.0143010309413297	0.305503479612444	0.395729962223991	0.00504286561592521	0.498081206912454	0.279055718716036	0.0143010309413297	0.0143010309413297	0.144278677821282	0.3403139212902	0.013382968899203	0.569429645412867	0.254935055565844	0.118117462744376	0.986533701510102	0.984904753887368	0.0251762670249593	0.276161798069465	0.354661993302855	0.311757116659383	0.00573696802401037	0.299021573200721	0.0138459692184113	0.0143010309413297	0.991259791627968	0.189930857795826	0.0279820900351817	0.0853924335085395	0.112298601844534	0.269676670232087	0.0562892990748074	0.0329077992995368	0.986254324913528	0.069868739074042	0	0.273842424321455	0.149293866570019	0.0266306294217242	0.413599215218073	0.265650045180257	0.278099146094574	0.409586811345094	0.0365640254277364	0.0143010309413297	0.0783825416826624	0.298991297375907	0.213061222551263	0.262987560565972	0.0105953329129621	0.00273499190130339	0.1777266630831	0.139980795239896	0.48169941269877	0.241758480718313	0.62386063128268	0.119657991000339	0.300917542900905	0.231823541501678	0.067368226784706	0.0222611783033852	0.0214908066297648	0.0182118366631149	0.0140354520266911	0.310308609272039	0.898454366210414	0.68902271004073	0.0143010309413297	0.403176287889368	0.468644934669448	0.0143010309413297	0.382613979948298	0.999153081470907	0.063845735543406	0.639826838702443	0.202851310208088	0.00190192417370354	0.2555870978283	0.00512541246717946	0.601530939219088	0.440719503727122	0.00569776371873574	0.279683185019589	0.920516896337866	0.0677436014102814	0.645627185957428	0.201984054828599	0.0135786133147522	0.0129470796478638	0.12151752697958	0.13850589944663	0.936196776525962	0.0143010309413297	0.0642340976959194	0.0143010309413297	0.736122522000205	0.0318338339467152	0.0143010309413297	0.549465732519268	0.157180699510077	0.265651466625665	0.040677724963736	0.0323159398307669	0.00303866526535778	0.444706728443992	0.0272406673841945	0.583875605495648	0.0143010309413297	0.922111796358825	0.183242272240791	0.0160290066956357	0.0739364872462631	0.223141099971046	0.109464763515324	0.350864657408848	0.00534246679851657	0.0879020111572307	0.802689417590479	0.251845897873434	0.0431991065683934	0.184294261336363	0.826130088764379	0.0143010309413297	0.05445757823797	0.966101968205478	0.0143010309413297	0.0633984570530602	0.0549499475726259	0.215952710435636	0.115649893118282	0.360950440512899	0.0307875740350491	0.0269310144411048	0.963321966996245	0.988073906851922	0.743329156297149	0.152991954610335	0.0306009625815964	0.0168501698544416	0.116995860266859	0.244399894023849	0.138826867142181	0.506731769395821	0.0600226168350429	0.652639678812858	0.92132350293698	0.831297199932373	0.189554015785799	0.495704620718801	0.0143010309413297	0.030117472154559	0.0704654802235365	0.188613596427334	0.437101401131127	0.015513463236411	0.0143010309413297	0.0375816148044204	0.0143010309413297	0.192976121376291	0.0143010309413297	0.999153081470907	0.0137950803402485	0.00203252686795207	0.0143010309413297	0.0120377306035569	0.275307739174276	0.999153081470907	0.703189144659426	0.170257519958125	0.974300716516027	0.0143010309413297	0.566224943590901	0.00378698071619447	0.142713156317242	0.310255709245921	0.286140626130839	0.199180411189666	0.148083087337	0.0779467802021646	0.980919896655085	0.101588088629914	0.205531764869303	0.248959817952744	0.239220968871777	0.0143010309413297	0.30967156756576	0.176753030439793	0.302532107480112	0.999153081470907	0.0871702879263	0.0143010309413297	0.041138078390722	0.902979315786979	0.0123695249986841	0.4617501746216	0.0522537027247335	0.972081059496948	0.963112082381581
"SRR5928460"	0.639350153516095	0.0805754725841291	0.247085493944965	0.263138061868167	0.0113161276642306	0.1936718852062	0.287084850056646	0.0657359887625569	0.100106495577175	0.0928396731552913	0.153383840813311	0.966431321762948	0.967157738785531	0.228209506143151	0.977014187509043	0.208354285301693	0.265178820792927	0.287084850056646	0.190832494324458	0.163998332593204	0.134535187291241	0.172973508214987	0.287084850056646	0.248320646720181	0.0662992981071935	0.211092050565391	0.676027788520297	0.287084850056646	0.176784349919764	0.218309939235564	0.286174573661648	0.977014187509043	0.143781666784483	0.287084850056646	0.645057927614275	0.939770428681557	0.287084850056646	0.0343683209951052	0.135737734376044	0.269149525966809	0.257280571471557	0.00561748804658448	0.287084850056646	0.287084850056646	0.134569927849053	0.0728652616538989	0.286237669099166	0.346455073640538	0.0202376584448253	0.160616676612174	0.955826138316948	0.953104589343415	0.25029093089802	0.00249719006234858	0.0889541928872552	0.0412288569447624	0.279166438001346	0.0272826643299988	0.286664972370618	0.287084850056646	0.963739590031538	0.088232530748098	0.247647109078309	0.19269267794834	0.166360881487556	0.00447706410606013	0.220757158693779	0.242996466168723	0.95535915467219	0.207715727536902	0.273842424321455	0	0.129534936788125	0.248921020577811	0.156440185963638	0.00879478848248832	0.00458553238464612	0.15177303897488	0.2395367032637	0.287084850056646	0.199491697415869	0.0272496287099208	0.064314408930765	0.0116444714886999	0.283662807722764	0.276382511210515	0.100731868383652	0.138874031180857	0.237334699631202	0.0342168832675208	0.417114637247261	0.159092935718048	0.0293525752416941	0.0446902051136515	0.210124152414013	0.253033634534448	0.253757757321941	0.256836642719392	0.286839816853244	0.0396376356987585	0.812937682038124	0.504876747092609	0.287084850056646	0.14433881222021	0.221577267062231	0.287084850056646	0.120676882414632	0.977014187509043	0.213511562262691	0.438291709121762	0.0749091564855166	0.272073924936773	0.0195432565047835	0.269072606088577	0.387843380019079	0.188271651631124	0.279130109044472	0.0062947000143022	0.847930213807	0.209762803501608	0.446036907657177	0.0758063891039504	0.286418241850947	0.285835293720496	0.157251998755485	0.140348781791506	0.873118499691583	0.287084850056646	0.213138400009963	0.287084850056646	0.570578457882138	0.24401147345842	0.287084850056646	0.321118114759824	0.121589509552689	0.00879326597389667	0.235636167465389	0.243555904122773	0.27666432295738	0.192993911756481	0.248346098340887	0.364980483810284	0.287084850056646	0.850480067005537	0.0950930966779795	0.258883376732639	0.203791019706185	0.0537965355074805	0.169151939076533	0.0846833881800203	0.268870332058547	0.190252480601095	0.666867450654221	0.0235241081714568	0.233241302684851	0.094015704764658	0.70177427234557	0.287084850056646	0.22250921807718	0.921910411911745	0.287084850056646	0.213941240818333	0.222038426840892	0.0613032005693344	0.163054756892226	0.0960469917037153	0.244999751365918	0.248637949436464	0.917332485302082	0.958402243560597	0.580805468743063	0.125813563247782	0.245175964639741	0.25811368329439	0.161725271643637	0.0314226927281501	0.140027944724751	0.267891378450314	0.217180998200745	0.455437877327629	0.849219435761308	0.709541151311855	0.0886197236983436	0.254374946584219	0.287084850056646	0.245632434988618	0.20714049531808	0.0895856291452557	0.183996030757433	0.259366439202004	0.287084850056646	0.238572621143482	0.287084850056646	0.0851007157122895	0.287084850056646	0.977014187509043	0.286618011967399	0.271952420674465	0.287084850056646	0.284995570812486	0.00157728021249454	0.977014187509043	0.524433192198074	0.108341056909905	0.935462623264408	0.287084850056646	0.342367284946267	0.270319396669223	0.136138862025027	0.0395795481626525	0.0132778342798394	0.0787040484281137	0.130751736474646	0.199913522212906	0.946459825905593	0.176887704161534	0.0721333715207629	0.0265894553772416	0.0368973426810299	0.287084850056646	0.038938238577033	0.10172549707012	0.0311169947140361	0.977014187509043	0.190964308114713	0.287084850056646	0.235199148316769	0.820072228212602	0.262309510116725	0.213303527648546	0.224615023674477	0.931786068382205	0.916987215339853
"SRR5928168"	0.713264930032411	0.0494453914740353	0.121203171537516	0.138033186805911	0.140656930469277	0.0656886181813923	0.163266679397202	0.0643145984185683	0.0297921948520305	0.219884770489084	0.277723193840875	0.980403371266424	0.980975443173399	0.101499717028187	0.988728695227864	0.0808745621398483	0.140177661871183	0.163266679397202	0.313080397143	0.0351668163969089	0.259806986925141	0.0443747486947557	0.163266679397202	0.12249573099689	0.0637511516031274	0.332077234257908	0.744201022654892	0.163266679397202	0.0482906498058711	0.0912034421780165	0.401689007824134	0.988728695227864	0.0145010291594006	0.163266679397202	0.718096063832645	0.959344316697938	0.163266679397202	0.163219075505248	0.260952463840083	0.144353330687706	0.375046635783924	0.13505988874668	0.163266679397202	0.163266679397202	0.00511900988106714	0.200617280079202	0.162371371797215	0.456691983624802	0.109567727422404	0.0317027958655891	0.972041181416223	0.969892114545528	0.124558420334083	0.131991925415696	0.216144078328686	0.169909393662435	0.154905909968539	0.15629750762123	0.162822925342482	0.163266679397202	0.978282773172914	0.0417517155933615	0.121790839295208	0.0646778094742035	0.037588638828165	0.125126198392182	0.0937463521723647	0.116926959992782	0.971672519333206	0.0802129438658842	0.149293866570019	0.129534936788125	0	0.123124153726733	0.280620724669371	0.120869802270375	0.13404549967629	0.276195239273858	0.113312250719439	0.163266679397202	0.0717013562867541	0.156265209110057	0.0657361782172459	0.118058136431462	0.159651414175472	0.151970431579817	0.0291613438245725	0.00950000605280136	0.356548617202412	0.0957175145827351	0.520185525472523	0.0301428946489247	0.158320716329193	0.0853097322796477	0.0827088980581591	0.127431458232072	0.128190322575547	0.131418470037633	0.163007706643885	0.168358644926206	0.857454599978605	0.597611746041716	0.163266679397202	0.269135727027115	0.341873040469968	0.163266679397202	0.246582469050795	0.988728695227864	0.0862219643850912	0.539012567238748	0.0551294679485954	0.147431359136728	0.110254486597043	0.144272400566453	0.494009625839941	0.310672630900976	0.15486759004379	0.135725434127319	0.885850842849326	0.0823343206988905	0.545875240717186	0.0542299514798761	0.162562186446064	0.161946205432925	0.02825905843085	0.0110021795392821	0.906155402480963	0.163266679397202	0.0858348135470446	0.163266679397202	0.654561306441461	0.117988021172233	0.163266679397202	0.433668078867296	0.00806503096909193	0.120871303944467	0.109240795062801	0.117511747815149	0.152267490763156	0.315111470534982	0.122522369765676	0.473439956748204	0.163266679397202	0.8879114501452	0.0348459918117457	0.133565813488788	0.0761488223268728	0.0762386338963956	0.0404515570018377	0.212028371961439	0.144059588406423	0.0621599363960646	0.736498631205926	0.106315866544608	0.10674296393531	0.035931249192082	0.765764830568512	0.163266679397202	0.0955678785827063	0.94516808601202	0.163266679397202	0.0866677949512273	0.0950783424277611	0.0687457462217818	0.0341999654517176	0.222969931583576	0.119021400380467	0.122827845956515	0.941525453539914	0.974074222049356	0.663349310032214	0.00377936837006856	0.119205682344199	0.132758155065397	0.0328380709787243	0.0984897091959864	0.0106753297383384	0.384851699100479	0.0900308831768215	0.554188515750999	0.88689284412759	0.772245459940248	0.0413622851266729	0.372357359660194	0.163266679397202	0.119683092144955	0.079617028561456	0.040390635791778	0.306649310304122	0.134072782904532	0.163266679397202	0.112305551702531	0.163266679397202	0.0449002626767453	0.163266679397202	0.988728695227864	0.16277329746153	0.147303426587177	0.163266679397202	0.161059058952582	0.131086998975836	0.988728695227864	0.614652739386318	0.021477686919721	0.955930107171768	0.163266679397202	0.452986617374362	0.145584386537562	0.006715431335273	0.168302023506131	0.142581865647463	0.0513235587094184	0.00123651895659718	0.0721375045733141	0.964639713762094	0.0483969051948255	0.0579110607558215	0.103280423746298	0.0930563720485012	0.163266679397202	0.167676847353652	0.0281588106099402	0.16004452273945	0.988728695227864	0.0628942640939615	0.163266679397202	0.108784874375264	0.863262127205593	0.1371628408851	0.334145337238437	0.0977582359668428	0.953013655743037	0.9412505756488
"SRR5928226"	0.772510647357621	0.171585972351498	0.00194835893887436	0.0151514918183815	0.259548759052315	0.0578762828741316	0.0409169877283617	0.186051543547892	0.152390018785302	0.334482489529767	0.388343961540928	0.990902557798155	0.991357207153896	0.021881920072263	0.997513703695838	0.0426494667962139	0.0173352213037812	0.0409169877283617	0.420926733396281	0.0883174001361232	0.371734627956413	0.0791566184421531	0.0409169877283617	0.000637475539963023	0.185504294345994	0.438326692149724	0.79843916686073	0.0409169877283617	0.0752548085555094	0.0322618251963617	0.50146105366479	0.997513703695838	0.108806040174524	0.0409169877283617	0.77657108608123	0.974128280872039	0.0409169877283617	0.281025627924274	0.372798553625962	0.0215904938965087	0.47741312169717	0.254203819596329	0.0409169877283617	0.0409169877283617	0.118075215705977	0.316383082419243	0.0400001752628963	0.550661538873623	0.229773237790103	0.0917586011223749	0.984250591185831	0.982539175780408	0.00145528110017856	0.251271144916896	0.330974745765959	0.287372950746157	0.0323629419329018	0.274448732852335	0.0404625506652283	0.0409169877283617	0.989216757718927	0.164081663058475	0.00135240952444448	0.058887894632054	0.0859098828457758	0.244700727381505	0.0297005903048896	0.00628235379834491	0.983957060568339	0.043313993306376	0.0266306294217242	0.248921020577811	0.123124153726733	0	0.391023858531589	0.240622228341773	0.253234389579453	0.386930069256048	0.00994251164706341	0.0409169877283617	0.0518538270621808	0.274418018406614	0.187431941332903	0.237925898943146	0.0372160749306961	0.0293636075869027	0.151772400794546	0.113749424869721	0.46063253615774	0.216439918817241	0.606721040496215	0.0933073206410732	0.276372264015654	0.206392656897801	0.0408065295221268	0.00437189148243347	0.00514259401870404	0.00842263902216149	0.040651774631544	0.285902564729912	0.891917335912247	0.674037488189474	0.0409169877283617	0.380391245101227	0.447270253096654	0.0409169877283617	0.359431724396001	0.997513703695838	0.0372747799757781	0.623194439389699	0.177121601250112	0.024729884624313	0.230433266789713	0.0215079811297851	0.583704473237561	0.418716082250244	0.0323237750374507	0.254839745177875	0.915006218333618	0.0411829276073224	0.629182363814608	0.176246059782766	0.0401955569242817	0.0395648645280498	0.0951769039702713	0.11226516748433	0.931431431761861	0.0409169877283617	0.0376641322260864	0.0409169877283617	0.722834042239237	0.00520736117781428	0.0409169877283617	0.530139218924122	0.131066639261583	0.24062366795301	0.0140614379970338	0.0056899210375922	0.0296670342412765	0.42279060436991	0.000610454935973025	0.565524567609096	0.0409169877283617	0.916676326899051	0.157334557252251	0.0106058854837996	0.0473937229925662	0.197616175270544	0.0830621233999232	0.327111910674197	0.0212910147924907	0.0614067297489563	0.79199956887818	0.226646536820986	0.0165864437156468	0.158395599804509	0.816411446094688	0.0409169877283617	0.0278649987984141	0.962794844430415	0.0409169877283617	0.0368263705961203	0.028358391981421	0.190352835215853	0.0892781610295184	0.337373293212376	0.00416015621897475	0.000300588003219189	0.95987725415977	0.985868903463428	0.730310651210635	0.126847944266361	0.00397338198497121	0.00978459369780758	0.0906311103741379	0.219112043063616	0.112588163076469	0.486279903292346	0.0334423199046528	0.636423997883316	0.915850843899577	0.821796585982246	0.163701463505124	0.474977815234334	0.0409169877283617	0.00348947794799578	0.0439124399689238	0.162752696794864	0.415019476812605	0.0111214924086472	0.0409169877283617	0.0109613147849818	0.0409169877283617	0.167154323895633	0.0409169877283617	0.997513703695838	0.040411730997346	0.0245993562639233	0.0409169877283617	0.0386566917569194	0.250405730768634	0.997513703695838	0.68870192242626	0.144242687030299	0.971401796909307	0.0409169877283617	0.547365794576453	0.0228458180919281	0.116499420161373	0.285848867725648	0.261385414266711	0.173415890906151	0.121905109948668	0.0514166445219768	0.97835318368823	0.0751488858763286	0.179827907968254	0.223725822096109	0.213873239426999	0.0409169877283617	0.285255935063234	0.150790711949836	0.278010444600273	0.997513703695838	0.0606722744853196	0.0409169877283617	0.0145224292643506	0.8966506561774	0.0142655290637451	0.440216496526429	0.025656689981573	0.96907126820593	0.959656998764676
"SRR5928372"	0.533117095698846	0.234235563195302	0.389354801198956	0.403922087129148	0.14536636519124	0.34040112462733	0.42553032856801	0.220045487687074	0.25281868565281	0.0644823295067013	0.00312699492516804	0.944437194890248	0.945402136352358	0.372140070762788	0.958518864485565	0.353932057660064	0.405769272378493	0.42553032856801	0.0353870273430379	0.312880262564712	0.0223478683948046	0.321229075715251	0.42553032856801	0.390478030161831	0.22058526716184	0.056405741837202	0.577049742713921	0.42553032856801	0.324767458210761	0.363074679494215	0.135443837949046	0.958518864485565	0.29399529681332	0.42553032856801	0.539919431656834	0.909187824665168	0.42553032856801	0.12269299435782	0.0211248261320047	0.409360280047146	0.104812521966693	0.150947600772962	0.42553032856801	0.42553032856801	0.28535377214783	0.0844816731996824	0.424768375752139	0.200233394338637	0.176152730358777	0.309729013403054	0.930377087707899	0.926777160712406	0.392268960417475	0.153999642691752	0.0683820017848295	0.115915285808159	0.418401399957503	0.129678667522684	0.425152714244432	0.42553032856801	0.940863711134184	0.241533579844235	0.389865574262125	0.339496687315071	0.31508002255315	0.160811199354647	0.3653180693694	0.385633486670871	0.929759146685682	0.353344760004402	0.413599215218073	0.156440185963638	0.280620724669371	0.391023858531589	0	0.165021193438485	0.151957293264143	0.00477387280143137	0.382481467453663	0.42553032856801	0.345771319967825	0.129711202697857	0.218682893816169	0.16779684632991	0.422451430195624	0.415891240298956	0.253411966379991	0.289394308230218	0.0838249936939446	0.189700945843442	0.277739062265859	0.3083080890577	0.127639478743275	0.199815031471108	0.355559288868528	0.394760328659668	0.395417770615371	0.398211628076322	0.425309964962103	0.117488523522163	0.745804670898443	0.376431207579291	0.42553032856801	0.0123642521895022	0.0673347823698826	0.42553032856801	0.0364105282126872	0.958518864485565	0.358671409146259	0.301303867983533	0.228824458927467	0.412002451586889	0.175478287861938	0.409290753987491	0.245424151745268	0.0327394111961227	0.418368656268768	0.150284831846056	0.790184444278058	0.3552271284003	0.309961643571851	0.229681875297462	0.424930797816228	0.424406416242372	0.306590540317691	0.290777596002973	0.822454825306606	0.42553032856801	0.358328720799576	0.42553032856801	0.452138944578066	0.386557621344151	0.42553032856801	0.172854070577568	0.27313774756669	0.16501970986017	0.378924158338792	0.386142871685041	0.416145429090873	0.0376232837015271	0.39050117132866	0.220388791583112	0.42553032856801	0.793438776317315	0.248058662087263	0.400067534875869	0.349732751792972	0.208583850374696	0.31767684048234	0.0726631910895688	0.409107916040684	0.33724171337246	0.566028127428078	0.179342851228912	0.376738070990097	0.247034815942277	0.60820526711334	0.42553032856801	0.366923237292056	0.885753613200889	0.42553032856801	0.359065953212904	0.366491995696702	0.215794762537564	0.312001285120978	0.0612598845641333	0.387457163422431	0.390766516724898	0.879769848930413	0.933787725269515	0.464067608716576	0.277118088383516	0.387617528246555	0.399369730271413	0.310762412914064	0.186997347264888	0.290476707108587	0.116029787499997	0.362039240008643	0.320498730910747	0.791829505980355	0.61765568983857	0.241902185567225	0.101747180412904	0.42553032856801	0.388032906735538	0.352815612657857	0.242821541761371	0.0283234875928156	0.400505401804614	0.42553032856801	0.381602586900888	0.42553032856801	0.238550581512129	0.42553032856801	0.958518864485565	0.425110477918231	0.411892717016737	0.42553032856801	0.423650905149591	0.154898894037633	0.958518864485565	0.398799999781272	0.260622057905371	0.903522446420395	0.42553032856801	0.195801536149315	0.410417511759592	0.286827212377811	0.117545940535039	0.143442901703182	0.232449415838651	0.281765185204236	0.346160208537264	0.91800189532808	0.324863369132729	0.226170434150073	0.182315577213565	0.192292420450249	0.42553032856801	0.118179781593796	0.254354383822969	0.125900260952177	0.958518864485565	0.337899672439251	0.42553032856801	0.378525348457288	0.754810928102603	0.403171821454366	0.0587079271480435	0.368851432370125	0.898693843968982	0.879318928237991
"SRR5928256"	0.644731451463414	0.0718286112294916	0.238779273383553	0.25489870727859	0.0201090317598424	0.18517407716044	0.27895322831771	0.0569722135361861	0.0913874653497736	0.101556384855251	0.161972896735725	0.967483354286536	0.968198226065989	0.219830151685608	0.977897178982163	0.199904406892228	0.25694827457434	0.27895322831771	0.199312314010583	0.155414607224181	0.143170472200149	0.164414224690843	0.27895322831771	0.240019418609457	0.0575360982270278	0.219503137383244	0.681010170350785	0.27895322831771	0.168235849540477	0.20989460188335	0.294271995691211	0.977897178982163	0.135147792194969	0.27895322831771	0.650378586433668	0.941240289228066	0.27895322831771	0.0431508286247215	0.144370244964871	0.26093631715921	0.265509683074357	0.0144116061265904	0.27895322831771	0.27895322831771	0.125915455669589	0.0816108065957306	0.278102072855139	0.354233571972137	0.0114447879644688	0.15202408951149	0.957045751715386	0.954366914800878	0.241997719237106	0.0112917450411544	0.0976770298549904	0.0500065724423987	0.270998134377274	0.0360693037882038	0.278531379301256	0.27895322831771	0.964834328963079	0.0794958259470257	0.239343155396962	0.184191800965887	0.157783460079939	0.00431788445949754	0.212350564631286	0.234673899255274	0.956586105438249	0.199263689968769	0.265650045180257	0.00879478848248832	0.120869802270375	0.240622228341773	0.165021193438485	0	0.0133798128002664	0.160366274700236	0.231200523126257	0.27895322831771	0.191012458503318	0.0360362854861815	0.0555492051506336	0.00284995782048587	0.275515205132329	0.268201559540462	0.0920138339136872	0.130229007531054	0.245646703687067	0.0254293001490881	0.42444335056448	0.150496417748922	0.0381380935848299	0.0359087056577911	0.201680293944833	0.244751689752296	0.245478808115145	0.248570527919344	0.278707044323387	0.0484165320371889	0.816237631911865	0.511532884179716	0.27895322831771	0.152950783985086	0.22995012601071	0.27895322831771	0.129342416262475	0.977897178982163	0.20507937098143	0.445469674625673	0.0661554055426831	0.263873653107004	0.0107502078044188	0.260859058926749	0.395368356687904	0.19675967772718	0.270961639536987	0.0150887019800129	0.850751296864394	0.201317711721308	0.453157904367971	0.0670536935932719	0.27828349175068	0.277697813946505	0.148650783124817	0.131707066380437	0.875582593300541	0.27895322831771	0.204704914090358	0.27895322831771	0.576648615342997	0.235692938157963	0.27895322831771	0.329037935886594	0.112908406146102	1.52261946384483e-06	0.227284878924025	0.235235557175927	0.268484645746451	0.201466720903801	0.240044973372168	0.372648981190062	0.27895322831771	0.853265479357071	0.0863663184609832	0.250625881215189	0.195325860564068	0.0450218036691976	0.160582084613921	0.093412670058655	0.260655895606927	0.181744025210598	0.67195151617934	0.0147321895544359	0.224880863407395	0.0852873159528875	0.706463539919042	0.27895322831771	0.214108944931933	0.923653741376284	0.27895322831771	0.205510543123074	0.213636450196297	0.0525350815106094	0.15446853972835	0.104758459288206	0.236685158002504	0.240338007957987	0.919145079765367	0.959581317134175	0.586778071150226	0.11714081886574	0.236862075846449	0.249852938223836	0.15313556869974	0.0226337937917693	0.13138550651876	0.276073725047492	0.208761661043155	0.462488406419943	0.852022496661072	0.714139877321519	0.079883558327433	0.26261654103641	0.27895322831771	0.237320373749706	0.198686518525655	0.0808508203022699	0.192497517486031	0.251110988159482	0.27895322831771	0.230232683132743	0.27895322831771	0.0763597391787491	0.27895322831771	0.977897178982163	0.278484198601249	0.263751608494174	0.27895322831771	0.276854168971151	0.0103719332229525	0.977897178982163	0.530922283876439	0.099635658427092	0.936998916428501	0.27895322831771	0.350169297140402	0.262111346033534	0.127487798374604	0.0483584868151759	0.0220701960711684	0.0699548527169834	0.122089140113783	0.191435651115076	0.947825931101454	0.168339499597524	0.0633764399466613	0.0177985859015212	0.0281111434372666	0.27895322831771	0.0477176406836717	0.0930090580714208	0.0399015014248239	0.977897178982163	0.182458053178092	0.27895322831771	0.226846182806663	0.823276155444119	0.254066599127824	0.221706702380156	0.216222415301621	0.933378821857686	0.918805020051963
"SRR5928255"	0.636521725034377	0.0851313881767885	0.251402823818745	0.267419769872441	0.006730924144825	0.198091772543003	0.291309296933554	0.0703015678969627	0.104646797227569	0.0882895313973393	0.148896916110701	0.96587609381348	0.966608599026706	0.232565885721795	0.976548111930604	0.212748429891147	0.269455841308893	0.291309296933554	0.186400545575652	0.168464577880981	0.130025183048405	0.177426532142732	0.291309296933554	0.252635314456467	0.070864545101321	0.206694903513043	0.673407824461145	0.291309296933554	0.181231550175848	0.222685572302204	0.281937401994602	0.976548111930604	0.148275150539781	0.291309296933554	0.642261170664377	0.938994944478262	0.291309296933554	0.029787208725402	0.131229110824261	0.273417323330865	0.252976055604129	0.0010319806918414	0.291309296933554	0.291309296933554	0.139074654635769	0.0683012171908429	0.29046422592786	0.34238169801155	0.0248210220002301	0.165087723399976	0.955182552399739	0.952438487169471	0.254601324880156	0.00208836483892845	0.0844010765342912	0.0366498486347134	0.283410365264185	0.0226998059020012	0.290890465748263	0.291309296933554	0.963161842572219	0.0927827170523474	0.251963230125174	0.197114216091622	0.170823713802103	0.00906242131132011	0.225128110722639	0.247322515469145	0.954711700645545	0.212111030330972	0.278099146094574	0.00458553238464612	0.13404549967629	0.253234389579453	0.151957293264143	0.0133798128002664	0	0.147284021787653	0.243870017741895	0.291309296933554	0.2039016029537	0.0226667631565178	0.0688808140892705	0.016229187926234	0.287895739485722	0.280633159144953	0.105271615726342	0.14337359579612	0.232987915428608	0.0387966839911927	0.413273388222651	0.163566113810077	0.0247701820705046	0.0492662312943406	0.214515068495998	0.257338023673906	0.258060550272144	0.261132598471655	0.291064874633793	0.0350581031807233	0.811199430656677	0.501384167549385	0.291309296933554	0.139840428615623	0.217199527008671	0.291309296933554	0.11615186958487	0.976548111930604	0.217896223971377	0.434528470376221	0.079468986213318	0.276334842751717	0.0241267530606481	0.273340583410757	0.383900714054991	0.183835556847133	0.283374124438384	0.00170921408299539	0.846443552798122	0.214154380930641	0.442303172631755	0.0803656175044021	0.290644349470838	0.290062850524894	0.161727725135279	0.144846540919117	0.87181955507682	0.291309296933554	0.217523755553044	0.291309296933554	0.567390719063494	0.248335371790108	0.291309296933554	0.316972054383758	0.126108837504782	0.0133782904374268	0.239977549133814	0.247880768978334	0.280914293604191	0.188565506545789	0.25266071108295	0.360963776461306	0.291309296933554	0.849012156831171	0.0996377201241435	0.263174742213502	0.208193363946468	0.0583685104313452	0.173610677417952	0.0801271528105076	0.273138782368538	0.194678096639657	0.664194324363979	0.0281067857948721	0.237587572579957	0.098561228678393	0.699307643352667	0.291309296933554	0.226876787094152	0.920990854332793	0.291309296933554	0.218325102124486	0.226406907494946	0.0658712978393153	0.167522351843212	0.0914994036997838	0.249321546851938	0.252951931166941	0.91637644731467	0.95778003025543	0.577668557653431	0.130328299158387	0.249497384298156	0.262406779219373	0.166194755231482	0.0360033404832202	0.144526098237954	0.263610752997009	0.22155877332232	0.451740653326502	0.847742248198548	0.707121912555863	0.0931696068579732	0.250064058790341	0.291309296933554	0.249952879844281	0.211536838451565	0.0941347504330296	0.179553140201421	0.263656716045627	0.291309296933554	0.242907941746855	0.291309296933554	0.0896533064762262	0.291309296933554	0.976548111930604	0.290843622294582	0.276213625789301	0.291309296933554	0.289225209993768	0.00300827265882716	0.976548111930604	0.521027426678997	0.112873789575381	0.934652133681659	0.291309296933554	0.338281805907747	0.27458445078333	0.140641725589245	0.0349999969222578	0.00869280024280619	0.0832612873806334	0.135260908984869	0.204322692923195	0.945739021501051	0.18133474473051	0.0766950176087565	0.0311714091770586	0.0414762675196762	0.291309296933554	0.0343584825718521	0.10626435675998	0.026535027354756	0.976548111930604	0.195388739893285	0.291309296933554	0.239541425680372	0.818384405621145	0.266593111020133	0.208910394580823	0.228978491664577	0.930945831274033	0.916028433405357
"SRR5928195"	0.536605078246688	0.229703540921919	0.385255177745962	0.39987423257838	0.140684417984108	0.336141579318187	0.421562797826278	0.215484750254435	0.248327014569393	0.0597257679771854	0.00164690102467478	0.945198497689377	0.946155273597823	0.367981742133427	0.959160185312996	0.349714550266392	0.401728119338501	0.421562797826278	0.0401545130261445	0.308540316694627	0.0175757611301294	0.316912797778915	0.421562797826278	0.38638233017698	0.216025588812055	0.0611641069714697	0.580318374338806	0.421562797826278	0.320461401063497	0.358886512616957	0.140132395962498	0.959160185312996	0.289604135641098	0.421562797826278	0.54337457778519	0.910241749380409	0.421562797826278	0.117984189951863	0.0163525060893027	0.405332243293935	0.109534789769979	0.146272974842954	0.421562797826278	0.421562797826278	0.280940248990698	0.0797380803235459	0.420797940821029	0.204822917805247	0.171514662992103	0.305380297685927	0.931256432703055	0.927686446847561	0.388179539781858	0.149329139003647	0.063627686533865	0.111199351804963	0.414406902434994	0.124977644358032	0.421183743566521	0.421562797826278	0.941655181585896	0.237017032997238	0.385767733539267	0.335234391057317	0.310746251692172	0.156150198326444	0.361137217356521	0.381520946028749	0.930643639370008	0.349125393663445	0.409586811345094	0.15177303897488	0.276195239273858	0.386930069256048	0.00477387280143137	0.160366274700236	0.147284021787653	0	0.378358083613155	0.421562797826278	0.341528260876172	0.125010216801788	0.214119494570711	0.163146024998908	0.418472196456542	0.411887356905762	0.248921634848578	0.284991157025098	0.0885654958500911	0.185084894841013	0.282160677791987	0.303955448268327	0.122936138738978	0.195216494705304	0.351346948352927	0.390679691454387	0.391339460605889	0.394143251264094	0.421341593763153	0.112774207574488	0.748070735712026	0.380561153444683	0.421562797826278	0.00759080126132455	0.0720868368191854	0.421562797826278	0.0316418340443757	0.959160185312996	0.35446901702998	0.305663764768085	0.224281272515799	0.407984139898247	0.17083916772214	0.405262462181226	0.249922316873126	0.0375077642583458	0.414374035945917	0.145609321836197	0.792144735365188	0.351013731246838	0.314297615755047	0.225140440294439	0.420960981517925	0.420434603538714	0.302233179409954	0.286378029517175	0.824181774426975	0.421562797826278	0.354125228937685	0.421562797826278	0.455986094187904	0.382448276819251	0.421562797826278	0.177490038347661	0.26869376223874	0.16036478895043	0.374788644905017	0.382032091795007	0.412142493556337	0.042389987702291	0.386405552296381	0.224939829909105	0.421562797826278	0.795375955733154	0.243556358406291	0.396005795496656	0.345502021025064	0.204001244559064	0.313350415449201	0.0679114994506037	0.405078953710628	0.332972590525908	0.569353406991735	0.17470981903853	0.372595160234381	0.242530251974958	0.611307908049938	0.421562797826278	0.362747647042486	0.886995970668093	0.421562797826278	0.354864828569894	0.362314989544256	0.211225776702611	0.307658884063491	0.0565015701008859	0.38335093737362	0.386671826271408	0.881059539605124	0.934638597336174	0.467865528701818	0.272683880628137	0.383511858908467	0.395305491623808	0.306416563242953	0.182376770696822	0.286076359415008	0.120740687986344	0.357847712281573	0.324804679940402	0.793778125913304	0.620706269752865	0.237386433091152	0.106472358057118	0.421562797826278	0.383928680475444	0.348594574098318	0.238307775901494	0.0330931472016081	0.396445232944038	0.421562797826278	0.377476195647399	0.421562797826278	0.234027651181733	0.421562797826278	0.959160185312996	0.421141346262998	0.407874000171019	0.421562797826278	0.41967622046455	0.150229620928055	0.959160185312996	0.402851723453121	0.256148259607234	0.904622373062383	0.421562797826278	0.200399033460447	0.40639335879498	0.282417454436092	0.112831684061559	0.138758496373286	0.227913679209075	0.277342573771425	0.341918353426842	0.918983684594763	0.320557590602432	0.22162186849164	0.177687319618384	0.187680769165491	0.421562797826278	0.113466183643676	0.249866186677187	0.121194974511382	0.959160185312996	0.33363253671848	0.421562797826278	0.374388482303156	0.757016357739697	0.399121253778565	0.063465052144128	0.364682193547162	0.899832753050499	0.880612172930187
"SRR5928269"	0.76812317486314	0.161903530479026	0.00799429852282302	0.0250904445675017	0.250214218208129	0.0479597566256797	0.0508400251051903	0.176416304461573	0.142651015928913	0.325559403194436	0.379782161260724	0.990145097166695	0.990608259320504	0.01194185472113	0.996880421165097	0.032720019232371	0.0272733068737796	0.0508400251051903	0.412610138051878	0.0784397421079438	0.363055565843641	0.069265434941445	0.0508400251051903	0.00930509163816018	0.17586719786121	0.430149278812852	0.794434815048073	0.0508400251051903	0.0653583423950011	0.0223260565427208	0.493836857262388	0.996880421165096	0.0989643338567997	0.0508400251051903	0.772242761049476	0.973059522326303	0.0508400251051903	0.271798179187103	0.364126846351602	0.0315266333060636	0.469569288088221	0.244843978786549	0.0508400251051903	0.0508400251051903	0.108252363761174	0.30735090218082	0.049923992017068	0.543520928298594	0.220304613167487	0.0818864307943391	0.983369034989143	0.981625830086617	0.0113976374679614	0.241897651332015	0.322030033007341	0.278178818331553	0.0422926401743727	0.265187564783805	0.0503859763212144	0.0508400251051903	0.988427767110572	0.154376284640824	0.00859021088127394	0.0489723808255187	0.0760285176745942	0.235297234475198	0.0197635738431545	0.00366037312665939	0.983070048042473	0.0333850189462431	0.0365640254277364	0.2395367032637	0.113312250719439	0.00994251164706341	0.382481467453663	0.231200523126257	0.243870017741895	0.378358083613155	0	0.0508400251051903	0.0419316705864512	0.265156694781629	0.177801412443177	0.228492325577298	0.047142162089531	0.0392953172881771	0.142031693184741	0.103917573049658	0.452641940783641	0.206916668320293	0.60018753519607	0.0834376925890058	0.267120873328506	0.196830455755844	0.0308758129266264	0.0143138172927292	0.0150843794570278	0.0183637026970271	0.0505750390804184	0.276700646773042	0.889401151371044	0.668312088688597	0.0508400251051903	0.371772647314298	0.439166611807484	0.0508400251051903	0.350669168638138	0.996880421165097	0.0273418093336623	0.61685070874868	0.167456757703925	0.0346643710467543	0.220967433275751	0.0314441614979218	0.576914469866817	0.410382214644661	0.0422535006299659	0.24548288625126	0.912883425733246	0.0312524650232902	0.622908895624796	0.166578394420194	0.0501192089035002	0.0494890458340565	0.0853104048830925	0.102430308627793	0.929594728321682	0.0508400251051903	0.027731398612533	0.0508400251051903	0.717748469657528	0.00473538131635771	0.0508400251051903	0.522791305234911	0.121272929287325	0.23120196911068	0.00411946862888504	0.0042528171441691	0.0395985481045481	0.414488643759655	0.00933211004276772	0.558539093476161	0.0508400251051903	0.914582386975046	0.147609460902869	0.0205463571149841	0.0374678351800944	0.188021505445462	0.0731765136210903	0.318143651239829	0.0312273022528636	0.0514938202252369	0.787898864188535	0.217164801656352	0.00664496387371982	0.148673547546332	0.812680206464299	0.0508400251051903	0.0179271636670226	0.961518824560931	0.0508400251051903	0.0268931304929888	0.0184207706982894	0.180732391235181	0.0794020127673849	0.328468204437966	0.00578258063572826	0.00964195077625199	0.958548278530437	0.985017459236855	0.725327130781317	0.117044423383174	0.00596935170620764	0.0197252985112519	0.0807571175497632	0.209599471774993	0.102753955071777	0.478515775268796	0.0235071677605726	0.630236416045617	0.913742636292852	0.818148385260518	0.15399495121883	0.467112351230366	0.0508400251051903	0.00645324450865619	0.0339838988412823	0.153043366859979	0.406656933715645	0.0210618111974201	0.0508400251051903	0.00101890769399385	0.0508400251051903	0.157458208844811	0.0508400251051903	0.996880421165097	0.0503351998344832	0.0345339150875414	0.0508400251051903	0.0485816222054273	0.241028239321155	0.996880421165097	0.683164026931848	0.13448177252585	0.970282951764865	0.0508400251051903	0.540191352903075	0.0327813186591002	0.10667324905259	0.276646666220947	0.252059691494938	0.163739202742531	0.112090519516266	0.0414941058114949	0.977362320873865	0.0652522802894098	0.170171877876204	0.214232006502879	0.204339857770892	0.0508400251051903	0.276050606186719	0.141047309435122	0.268767435890265	0.996880421165097	0.0507585933025132	0.0508400251051903	0.00458054035872616	0.894214284451526	0.0242048081901403	0.432054545127551	0.0157179536079358	0.967909723706135	0.95832403203419
"SRR5928193"	0.789918004018251	0.211107412683941	0.0428621292896069	0.0257805448813232	0.29749098567285	0.0985734744819501	0	0.225353219453453	0.192178715481573	0.370623462897448	0.422933222968152	0.99387729845637	0.994298453627036	0.0627460108210006	1	0.0834293689073278	0.0235975263877474	0	0.454473602144294	0.128796151422031	0.406825216843403	0.11970853991261	0	0.0415534427287181	0.224814571131965	0.471285003128532	0.814307209533871	0	0.115835952775654	0.0730879693622319	0.53209815559818	1	0.149098021863205	0	0.793740508590241	0.978328847759373	0	0.318494300745317	0.407857638748481	0.0193425831031976	0.508968625610609	0.292258550331894	0	0	0.158272219562691	0.352997340942746	0.000918227514612389	0.579288883634392	0.268315006107857	0.132208214846732	0.987713759216728	0.9861275139052	0.0394639192461285	0.289386697902839	0.367209340042813	0.324695087160471	0.00856472455289591	0.312066076339471	0.000455146581871004	0	0.992315567839666	0.203710894636597	0.0422671949807137	0.09957896325717	0.126408483099887	0.28295021396529	0.0705368655766861	0.0471879203051778	0.987441711262309	0.0840906559565809	0.0143010309413297	0.287084850056646	0.163266679397202	0.0409169877283617	0.42553032856801	0.27895322831771	0.291309296933554	0.421562797826278	0.0508400251051903	0	0.0925858518296457	0.312036048631359	0.226711821938746	0.276310104656458	0.00370622680179141	0.0115664650107119	0.191569234109308	0.15399156536643	0.492803953859615	0.255228639622088	0.632845377741935	0.133743526792714	0.313946459594652	0.245358655038622	0.0815952387702846	0.0365512527045784	0.0357814829533202	0.0325048963705549	0.000265629117110613	0.323258913919097	0.901844742209181	0.696858257494267	0	0.415223082267023	0.47991742455449	0	0.394880548827371	1	0.0780796401834517	0.648540306477995	0.216560805809361	0.0162025401616356	0.268962464241624	0.0194251027592709	0.61088385682674	0.452336138707827	0.00860392734456794	0.292881202340411	0.923372507542861	0.0819698592337277	0.65424044439537	0.215698424956381	0.000722549739770702	0.0013541873812969	0.135596681575583	0.152522467827146	0.938664650533188	0	0.0784672587498591	0	0.743058159802185	0.0461150972356706	0	0.559626178932729	0.171119552612329	0.278954639376268	0.054948657965531	0.0465966941822048	0.0112628265192701	0.456275487845523	0.0415264660166822	0.59351034730028	0	0.924928259748207	0.197057074337501	0.0303234926490061	0.0881497569069348	0.236730823395616	0.123583632233277	0.363448548832759	0.0196420847064335	0.102082212896504	0.808254328422367	0.265247412473984	0.0574667092234119	0.198103674744165	0.8311847969096	0	0.0687082254771207	0.967812664100625	0	0.0776332130656639	0.0691997755633537	0.229586124485665	0.129748868021474	0.373436426963098	0.0450699203129468	0.0412170984129501	0.965104027563601	0.98921352543248	0.750121982948833	0.166949051189265	0.0448834989284543	0.0311441343087357	0.131090370167521	0.25785234043387	0.152842178661631	0.517501676779081	0.0742636252748115	0.661130607739506	0.924159323729438	0.836237516682085	0.203336043118539	0.506623977745115	0	0.0444004965934228	0.0846861563586812	0.202400574535605	0.448761115614145	0.0298082673261764	0	0.0518564035089643	0	0.206739933810011	0	1	0.000506044602855559	0.0163331107879758	0	0.00226366726524606	0.288539109202013	1	0.710760126486081	0.184136398785737	0.975799778871248	0	0.57613324008585	0.01808708933079	0.156713030827943	0.323206463284583	0.299288489139826	0.212910402138759	0.16206096623668	0.0921510899434204	0.982246828852107	0.115730807222786	0.219226067632672	0.262381249193152	0.252707968331322	0	0.322627279005327	0.190600418876943	0.315547675724785	1	0.101352352190172	0	0.0554084160905273	0.906261043504963	0.0266661143774895	0.473109550115581	0.0665079371450311	0.97363758950137	0.964899522713396
"SRR5928238"	0.748903460617447	0.120743684431306	0.049910215950525	0.066955787548603	0.210360685705147	0.00603952212452953	0.0925858518296457	0.135427922889908	0.101289822841407	0.287320868198238	0.342993511765922	0.98678979399078	0.987290587669693	0.0300039623402453	0.994074234567953	0.0092235667996357	0.0691305375960191	0.0925858518296457	0.376817052578117	0.0366214863821179	0.325793862525798	0.0274087197945989	0.0925858518296457	0.0512179456464698	0.134872020297092	0.394924654221294	0.776870287853941	0.0925858518296457	0.023487280037562	0.0196229111437427	0.460891467940571	0.994074234567953	0.0572563810183287	0.0925858518296457	0.753278240487939	0.968329342012572	0.0925858518296457	0.232359987668105	0.326894749674572	0.0733669817509743	0.435715556880827	0.204892988417801	0.0925858518296457	0.0925858518296457	0.0666053649695647	0.268679602646776	0.0916749627144241	0.512589022832017	0.17993805105384	0.0400843541411467	0.97946536127786	0.977581742307591	0.0533053206510539	0.201894186184875	0.283705493806172	0.238870669828986	0.0840839080396874	0.225618139575273	0.0921343609702077	0.0925858518296457	0.984933098699194	0.11313417433097	0.050504752392736	0.00705434997803193	0.0341995054163628	0.195178770271348	0.0221854080854979	0.0455854557751833	0.97914227195362	0.00855793187894321	0.0783825416826624	0.199491697415869	0.0717013562867541	0.0518538270621808	0.345771319967825	0.191012458503318	0.2039016029537	0.341528260876172	0.0419316705864512	0.0925858518296457	0	0.22558666508559	0.136830281438331	0.188258997178381	0.0889083510074724	0.0811011632272233	0.100664516840753	0.0622412697594398	0.418183696012607	0.166343937770914	0.571805676724395	0.0416432062624045	0.227589460104232	0.156111968225922	0.0110693515888564	0.0562137194581182	0.0569821137940325	0.0602516887888157	0.0923223605903444	0.237362076670218	0.878311595092569	0.643356154214643	0.0925858518296457	0.334754599660295	0.404244181228309	0.0925858518296457	0.313072004532455	0.994074234567953	0.0146056281170229	0.5892703803211	0.126360520690348	0.076491354449924	0.180611454947181	0.0732848507996481	0.547452490711532	0.374518744654126	0.0840449633996892	0.20554336792344	0.903516622071503	0.010692398979653	0.595625817130267	0.125471931194526	0.0918690888763587	0.0912424359421076	0.0435253370019161	0.0607442965592444	0.921483481553598	0.0925858518296457	0.0142158367199594	0.0925858518296457	0.695526675676345	0.0466583285794281	0.0925858518296457	0.490994138748696	0.0797229789734092	0.191013928814099	0.0378183528998082	0.046176734231108	0.0814029512674632	0.378755223414955	0.0512448994838554	0.528256630126253	0.0925858518296457	0.905342106788043	0.106297280152518	0.0624273860544098	0.0044704485436711	0.147182435243416	0.0313353755228917	0.279725588564563	0.0730688852868981	0.00958162979064996	0.769917581435122	0.176748586696064	0.0352959668099347	0.107372141915749	0.79629868989427	0.0925858518296457	0.0240215092992389	0.95587461292243	0.0925858518296457	0.0150545248582924	0.0235280114975994	0.139798272869074	0.0375881788982993	0.290301318893249	0.0477033602033697	0.0515539956661492	0.952670706527917	0.981246813239303	0.703543018401244	0.0754614703658057	0.0478897355805977	0.061608988516773	0.038949635653836	0.169066894232886	0.0610700407220399	0.444991191119926	0.0184416186250549	0.603317034600639	0.904439787213396	0.802127052785476	0.112748794474362	0.433169396153728	0.0925858518296457	0.0483725904249665	0.00795844998159629	0.111787163507416	0.370676692721064	0.0629411424518277	0.0925858518296457	0.040914408813361	0.0925858518296457	0.116249230232342	0.0925858518296457	0.994074234567953	0.0920838695330159	0.0763614695640115	0.0925858518296457	0.0903400121707351	0.201009424336292	0.994074234567953	0.659007502805849	0.0930441284282451	0.965331786966833	0.0925858518296457	0.509118035129134	0.0746164155966098	0.065015401267535	0.237306988537477	0.212240190894055	0.122600108976008	0.0704707202446132	0.000438282798483837	0.972975946502158	0.0233808453724508	0.129107643575059	0.173770132817681	0.16372910811491	0.0925858518296457	0.23669871424237	0.0996706862755283	0.229268636604857	0.994074234567953	0.00884464778609217	0.0925858518296457	0.0373578863398634	0.883473891307919	0.0660733357031477	0.396893208389457	0.026229994641158	0.96277021768824	0.952428875367056
"SRR5928159"	0.622309005751683	0.107602646342759	0.272606897380999	0.288440287491059	0.0159381285989706	0.21982914805355	0.312036048631359	0.0928290493421704	0.127029848908244	0.0657466559037095	0.126632569940197	0.963062090325197	0.963825398482852	0.253972049426947	0.974185292146419	0.234351102598572	0.29045225426102	0.312036048631359	0.164387758452943	0.190446598985731	0.10765717520283	0.19933845542545	0.312036048631359	0.273825645920044	0.0933900626828704	0.18484355642342	0.660230021103055	0.312036048631359	0.20311268699003	0.244191773610198	0.260840178746683	0.974185292146419	0.170402663969258	0.312036048631359	0.628205506578531	0.935067394330256	0.312036048631359	0.0071249751531468	0.108867258359021	0.29436633887265	0.231559514709531	0.0216352589821717	0.312036048631359	0.312036048631359	0.161262757664276	0.0457010733279637	0.311201777324623	0.322068378528925	0.0474626421766881	0.187095278076019	0.95192164337253	0.949063734774149	0.275769603607681	0.0247540246859084	0.0618457178951461	0.0139940315984719	0.304236895520151	3.30587614775877e-05	0.311622573693938	0.312036048631359	0.96023391317231	0.115221317269771	0.273161063141588	0.218860254055098	0.192787611078288	0.0317230487645773	0.246609963439331	0.268571628801539	0.951431233047865	0.233719749202973	0.298991297375907	0.0272496287099208	0.156265209110057	0.274418018406614	0.129711202697857	0.0360362854861815	0.0226667631565178	0.125010216801788	0.265156694781629	0.312036048631359	0.22558666508559	0	0.0914131917726665	0.0388824833042937	0.308665931597028	0.301494149718079	0.127651576568277	0.165533833666041	0.211372209743447	0.0614125964112994	0.39408254545382	0.185585016580185	0.0021045314902952	0.0718574389208923	0.236100894071145	0.278475334743866	0.27918963299863	0.282226451222472	0.311794753033555	0.0124006185064766	0.802425068334113	0.483895467637634	0.312036048631359	0.117524422220518	0.195438735694508	0.312036048631359	0.0937174291847048	0.974185292146419	0.239449439724016	0.41571703437738	0.101962813666546	0.297248530712287	0.046769433462101	0.294290523362255	0.364218135375146	0.161803631757604	0.304201106461381	0.0209583136095884	0.83893228335519	0.235743656788652	0.423635466032447	0.102855961831499	0.3113796014625	0.310805520876595	0.183760208124312	0.166997051641596	0.865252373373536	0.312036048631359	0.239080587184067	0.312036048631359	0.551401166730915	0.26957337011621	0.312036048631359	0.296309819559471	0.148376249371434	0.0360347647284136	0.261305976363186	0.269123761408992	0.301771810488393	0.166569093762246	0.273850758707094	0.34092344231572	0.312036048631359	0.84159512886665	0.122044952552744	0.284244956729118	0.229838868945368	0.0809344511448701	0.195552861500533	0.0575588217621525	0.294091152038725	0.216445546681902	0.650752342547609	0.0507431097367403	0.258941319015868	0.12097351889757	0.686892733364413	0.312036048631359	0.248341053909873	0.916335809921779	0.312036048631359	0.239874147149759	0.247875912379691	0.0884137638146814	0.189511545862515	0.0689673216897928	0.270548681577299	0.27413872210274	0.911537311567366	0.95462719794617	0.561929763659577	0.152570682229264	0.270722577726776	0.283485903592549	0.188193992289863	0.0586250560821529	0.16667873293016	0.242307237271407	0.243076122611495	0.433250980919295	0.840278590422326	0.694943053167458	0.115606489766015	0.228617424732267	0.312036048631359	0.271173038431612	0.233150989279939	0.116567321633653	0.157489895953454	0.284721326094435	0.312036048631359	0.264204997125437	0.312036048631359	0.112105564020378	0.312036048631359	0.974185292146419	0.311576328843817	0.297128788643343	0.312036048631359	0.309978541488993	0.0256733874800714	0.974185292146419	0.503964764322826	0.135214819117772	0.930547758663082	0.312036048631359	0.317910284306383	0.295519376665724	0.162819761578592	0.012342453421024	0.013976555928818	0.105740149912543	0.157473078037629	0.226003908187472	0.942087762814167	0.203215038090713	0.0991994049297589	0.0538023789219237	0.0640863010329015	0.312036048631359	0.0117002991947614	0.128639372706425	0.00387045612918953	0.974185292146419	0.217149969625378	0.312036048631359	0.26087449106639	0.80986300511991	0.287623365670569	0.187077749179459	0.250421452140371	0.926691223953593	0.911175452768747
"SRR5928438"	0.677436202685849	0.0163407970109683	0.185547382746517	0.202043178065516	0.0755787447396292	0.130892608037602	0.226711821938746	0.00142726143220274	0.0360103867795927	0.156275487703794	0.215694778118913	0.973757426222605	0.97440318705342	0.166191813307234	0.983159944014414	0.1458804941781	0.204142619628424	0.226711821938746	0.252232050947646	0.100683838826293	0.197242652459856	0.109809324194506	0.226711821938746	0.186815483032269	0.00199289039808324	0.271930349458323	0.711225905114945	0.226711821938746	0.113687019665759	0.156058654264138	0.344518525513083	0.983159944014414	0.0801652550023862	0.226711821938746	0.682704047658668	0.950019578702694	0.226711821938746	0.0984777739925109	0.198421148748881	0.20822901530986	0.316661356764191	0.0699081157803753	0.226711821938746	0.226711821938746	0.0708327451367261	0.136577024786586	0.225837861098403	0.402328525194746	0.0441308341809452	0.0972481474329041	0.964323651737446	0.961900867753078	0.188838722937588	0.0668014971237011	0.152447399060558	0.105280412940757	0.218546662367735	0.0914459903290509	0.226278660268541	0.226711821938746	0.971364097290923	0.0240466050523374	0.18612395500136	0.129893986339438	0.103084982286609	0.0598535721650235	0.158562473009675	0.181350654533102	0.96390798606884	0.145228088981341	0.213061222551263	0.064314408930765	0.0657361782172459	0.187431941332903	0.218682893816169	0.0555492051506336	0.0688808140892705	0.214119494570711	0.177801412443177	0.226711821938746	0.136830281438331	0.0914131917726665	0	0.0527071040471462	0.223182166928292	0.215677877131575	0.0366409698893409	0.0751919707111218	0.297375154246121	0.0301600193318447	0.469568136310728	0.0957005230562899	0.0935007863116813	0.0196774569638584	0.147689008835459	0.19165595910237	0.192399918400525	0.195563886317358	0.226459033712928	0.103703122486498	0.836092094556924	0.552305094226068	0.226711821938746	0.206845245298309	0.28210636089955	0.226711821938746	0.18364921532887	0.983159944014414	0.151151482736342	0.489611053952005	0.0106430271960666	0.211239897299773	0.0448242009671175	0.208149835318237	0.44178183130124	0.249738750107945	0.218509219711418	0.0705822038699545	0.86769040120615	0.147319737460123	0.496928951351858	0.0115449785902534	0.22602413420744	0.225422798363146	0.0938311154451365	0.076686135491407	0.890356731007181	0.226711821938746	0.150769980778302	0.226711821938746	0.613688405432394	0.182392199152166	0.226711821938746	0.378080397997225	0.0576999505055205	0.0555507233461026	0.173801807152313	0.181924702898192	0.215968234189933	0.254335866472083	0.186841615596266	0.420011749778558	0.226711821938746	0.8699879440436	0.0309569548392711	0.197667843420451	0.141219393883336	0.0105522500563438	0.105922528997055	0.148237609852477	0.207941621510517	0.127405929264753	0.702800352871846	0.0408484914009573	0.171347064930356	0.0298713625773277	0.734859147309883	0.226711821938746	0.160355516090864	0.934077092138213	0.226711821938746	0.151590785702447	0.159873674341185	0.00302242862760173	0.0997250427987001	0.159434082208865	0.183406440428365	0.18714128084391	0.929985411624569	0.966616263090795	0.623200781485144	0.0619713065755584	0.183587296002984	0.196876568545944	0.0983743001124744	0.032954423932533	0.0763610518966068	0.326902550789637	0.154903856556131	0.505802296154462	0.868852137784217	0.74197465706335	0.0244364539683649	0.313854684720617	0.226711821938746	0.184055810185713	0.144640426322626	0.0254090652063447	0.245574193702618	0.198164488754919	0.226711821938746	0.17681266528778	0.226711821938746	0.0208939826538166	0.226711821938746	0.983159944014414	0.226230215537724	0.211114778212573	0.226711821938746	0.224556664327769	0.0658853960818114	0.983159944014414	0.570625631312243	0.0443174057657874	0.946177264859979	0.226711821938746	0.398421337134136	0.209433352403202	0.0724215071196721	0.103645537756913	0.0775299041222141	0.0144585500561434	0.0669675718010911	0.1372608135732	0.955982376926472	0.113792212253539	0.00785326704733843	0.0377857953412019	0.0274784638640806	0.226711821938746	0.103009752492825	0.0376429758462935	0.0952519156849218	0.983159944014414	0.128131641038054	0.226711821938746	0.173353807586272	0.842544954308359	0.201190951555458	0.274077672554859	0.162511090531182	0.942896489198111	0.92967672747063
"SRR5928383"	0.646462959194524	0.0689919515215884	0.236080584935413	0.25222127104688	0.0229577507420886	0.182414762341179	0.276310104656458	0.0541305313156706	0.0885592252651555	0.104377897417357	0.164751245959514	0.967820659223373	0.968531826712949	0.217108266907466	0.978180253111453	0.19716021255656	0.254273640666084	0.276310104656458	0.202054204076324	0.152628302717199	0.145964351781746	0.161635580158462	0.276310104656458	0.237322315582467	0.0546945850019094	0.222222200437515	0.682612681305874	0.276310104656458	0.165460589418091	0.207161326114817	0.296887511753077	0.978180253111453	0.132345831289882	0.276310104656458	0.652090476292963	0.941711695440805	0.276310104656458	0.0459954604813236	0.147163190166159	0.258267200751002	0.268168575359621	0.0172608964185391	0.276310104656458	0.276310104656458	0.123107094295314	0.0844422716583021	0.275457681950653	0.356744419467914	0.00859509411271932	0.149235012055249	0.957436831790579	0.954771702837799	0.239303162419387	0.0141412743686534	0.100500645271753	0.0528494383797446	0.268343318755424	0.0389154949659992	0.275887627082818	0.276310104656458	0.965185336771079	0.0766622219699368	0.236645186799197	0.1814315193332	0.154999129605384	0.00716775922828243	0.20962005521642	0.231970021434108	0.95697954030031	0.19651881368328	0.262987560565972	0.0116444714886999	0.118058136431462	0.237925898943146	0.16779684632991	0.00284995782048587	0.016229187926234	0.163146024998908	0.228492325577298	0.276310104656458	0.188258997178381	0.0388824833042937	0.0527071040471462	0	0.272866986687624	0.265542714528816	0.0891858974168322	0.127423579602186	0.248332964997432	0.0225808832108032	0.426807186063472	0.147706111066312	0.0409838570432765	0.0330619336637092	0.198938001317062	0.242060712524689	0.242788782796076	0.24588458187737	0.27606355373042	0.0512598300000274	0.817297433828832	0.513677729520614	0.276310104656458	0.155736821753377	0.232656520678501	0.276310104656458	0.132146508093441	0.978180253111452	0.202340765532649	0.447784352264807	0.0633166880151881	0.261208655236358	0.00790047789442967	0.258189834818472	0.397796271488545	0.19950429817903	0.268306771061378	0.0179379334965649	0.851656962961924	0.198575029445193	0.455454017235008	0.0642152903820146	0.27563937062503	0.275052822525873	0.14585900809709	0.128902666605475	0.876373436934405	0.276310104656458	0.201965899401919	0.276310104656458	0.578603236810263	0.232990339990948	0.276310104656458	0.331595109130892	0.110091804433734	0.00285148042829891	0.22457188939625	0.232532383963859	0.265826206700492	0.204206279374255	0.237347903101751	0.37512382033444	0.276310104656458	0.854159669144763	0.0835357208805593	0.247942675492547	0.192576841491183	0.0421769414105709	0.157800125169481	0.0962385039105153	0.257986388436676	0.178981356897937	0.673586895263631	0.0118827014945533	0.222164972680249	0.0824562294413505	0.707971352411919	0.276310104656458	0.211380436045371	0.924212961541886	0.276310104656458	0.202772409831072	0.210907402114171	0.049692129060814	0.151681455262617	0.107578175326418	0.233983811176971	0.237641313555786	0.919726547449853	0.959959387179815	0.588701065109846	0.114326798755663	0.234160952697569	0.247168699302346	0.150347393465634	0.0197850376499245	0.128580882064261	0.278717200509339	0.206027120079167	0.464761564360484	0.852922364414476	0.715618451639574	0.0770501172651856	0.265279551229775	0.276310104656458	0.234619830808056	0.195941029814547	0.0780177891770657	0.19524661906927	0.248428432524006	0.276310104656458	0.227523293467869	0.276310104656458	0.0735248471747422	0.276310104656458	0.978180253111452	0.275840376142843	0.261086438576712	0.276310104656458	0.274207927169149	0.013221523054042	0.978180253111452	0.533012855421679	0.096811584895074	0.937491651608367	0.276310104656458	0.352687847206708	0.259443871604345	0.124680494699423	0.051201800292716	0.0249186780991594	0.0671174942333364	0.119278260303079	0.188682621199752	0.94826402962081	0.165564332360297	0.0605367774792374	0.0149493420867456	0.0252630913368582	0.276310104656458	0.0505611242493078	0.0901816082728003	0.0427468821728487	0.978180253111453	0.179696077744631	0.276310104656458	0.224132661536493	0.824305039247131	0.251388031622659	0.22442314197054	0.213496332929737	0.933889685932606	0.919388161333552
"SRR5928453"	0.788385018976263	0.207554091149817	0.0391617601404106	0.0220763042024731	0.294090069438561	0.09489989243796	0.00370622680179141	0.221821436213532	0.188598971713224	0.367392407998922	0.419846651456395	0.993617264414459	0.994041351405144	0.0590527144695759	0.99978271149223	0.0797463597144641	0.0198929377337059	0.00370622680179141	0.451483416740044	0.125146172754871	0.403692110342676	0.116050792921124	0.00370622680179141	0.0378527049062677	0.221281947682593	0.468349042672122	0.812911019841988	0.00370622680179141	0.112175070763692	0.0693994432240245	0.529374904466892	0.99978271149223	0.145467482789851	0.00370622680179141	0.792228686743794	0.977961450608649	0.00370622680179141	0.315138333961787	0.404727460298477	0.0156374118227294	0.506161415414796	0.288846916668887	0.00370622680179141	0.00370622680179141	0.15465141014029	0.349721920350382	0.00278800822089247	0.576748578554061	0.264856774756948	0.128561301929688	0.987410961561663	0.985813753974342	0.0357626175684398	0.285969263385977	0.363969521683426	0.321352981350411	0.0048586429676338	0.308696024421062	0.0032510853836956	0.00370622680179141	0.99204467292149	0.200146950141928	0.0385666567486494	0.0959060638476694	0.122756407494462	0.279519988103891	0.0668470933378276	0.0434888548793702	0.987137032268756	0.0804080249599293	0.0105953329129621	0.283662807722764	0.159651414175472	0.0372160749306961	0.422451430195624	0.275515205132329	0.287895739485722	0.418472196456542	0.047142162089531	0.00370622680179141	0.0889083510074724	0.308665931597028	0.223182166928292	0.272866986687624	0	0.00786055548808423	0.187988681218368	0.150366142899419	0.489940295151076	0.251746636124323	0.630531641191682	0.13009801990158	0.310580497916845	0.241859514945572	0.0779111966070896	0.0328492159116305	0.0320792617772518	0.0288019366365265	0.00344060087399745	0.319913573788894	0.90097402888565	0.694841763477004	0.00370622680179141	0.412114009721933	0.477010078102813	0.00370622680179141	0.391714109275931	0.99978271149223	0.0743936837450029	0.64629678429739	0.213015561577474	0.0124970199657066	0.265505440152346	0.0157199415763891	0.608474776124793	0.449339200965532	0.00489784760111947	0.289470833988221	0.922639291983233	0.0782860261447203	0.652022851377296	0.212151889560371	0.00298368458531976	0.00235205053558691	0.131952893731673	0.14889549171275	0.938031089779404	0.00370622680179141	0.0747815091386366	0.00370622680179141	0.741274091937119	0.0424156962941757	0.00370622680179141	0.557007746793591	0.167513357302177	0.275516618923849	0.0512522589967379	0.042897442861685	0.00755689673259176	0.453291019563602	0.0378257207203508	0.591028241063531	0.00370622680179141	0.924205107304261	0.193483900492585	0.0266200827787345	0.0844695142711264	0.233217261744529	0.119929127191441	0.360199171700312	0.0159369503015543	0.0984110436461086	0.806823798452419	0.261783501115539	0.0537712657853459	0.194531932090952	0.829885722302322	0.00370622680179141	0.0650175879982169	0.967373618383282	0.00370622680179141	0.0739470197210637	0.0655093683712446	0.226061014583555	0.126099737185662	0.370212653819544	0.0413702002305658	0.0375162677697892	0.964646653722233	0.988921108729956	0.74837477538004	0.16333798534772	0.0411837227245884	0.0274408898810542	0.127442443901639	0.254375006985653	0.149215539373737	0.514725004124958	0.0705756886933347	0.658944661958756	0.923431195423209	0.834967905906032	0.199771570445697	0.50380846615164	0.00370622680179141	0.0407005761122968	0.0810038685482626	0.19883478804322	0.445752955826416	0.0261047559883028	0.00370622680179141	0.0481588916901413	0.00370622680179141	0.203180293388905	0.00370622680179141	0.99978271149223	0.00320018785028234	0.0126276037292984	0.00370622680179141	0.00144257093215157	0.285119973675788	0.99978271149223	0.708811992416987	0.180546187381619	0.975415079525015	0.00370622680179141	0.573580213619295	0.0143817702840977	0.153090526314848	0.319861005306827	0.295891298907483	0.209359728086399	0.158444346620632	0.0884733143318395	0.981906324960002	0.112069841552429	0.215684846738725	0.258912090313034	0.249221523543541	0.00370622680179141	0.319280520981092	0.187018585173106	0.312185216556802	0.99978271149223	0.0976806739639073	0.00370622680179141	0.0517121882829606	0.905418270842217	0.0229620243447091	0.470179593947765	0.0628162895341621	0.973238133664596	0.964440767179904
"SRR5928413"	0.785105622454162	0.200000771504924	0.0313102798911843	0.0142180718576166	0.286853895445386	0.087100514961015	0.0115664650107119	0.214312733029192	0.180991058108911	0.360512152500025	0.413270299322448	0.993059744524671	0.993490114859305	0.0512145432074127	0.999316807755856	0.0719282582955294	0.012034154081136	0.0115664650107119	0.445110228756696	0.117394353351638	0.397017785489575	0.108283245000436	0.0115664650107119	0.030000554367722	0.213771502348209	0.46209027644688	0.809923458619424	0.0115664650107119	0.104401193643985	0.061570513255678	0.523565716435341	0.999316807755856	0.137755241581779	0.0115664650107119	0.788994427201755	0.977173876185288	0.0115664650107119	0.307996160484708	0.39805929763931	0.0077777565120929	0.500174644327962	0.281588354035643	0.0115664650107119	0.0115664650107119	0.14695906750772	0.342748535938102	0.0106483439811635	0.571326844902441	0.257500995515417	0.120815705332961	0.986761799401944	0.98514110174576	0.0279094494440269	0.278698587033204	0.357070862690053	0.314239824787125	0.00300202047415436	0.301524378758847	0.0111113735064849	0.0115664650107119	0.991463877011112	0.192571660819045	0.0307148686352308	0.088108050187322	0.115000336584377	0.272222610997709	0.0590157362642022	0.0356397709329726	0.986483838699396	0.07259067000544	0.00273499190130339	0.276382511210515	0.151970431579817	0.0293636075869027	0.415891240298956	0.268201559540462	0.280633159144953	0.411887356905762	0.0392953172881771	0.0115664650107119	0.0811011632272233	0.301494149718079	0.215677877131575	0.265542714528816	0.00786055548808423	0	0.180379098627956	0.142664359611225	0.483834220595465	0.244341351186849	0.625590568963689	0.122355279881505	0.30341740930815	0.234418587142381	0.0700910588013613	0.0249947373292328	0.0242244578715331	0.0209458462209189	0.0113008685857771	0.31279364523185	0.89910908608899	0.690532438883668	0.0115664650107119	0.405490274898053	0.470811724365538	0.0115664650107119	0.384969657691399	0.999316807755856	0.0665697823191062	0.641504832753237	0.205478963268488	0.00463689336422824	0.258152176796717	0.00786030062049193	0.603331331570987	0.442951770688717	0.00296281529054445	0.282214914059057	0.921068477700414	0.07046630021004	0.647285985926528	0.204612617427481	0.0108440006032712	0.010212428242985	0.124213648395941	0.141190531366322	0.936673543933783	0.0115664650107119	0.0669580136747317	0.0115664650107119	0.737459536921858	0.0345659921752796	0.0115664650107119	0.551420471834829	0.159850988136769	0.26820297903303	0.043408169709099	0.0350480150309024	0.000303675740373048	0.446929891426055	0.0299735566318517	0.585729894471309	0.0115664650107119	0.922655825357062	0.185889545408701	0.0187632240891425	0.0766568835563729	0.225746370341813	0.112168135875442	0.353280443388827	0.00807734757212113	0.0906164905975178	0.803762959614122	0.254415887159672	0.0459289890289249	0.186940532119851	0.827105451945364	0.0115664650107119	0.0571845506122551	0.966432562762017	0.0115664650107119	0.0661226535061046	0.0576767777858987	0.218566152806503	0.118349637879268	0.363347693034387	0.0335199083339374	0.0296639490624381	0.963666342616154	0.988294191746736	0.744638742422476	0.155665616505603	0.0333333276921522	0.0195843119408882	0.119694789532952	0.246979442077833	0.141511267694123	0.508802805222845	0.0627479097598428	0.65427504332799	0.921871266383796	0.83225054293763	0.192195189460128	0.49780414533944	0.0115664650107119	0.0328499162607358	0.0731871913560737	0.191255691886044	0.439341858640169	0.0182477261348521	0.0115664650107119	0.0403127052283007	0.0115664650107119	0.1956139023676	0.0115664650107119	0.999316807755856	0.0110604813642336	0.00476749381537147	0.0115664650107119	0.00930302709253699	0.277845745743143	0.999316807755856	0.704648120402603	0.172916696892098	0.974590438042435	0.0115664650107119	0.568131517356131	0.00652190901421273	0.145394713399217	0.312740830014978	0.28866291081387	0.201811887661689	0.150760587558262	0.0806655801905189	0.981176369045862	0.104295795697634	0.208156582339046	0.251533546053977	0.241806997286955	0.0115664650107119	0.312157623873933	0.179406361015762	0.305029456411218	0.999316807755856	0.0898851023015944	0.0115664650107119	0.0438684229167694	0.903613085240588	0.0151040357751842	0.463933502677234	0.0549812961246062	0.972381880549714	0.963457496840595
"SRR5928466"	0.697769095074315	0.020311623801889	0.149865769118066	0.16656324501286	0.111927864072761	0.094679193459086	0.191569234109308	0.0352154424979504	0.000631367500823629	0.191881916976279	0.250471854068541	0.977557446561697	0.978161134180636	0.130297927994448	0.986344794337632	0.109792098927074	0.168689727742783	0.191569234109308	0.28638091217978	0.0642661050128013	0.232302818633567	0.0734466032774007	0.191569234109308	0.151148694698583	0.0346504618934355	0.305703310693868	0.729955594206188	0.191569234109308	0.0773494323610764	0.120064117682957	0.376682255388346	0.986344794337632	0.0436449951164506	0.191569234109308	0.702791823267531	0.955348113667802	0.191569234109308	0.134661230883164	0.233463921420966	0.172829646615512	0.349484244191207	0.106292723601411	0.191569234109308	0.191569234109308	0.0342755360757697	0.172405628705233	0.1906825888237	0.43295981915554	0.0806490138347079	0.0608112045122482	0.968735342069449	0.966468750279352	0.153195822150237	0.103204614389639	0.188099066025489	0.1414077610163	0.1832876670636	0.127684127982458	0.191129778905255	0.191569234109308	0.975319823045486	0.0126048219817988	0.15044906804271	0.0936727997727086	0.0666811613385894	0.0962956948082877	0.122592137265705	0.145620782706031	0.968346499622979	0.10913392478967	0.1777266630831	0.100731868383652	0.0291613438245725	0.151772400794546	0.253411966379991	0.0920138339136872	0.105271615726342	0.248921634848578	0.142031693184741	0.191569234109308	0.100664516840753	0.127651576568277	0.0366409698893409	0.0891858974168322	0.187988681218368	0.180379098627956	0	0.0386512677812763	0.330624077670236	0.0667315530951526	0.498139136258972	0.0592551957477502	0.129723294354719	0.0562802194617366	0.111616761205869	0.156046799438102	0.156799762012615	0.160002454438639	0.191312771440184	0.139843761201132	0.84826452445606	0.577933721389063	0.191569234109308	0.24176095603015	0.315674945847247	0.191569234109308	0.218903225422009	0.986344794337632	0.115110788981167	0.517510383843511	0.0260074923175603	0.17588071720701	0.0813393837667863	0.17274941836225	0.471240345565806	0.283933334177692	0.183249701430702	0.106962708239577	0.878046553343797	0.111244174136015	0.524576483108168	0.0251059911410778	0.190871560934459	0.190261520846731	0.0573758827557543	0.04015139387328	0.899371213861649	0.191569234109308	0.114725769222207	0.191569234109308	0.636845806806377	0.146674188644875	0.191569234109308	0.409381445422816	0.02110098559947	0.0920153443947793	0.137988243918763	0.146201359026187	0.180673455861311	0.288445822654714	0.151175133965189	0.450130098907737	0.191569234109308	0.880209574348948	0.00569009220309217	0.162132552063373	0.105090436031798	0.0471760452425126	0.0695356672624313	0.183937877434881	0.172538450124823	0.0911656818113577	0.721936661845317	0.0773804102822109	0.135507148519619	0.00677659106623319	0.752424025837838	0.191569234109308	0.12440278099978	0.940412404919767	0.191569234109308	0.115554155347847	0.1239161873203	0.039659263061664	0.0633018656378249	0.195002437162848	0.14770005352265	0.1514783196384	0.936576549400206	0.970879815543495	0.645953365039632	0.0253846096798315	0.147882989363289	0.161331409500782	0.0619435630222454	0.0695163581097668	0.0398250000843302	0.359489119733216	0.118898306158002	0.53313980507475	0.879140311502361	0.759181836512131	0.0122148137972636	0.346741115846724	0.191569234109308	0.148356903249963	0.108541091172247	0.0112417594329588	0.279844217396195	0.16263541336971	0.191569234109308	0.14103200283868	0.191569234109308	0.0157583466125192	0.191569234109308	0.986344794337632	0.19108063112969	0.1757539153416	0.191569234109308	0.189382894487823	0.102293845443056	0.986344794337632	0.595542311736904	0.00768819083546235	0.95174989951634	0.191569234109308	0.42916318093627	0.1740499823225	0.0358701610645695	0.139786658485561	0.113866304023966	0.0221934904798318	0.0303968307512428	0.101098599809795	0.960930270576914	0.0774553213691674	0.0287955046937773	0.0743298672870506	0.0640587051573752	0.191569234109308	0.139156180045259	0.00100330894751135	0.131460876492256	0.986344794337632	0.0918969085682123	0.191569234109308	0.137535403262039	0.854351599584055	0.16570013019667	0.30780808407033	0.126579812934441	0.948676818153121	0.936287122602781
"SRR5928241"	0.718182826803863	0.0589193381974509	0.111824401071999	0.128692077454667	0.149968250375172	0.0562216470475828	0.15399156536643	0.0737721638591557	0.0392817326884448	0.228934493140387	0.28651143973619	0.98129769852936	0.981859816487419	0.0920833146431831	0.989477600978334	0.0714262273658412	0.130841716533575	0.15399156536643	0.321679539945699	0.0256748868059802	0.268682582910704	0.0348885910194296	0.15399156536643	0.113119672694557	0.0732094097693045	0.340565615534896	0.748716920459468	0.15399156536643	0.0388074069647805	0.0817701452979123	0.409716859555001	0.989477600978334	0.00500167188081182	0.15399156536643	0.722952288794586	0.960601097992828	0.15399156536643	0.172467280711926	0.26982264567848	0.135027677529681	0.383260883567214	0.14438546149485	0.15399156536643	0.15399156536643	0.00438119678436986	0.209740902242811	0.153093720484916	0.464295295864521	0.11895115164725	0.0222090878879985	0.973080358296277	0.97096832064759	0.115186752255779	0.141325073811608	0.225208664762908	0.179137140503286	0.145607662384203	0.165566039326843	0.15354655192265	0.15399156536643	0.979213948711193	0.0512325878926523	0.112413298209218	0.0552097445749237	0.028098080186212	0.134475692282936	0.084317050991791	0.107539430479501	0.972718054118473	0.0707637110219178	0.139980795239896	0.138874031180857	0.00950000605280136	0.113749424869721	0.289394308230218	0.130229007531054	0.14337359579612	0.284991157025098	0.103917573049658	0.15399156536643	0.0622412697594398	0.165533833666041	0.0751919707111218	0.127423579602186	0.150366142899419	0.142664359611225	0.0386512677812763	0	0.364884888006056	0.10512751134215	0.52723229274214	0.0206484559918747	0.167583394761164	0.0947374447408422	0.0732630942219323	0.118066032381778	0.118826570239537	0.122061952213411	0.153731857209766	0.177591204779591	0.86035574845697	0.603883615322453	0.15399156536643	0.277966552314957	0.350301806507538	0.15399156536643	0.255518883190181	0.989477600978334	0.0767811761268548	0.54588063239397	0.064597618835857	0.138113493168713	0.119636504187529	0.134946544956634	0.501294457766866	0.31928535520176	0.145569239322346	0.145049341315456	0.888311934961492	0.0728879951355308	0.552676612451206	0.0636990580092347	0.153285074690556	0.152667354252189	0.018763795430556	0.00150232133640918	0.908293196841312	0.15399156536643	0.0763934617074994	0.15399156536643	0.660195839285735	0.108602634440957	0.15399156536643	0.441455610659572	0.0175637699439385	0.130230505835897	0.099838346762976	0.108125396764759	0.142962203553264	0.323699076688491	0.113146367674524	0.480903378966072	0.15399156536643	0.89034006071242	0.0443321796646669	0.124214211623799	0.0666942450576091	0.0856802100437182	0.03096275446628	0.221109024773714	0.134733200994878	0.0526892265870359	0.741116187322739	0.115705837075545	0.0973358955657999	0.0454166581293157	0.769990590524424	0.15399156536643	0.0861415108692564	0.94666450454946	0.15399156536643	0.0772276590245669	0.0856511804965119	0.0781976662163559	0.024707517876705	0.232007207980472	0.109638119948123	0.11345248936929	0.943082881696287	0.975078294784931	0.668880414619383	0.0132789255103535	0.109822779540451	0.123404694498492	0.0233449221702397	0.107894661255505	0.00117543592867902	0.392998809819051	0.0805957829056719	0.560907984667809	0.889337520347346	0.776382431150802	0.0508434798562051	0.380589723900678	0.15399156536643	0.110301170478709	0.0701669935487858	0.0498726231859784	0.315284499457496	0.124722353734365	0.15399156536643	0.102908925005826	0.15399156536643	0.0543784286059998	0.15399156536643	0.989477600978334	0.153496783416054	0.137985233570075	0.15399156536643	0.151777714600653	0.140422349842963	0.989477600978334	0.620739881097316	0.0309717427568646	0.957244923180979	0.15399156536643	0.460620209716517	0.136261827445573	0.00278474199537635	0.177534758283377	0.151888154691449	0.0607956541827182	0.00826357849668728	0.0626779426417028	0.965806081859285	0.0389137452732078	0.0673761650457532	0.112676334701217	0.102471082429081	0.15399156536643	0.176911509728826	0.0376493335447256	0.169302156560697	0.989477600978334	0.0534243139281582	0.15399156536643	0.0993815744388539	0.866074422884076	0.127819659249614	0.342621274133283	0.0883354745014897	0.9543778846049	0.942812598280275
"SRR5928388"	0.469027700686974	0.31228709799403	0.459072113291213	0.472677817348846	0.226591577101027	0.413126619520301	0.492803953859615	0.298683051376064	0.330057582886715	0.147556344173892	0.0869305336089326	0.929931341964633	0.931050626735241	0.442954540210039	0.946283682275812	0.425860623115026	0.474400904693453	0.492803953859615	0.0485736332423308	0.387144753124818	0.105985917253666	0.395038323898272	0.492803953859615	0.460122278180518	0.299201086758918	0.0275418675062882	0.516760710320473	0.492803953859615	0.398380705853195	0.434449804472864	0.0521766261947207	0.946283682275812	0.369252033562484	0.492803953859615	0.476395844378351	0.889169705493041	0.492803953859615	0.204537275582628	0.104775124802644	0.477749267897271	0.0211625981223977	0.232008459543325	0.492803953859615	0.492803953859615	0.361047152035178	0.167191841657081	0.492095393044461	0.118277655073823	0.256412735221538	0.384162694828928	0.913643180757475	0.909479058164103	0.461796337998123	0.234968632424786	0.151389909155054	0.197929438555554	0.486171342710499	0.211340541488254	0.492452810252853	0.492803953859615	0.925787879967159	0.319272073156861	0.459549683858071	0.412274506252396	0.389225549952977	0.241570076697238	0.436555551790875	0.455591572685794	0.91292821188027	0.425308464777825	0.48169941269877	0.237334699631202	0.356548617202412	0.46063253615774	0.0838249936939446	0.245646703687067	0.232987915428608	0.0885654958500911	0.452641940783641	0.492803953859615	0.418183696012607	0.211372209743447	0.297375154246121	0.248332964997432	0.489940295151076	0.483834220595465	0.330624077670236	0.364884888006056	0	0.269490945681919	0.198260188259014	0.382817586333889	0.209355366843453	0.279236209890885	0.427390233376195	0.464124364108718	0.46473855399142	0.467347918639807	0.492599040175598	0.199463870055245	0.703384111568268	0.301565990581157	0.492803953859615	0.096095468099809	0.0165783180638555	0.492803953859615	0.119890979493826	0.946283682275812	0.430314586983793	0.222776775098027	0.307102995000081	0.480211733984379	0.255760969148441	0.477684457169584	0.164791289402132	0.0512179319372763	0.486140861974546	0.231365454254458	0.753343532271034	0.427078030942804	0.231807720484121	0.307924731870747	0.492246440690493	0.491758768080992	0.381191287105323	0.366198196815903	0.789906139342182	0.492803953859615	0.429992642847511	0.492803953859615	0.381944110345595	0.456456099810899	0.492803953859615	0.0902604978363927	0.349429693278476	0.245645267577619	0.449311330521915	0.456068117029476	0.484070927715006	0.0463393154040712	0.460143912155953	0.138981346535127	0.492803953859615	0.75702170881112	0.325510585378601	0.469080653685286	0.421911475705948	0.287672875648458	0.391681024606205	0.15559582169082	0.477514016199844	0.410149472356776	0.504753117086197	0.259494669130737	0.447263656286825	0.324532121638559	0.550822054205079	0.492803953859615	0.438061790300009	0.862205821777634	0.492803953859615	0.430685226845269	0.437657163347277	0.294602042773235	0.386313113654532	0.144386753998042	0.457297503053335	0.460391970044691	0.855337959257825	0.91759070434487	0.394699579816423	0.353217411583814	0.457447491067803	0.468429218305925	0.385140770574372	0.266883339764744	0.365912553408075	0.0325024499132043	0.433477649553317	0.242816064206201	0.755202595053057	0.561188710640014	0.319624658408233	0.0180672790096763	0.492803953859615	0.457835974316323	0.424810934837954	0.320503969505097	0.0556258580669515	0.469489388770371	0.492803953859615	0.451819238069701	0.492803953859615	0.316417982087992	0.492803953859615	0.946283682275812	0.492413533428576	0.480109482732637	0.492803953859615	0.491056077330889	0.235840546827065	0.946283682275812	0.325211476015724	0.337504487089902	0.8826411610564	0.492803953859615	0.1137342086827	0.478734712125183	0.362446915535359	0.199519863652084	0.224723661309467	0.310576362092401	0.357636673492858	0.418549747702434	0.899339185517022	0.398471278672706	0.304558719045325	0.262365203558031	0.271989379668921	0.492803953859615	0.200137957844935	0.331523839122093	0.207661717576246	0.946283682275812	0.410769593482636	0.492803953859615	0.448937822636883	0.713492580963905	0.471977817092491	0.0252339927696566	0.439870656895352	0.877081842533044	0.854820697703492
"SRR5928213"	0.659972612837756	0.0464792478590486	0.214576760877855	0.230878505187678	0.0455164165138411	0.160456198154872	0.255228639622088	0.0315860005415407	0.0661028079345573	0.126677651952171	0.186678217705577	0.970432518948722	0.971114959726641	0.195429501143636	0.980371652351571	0.175314237494659	0.232952160334321	0.255228639622088	0.223674182519824	0.130470813842799	0.168023783205528	0.139534225322068	0.255228639622088	0.215830482717781	0.0321510901698178	0.243651875643476	0.695105183472352	0.255228639622088	0.143384126139102	0.18539704046366	0.317464459914824	0.980371652351571	0.110074685957616	0.255228639622088	0.665445288133258	0.945364187221094	0.255228639622088	0.0685093457613926	0.169214612766078	0.236987659958868	0.289101090426872	0.0398271632663856	0.255228639622088	0.255228639622088	0.100790024715054	0.106831351941977	0.254366542149548	0.376469791139841	0.0139883454084562	0.127057279039038	0.960465829417019	0.957907068118233	0.217830596007204	0.0367111197729046	0.122819087705189	0.0753456582878307	0.247172658610252	0.0614455377127596	0.254801363113576	0.255228639622088	0.967903470699577	0.0541696333089425	0.215146806762412	0.15946578018651	0.132856078178789	0.0297441094885729	0.187876512160329	0.210426976961004	0.960026809033197	0.174667746588489	0.241758480718313	0.0342168832675208	0.0957175145827351	0.216439918817241	0.189700945843442	0.0254293001490881	0.0387966839911927	0.185084894841013	0.206916668320293	0.255228639622088	0.166343937770914	0.0614125964112994	0.0301600193318447	0.0225808832108032	0.251746636124323	0.244341351186849	0.0667315530951526	0.10512751134215	0.269490945681919	0	0.445346718218875	0.125519418197562	0.0635093991995393	0.0104884232970754	0.177106232588896	0.220615249035211	0.221350530005751	0.224477244940782	0.254979287178809	0.0737603242200005	0.825532966846027	0.530465071151263	0.255228639622088	0.177729204644612	0.253981046681016	0.255228639622088	0.15429387943914	0.980371652351571	0.180536567770513	0.465929296833627	0.0407907179265496	0.239960445708183	0.0146828717019071	0.23690947499993	0.416851508859117	0.221147122405036	0.24713570805773	0.0405033691378688	0.85868903403584	0.176740349151362	0.473450153217417	0.041691329255102	0.254550290305248	0.253957098689869	0.123661624385351	0.106613978306641	0.882510389715974	0.255228639622088	0.180158639845748	0.255228639622088	0.593878201214073	0.21145696274154	0.255228639622088	0.351696443365781	0.0877162413867879	0.0254308218414194	0.202960092909603	0.210994662158327	0.24462793587526	0.225806764085515	0.215856318031268	0.39455781119612	0.255228639622088	0.861102222484024	0.0610632925354063	0.226556120464874	0.170694868067116	0.019613646749445	0.13567444167695	0.118576756824771	0.236703876088461	0.156997919182283	0.686338344935116	0.010700885248113	0.200531317174851	0.0599805012869656	0.719718580713375	0.255228639622088	0.189651904069894	0.928547627655588	0.255228639622088	0.180971745104487	0.189174823377498	0.0271399201462818	0.129518267855809	0.129862026736221	0.212459889934803	0.216152571945163	0.92423413615639	0.962887445602608	0.603725272767409	0.0919694725778773	0.212638721988004	0.225774307476451	0.128176242399675	0.00279702216234908	0.106290580229949	0.299523114963102	0.184253353676254	0.482573850933204	0.859909205660656	0.72713580634206	0.0545586125869327	0.2862459283407	0.255228639622088	0.213101985652362	0.174085390882402	0.0555290166955015	0.216926981593464	0.227046809179872	0.255228639622088	0.205938641845242	0.255228639622088	0.0510237272263482	0.255228639622088	0.98037165235157	0.254753575928898	0.239836919797542	0.255228639622088	0.253102659813878	0.0357923446373827	0.980371652351571	0.549367904231732	0.0743838112606984	0.941309781074825	0.255228639622088	0.372475640168944	0.238176819397375	0.102370987846198	0.0737024485240817	0.047474408809636	0.0446002568140374	0.0969432300175673	0.16677077237441	0.951657927448719	0.143488552949931	0.0380048106664614	0.007633967560882	0.00268364960698597	0.255228639622088	0.0730634633587691	0.0677305922531654	0.0652684449512782	0.980371652351571	0.157717776098315	0.255228639622088	0.20251685746038	0.832298991697151	0.230036676003418	0.245831017341114	0.191786020256255	0.937848629055501	0.923908759927556
"SRR5928253"	0.296749979021885	0.482423506341118	0.605446572350395	0.616536007038432	0.407610074291373	0.567611842054573	0.632845377741935	0.470698367606137	0.497655141463293	0.336546232041241	0.28063656702827	0.885368401645137	0.886947059695015	0.59224249499741	0.908511673655785	0.578158134567009	0.617936730915074	0.632845377741935	0.244615746701614	0.545948641541828	0.298343337777051	0.552550852414403	0.632845377741935	0.606304364895726	0.471145888112402	0.224647046982486	0.35250585308877	0.632845377741935	0.555340974828268	0.585245496643869	0.14752043834487	0.908511673655785	0.530915712581015	0.632845377741935	0.305285362284768	0.828416436646959	0.632845377741935	0.387983314989368	0.297221913146517	0.620656300308684	0.177800002156118	0.412407019123773	0.632845377741935	0.632845377741935	0.523990752687229	0.354391163334692	0.632273096209292	0.0817883995263036	0.433903523228018	0.54344971233613	0.862485308749374	0.856662073225346	0.607671125228758	0.415024486559899	0.340040208014712	0.382072467252357	0.627483002125523	0.394054320457487	0.632561787797275	0.632845377741935	0.879531334121562	0.48842192204768	0.605836698515248	0.566904460514992	0.547690788053321	0.420851698318348	0.586979846191912	0.602601391529568	0.861484698529962	0.57770180086836	0.62386063128268	0.417114637247261	0.520185525472523	0.606721040496215	0.277739062265859	0.42444335056448	0.413273388222651	0.282160677791987	0.60018753519607	0.632845377741935	0.571805676724395	0.39408254545382	0.469568136310728	0.426807186063472	0.630531641191682	0.625590568963689	0.498139136258972	0.52723229274214	0.198260188259014	0.445346718218875	0	0.542321677704097	0.392284350843835	0.453839116126614	0.579421832755276	0.609570499486742	0.610071347334544	0.612198004528067	0.632679889871829	0.383446301451551	0.581474923786817	0.10946837750961	0.632845377741935	0.289168315344338	0.214175676861783	0.632845377741935	0.311186530731215	0.908511673655785	0.581835948484565	0.0255804078540667	0.477962042236637	0.622654345393877	0.433331844762223	0.62060369010284	0.0345311734052153	0.247115395990934	0.627458330764257	0.411838089311045	0.645920449290417	0.579163958826022	0.0350649030395331	0.478669777559841	0.63239510411014	0.632001166584095	0.540957124691948	0.52834057936876	0.693978196322419	0.632845377741935	0.581570296314321	0.632845377741935	0.197786120380984	0.603308420456416	0.632845377741935	0.109850626630064	0.514151499929021	0.424442086221714	0.597458953795384	0.602991145783155	0.625782306265396	0.24250174430057	0.606322032638924	0.06085777498324	0.632845377741935	0.65072046732662	0.493766838158793	0.61360914767556	0.574892425642834	0.461167468892226	0.549745011152155	0.343867957208957	0.620465328810116	0.565139453653511	0.33837677817726	0.436604958665654	0.595779855153381	0.492929304392166	0.392969285354784	0.632845377741935	0.588219651068325	0.791310298188772	0.632845377741935	0.582141745328746	0.587886660579691	0.46716999611773	0.545251998549671	0.333653736423898	0.603996336272274	0.606524603817188	0.781930174318242	0.868015732710473	0.212064608154847	0.517363856571126	0.604118942805172	0.613078715779839	0.544269614169597	0.443069358766942	0.528099571376207	0.166769607113417	0.584444378356263	0.04667140747164	0.64834556596091	0.405398523916768	0.488724316689428	0.180802711296487	0.632845377741935	0.604436475999436	0.577290540397309	0.489478293967597	0.251276768940995	0.613941900059656	0.632845377741935	0.599513832197848	0.632845377741935	0.485972728077443	0.632845377741935	0.908511673655785	0.63253006500446	0.622571412272167	0.632845377741935	0.631433423804719	0.415794929329747	0.908511673655785	0.135156583832203	0.504009847624524	0.819391196883345	0.632845377741935	0.0863595287508909	0.621456092177309	0.525173565587768	0.383496420273668	0.405953774076316	0.480952141054416	0.521106441404006	0.572108958421857	0.8425276702103	0.555416537262505	0.475769437001507	0.439118428839715	0.44752675272579	0.632845377741935	0.384049597723517	0.498907665152187	0.390773305152213	0.908511673655785	0.565654647143479	0.632845377741935	0.597152764596122	0.594402509099443	0.61596672964193	0.222446323124524	0.589707701638515	0.811726579346864	0.781224857599131
"SRR5928397"	0.728657055248848	0.0794767523070497	0.091374602750692	0.108314629509632	0.170120685776002	0.035612117489486	0.133743526792714	0.0942853876336475	0.0598844537539334	0.248476985978131	0.305458374937652	0.983188402788241	0.983729447490703	0.0715629773742072	0.991060504585148	0.0508483833097043	0.110474289261687	0.133743526792714	0.340200339811999	0.00502894112982299	0.287827498668352	0.014249800775802	0.133743526792714	0.0926750354634687	0.0937244635203543	0.358838092549221	0.758326693806563	0.133743526792714	0.0181726622035038	0.0612190142938678	0.426964222013905	0.991060504585148	0.0156483057996323	0.133743526792714	0.733293777614402	0.963259615118979	0.133743526792714	0.192470359191399	0.288955265502262	0.114680282752089	0.400921910891846	0.164571938198617	0.133743526792714	0.133743526792714	0.0250275209399604	0.229453690968889	0.132840659934394	0.480605386004327	0.139277506034307	0.00156130605463631	0.975277797672138	0.973244196960848	0.0947504874019282	0.161529701629211	0.244785320829529	0.199092197618198	0.125313960097612	0.185617003074715	0.133296020273383	0.133743526792714	0.981182669479648	0.071809516630394	0.0919658382475522	0.0345984263117725	0.00745369604256649	0.154719635279985	0.0637731383599669	0.0870730261405348	0.974928960408214	0.0501842983573965	0.119657991000339	0.159092935718048	0.0301428946489247	0.0933073206410732	0.3083080890577	0.150496417748922	0.163566113810077	0.303955448268327	0.0834376925890058	0.133743526792714	0.0416432062624045	0.185585016580185	0.0957005230562899	0.147706111066312	0.13009801990158	0.122355279881505	0.0592551957477502	0.0206484559918747	0.382817586333889	0.125519418197562	0.542321677704097	0	0.187620550401649	0.115173762728725	0.0526896888262603	0.0976417082491899	0.0984054543173392	0.101654737260307	0.133482362742902	0.197557544625857	0.866509983033019	0.617284675218589	0.133743526792714	0.297009891252107	0.368440957021364	0.133743526792714	0.274802170191689	0.991060504585148	0.056216639637048	0.560579618837799	0.0851391474140519	0.117781305524393	0.139959416630234	0.114598755384904	0.516905044074605	0.33783666341739	0.125275334104862	0.165231832907418	0.893528569276493	0.052313672637934	0.567230070144501	0.0842431835616938	0.13303308180354	0.132411919949685	0.00188534835083359	0.0191466938976011	0.912822009788796	0.133743526792714	0.0558279241179927	0.133743526792714	0.67221600225266	0.0881402834567627	0.133743526792714	0.458171659125227	0.0381991818076645	0.150497907896786	0.0793439026414074	0.087661220892333	0.122654664483138	0.34219397220585	0.0927018375016037	0.496905877610839	0.133743526792714	0.895487552117317	0.0649246763744602	0.103816470912954	0.0461055730756775	0.106151837929071	0.0103205112269439	0.240722656289804	0.114384374514057	0.0320736264784352	0.750944392354101	0.136048243715392	0.0768328391588769	0.0660068303949916	0.778977567758975	0.133743526792714	0.0656029248314876	0.94983117575188	0.133743526792714	0.0566642826487847	0.0651111501400577	0.0986960718916765	0.00406101265774672	0.251521125567545	0.0891797591474967	0.0930091888670687	0.94637899129234	0.97720138385752	0.68067704517909	0.0339186247224967	0.0893651347217128	0.103003369017524	0.00269769059105941	0.128274036903222	0.0194734650892663	0.410510667255932	0.0600414088938413	0.575282848181142	0.894519209362105	0.785178996680602	0.0714213355572242	0.398291039329966	0.133743526792714	0.0898453867325955	0.0495861827282539	0.0704527661528433	0.33388630122196	0.104326876327134	0.133743526792714	0.082425382917238	0.133743526792714	0.0749476476176945	0.133743526792714	0.991060504585148	0.13324597343416	0.117652406421386	0.133743526792714	0.131517350273785	0.1606322627478	0.991060504585148	0.633740052139101	0.0515891340506202	0.96002646573027	0.133743526792714	0.476996954824986	0.115920469884985	0.0234319293534758	0.197501508354475	0.172028605864819	0.081347957262067	0.028907390188219	0.0420807658950617	0.968272983589176	0.018279118624037	0.087909465405677	0.13303335917095	0.122874740799048	0.133743526792714	0.196882781109765	0.0582551478025343	0.189327424278962	0.991060504585148	0.0328099369962041	0.133743526792714	0.0788855400524601	0.872039213340257	0.107438196100428	0.360865901904243	0.0678034660439984	0.957264194497543	0.946118456650483
"SRR5928441"	0.620970225953819	0.109683790725875	0.274563112145005	0.290378848061896	0.0180420902724254	0.221837045433808	0.313946459594652	0.0949161212044257	0.129101882935379	0.0636504169237766	0.124559294396934	0.962794939698691	0.963561167550744	0.255947771273871	0.973960918024152	0.236345878628224	0.292388500466703	0.313946459594652	0.162336107481035	0.192478492032272	0.105575166174182	0.201363447420833	0.313946459594652	0.275780537018804	0.0954769252454718	0.182805983449851	0.658987641215827	0.313946459594652	0.205134655152533	0.246177183661716	0.258869450423408	0.973960918024152	0.172448965287276	0.313946459594652	0.626881340809762	0.934694766885921	0.313946459594652	0.00502051454594887	0.106785763647193	0.296298036824045	0.229560317697859	0.0237387727450759	0.313946459594652	0.313946459594652	0.163315101049483	0.0436004903079647	0.31311322112943	0.320168179494821	0.0495625122674819	0.189129690900848	0.951612144229455	0.948743451503359	0.277722371238785	0.0268572387743138	0.0597485087097228	0.0118898298162571	0.306156854520855	0.0020714728645167	0.313533496890094	0.313946459594652	0.959955964860516	0.117299067038168	0.275116676762744	0.220868997180376	0.194817717597433	0.0338254539298285	0.248593013291498	0.270532184268456	0.951119881060353	0.235715113048118	0.300917542900905	0.0293525752416941	0.158320716329193	0.276372264015654	0.127639478743275	0.0381380935848299	0.0247701820705046	0.122936138738978	0.267120873328506	0.313946459594652	0.227589460104232	0.0021045314902952	0.0935007863116813	0.0409838570432765	0.310580497916845	0.30341740930815	0.129723294354719	0.167583394761164	0.209355366843453	0.0635093991995393	0.392284350843835	0.187620550401649	0	0.0739514403844511	0.2380940327296	0.280425121900898	0.281138628493939	0.284172058455588	0.313705463007745	0.010296340025971	0.801595127289164	0.482253357539057	0.313946459594652	0.115446776410989	0.193409107110091	0.313946459594652	0.0916299141360432	0.973960918024152	0.241439411191716	0.413953507685047	0.104046322884897	0.29917684074443	0.0488694358667126	0.296222309988612	0.362375139636292	0.15975032044791	0.306121108721862	0.023061887327561	0.838221218772771	0.237737130717073	0.421885092980221	0.104939104940019	0.313290825349002	0.312717454288925	0.185797084369667	0.169045642948299	0.864630306564835	0.313946459594652	0.241070909702309	0.313946459594652	0.549897477555076	0.271532854030756	0.313946459594652	0.294378135407525	0.15043654964818	0.038136573050566	0.263274184983146	0.271083726756469	0.303694737298488	0.164518864947668	0.27580562246942	0.339047960196112	0.313946459594652	0.840892942869051	0.124119466798294	0.286188291673259	0.231837811394482	0.0830256671528516	0.197580829789816	0.0554606159586704	0.296023171744252	0.21845638142966	0.649485332992575	0.0528423278562644	0.26091197335336	0.123048553382439	0.685721558957916	0.313946459594652	0.250322399972406	0.915894350774683	0.313946459594652	0.241863713740868	0.249857717413181	0.0905024393915285	0.191544146425214	0.0668719291918773	0.272507118396387	0.276093272225191	0.911078444665288	0.95432793802955	0.560449296652241	0.154628464793938	0.272680827455399	0.285430094915538	0.190227583916503	0.0607225334295033	0.168727535932899	0.240318094661679	0.245062613758593	0.431516915535963	0.839572011230423	0.693793933955912	0.117684061810141	0.226615555342947	0.313946459594652	0.273130802964553	0.235146881312833	0.118644447774814	0.155433872027018	0.28666412242496	0.313946459594652	0.266170177155707	0.313946459594652	0.114184729842966	0.313946459594652	0.973960918024152	0.313487309288293	0.299057240082561	0.313946459594652	0.311891494701723	0.0277765058736389	0.973960918024152	0.502361914211719	0.137282567299878	0.93015839522922	0.313946459594652	0.316004824455324	0.297449723203978	0.164871099056559	0.0102381723311381	0.0160806420555799	0.107822089190225	0.15952782964449	0.228006328343171	0.941741292884016	0.205236923466434	0.101284026884504	0.0559009506110067	0.0661824278853863	0.313946459594652	0.00959599018799535	0.13071058490401	0.00176593818295057	0.973960918024152	0.21916019658536	0.313946459594652	0.262843147613256	0.809056853290986	0.289562861374971	0.185041814372236	0.252400734924904	0.926287644326686	0.9107152768536
"SRR5928228"	0.66611949482253	0.0360073524042907	0.204521736712775	0.220893736465872	0.0559796767001702	0.150205792450701	0.245358655038622	0.0211041603163265	0.055650713895498	0.13699469150618	0.196803819474054	0.971609372154871	0.972278844221603	0.185298703268875	0.981358745213962	0.165111679115753	0.222976707218191	0.245358655038622	0.233646497314626	0.120137185465964	0.178216483906465	0.129223871457131	0.245358655038622	0.205780674186471	0.0216695472368374	0.253530248953919	0.700782998822214	0.245358655038622	0.133084151606458	0.175229447756253	0.326927908879385	0.981358745213962	0.099694636667281	0.245358655038622	0.671520673887918	0.947011228527612	0.245358655038622	0.0789443573101639	0.179403234417021	0.227030580897135	0.298736602073526	0.0502958042530779	0.245358655038622	0.245358655038622	0.0903915742481691	0.1171961298644	0.244492292302879	0.385524877078116	0.0244733878522773	0.116715307047514	0.96183106525845	0.95932036006249	0.207789172865595	0.0471824372505694	0.133146015689375	0.0857702609907108	0.237263393295351	0.0718903368829396	0.244929262713248	0.245358655038622	0.969128306540027	0.0437045902445323	0.205094150183784	0.14921234079926	0.122528417152332	0.0402207182495653	0.177717827140009	0.200354912025166	0.961400299050714	0.164463015132334	0.231823541501678	0.0446902051136515	0.0853097322796477	0.206392656897801	0.199815031471108	0.0359087056577911	0.0492662312943406	0.195216494705304	0.196830455755844	0.245358655038622	0.156111968225922	0.0718574389208923	0.0196774569638584	0.0330619336637092	0.241859514945572	0.234418587142381	0.0562802194617366	0.0947374447408422	0.279236209890885	0.0104884232970754	0.453839116126614	0.115173762728725	0.0739514403844511	0	0.166909741094068	0.210585632855248	0.211324057149951	0.214464258810859	0.24510806739354	0.0841874227493844	0.829260694543238	0.538134375451776	0.245358655038622	0.187887848657339	0.263807779648782	0.245358655038622	0.16453159721838	0.981358745213962	0.17035186766943	0.474235593018609	0.0303145063745588	0.2300171092312	0.0251676456157347	0.22695203687719	0.42558792226947	0.231130762464599	0.237226265547858	0.0509714040123544	0.861868710625827	0.166542613761355	0.481686389156639	0.0312157583958897	0.244676948320081	0.244080828284539	0.113311581662617	0.0962268706261778	0.885283244155442	0.245358655038622	0.169972629207677	0.245358655038622	0.60084272051291	0.20138909543275	0.245358655038622	0.360931268450032	0.0772947750966635	0.0359102264285614	0.192858227647078	0.200924908171643	0.234706530917047	0.235769424031545	0.205806617306498	0.403474091017877	0.245358655038622	0.864241183790238	0.0506053863089293	0.216552208899607	0.160476964562405	0.00912699132864309	0.125353976900156	0.128914218598897	0.226745494341909	0.146737005328677	0.692135446321392	0.0211870695328909	0.190419997445794	0.0495214118346246	0.725053546777479	0.245358655038622	0.179499672287178	0.930503321170699	0.245358655038622	0.170788557576458	0.179020851339605	0.0166559610543374	0.119182287958629	0.140170684986422	0.202396130237572	0.206104108387836	0.926268124173095	0.964207085295788	0.610573346585326	0.0815551224318962	0.202575696819465	0.215766973114122	0.117836980010961	0.0132850784933532	0.0959028250761647	0.309097232742403	0.174081693332931	0.490723616722383	0.863068309545314	0.732365158010239	0.0440939471967273	0.295897888005808	0.245358655038622	0.203040866233134	0.163878709032601	0.045065306553415	0.226929255280899	0.21704505206952	0.245358655038622	0.195848531146546	0.245358655038622	0.040555739670134	0.245358655038622	0.981358745213961	0.244881239118616	0.229893008785194	0.245358655038622	0.243222183590516	0.0462644147211733	0.981358745213962	0.55683529142443	0.0639423593050959	0.943031734207339	0.245358655038622	0.38156051574777	0.228225216485343	0.0919755500356814	0.0841296372314215	0.0579356694981333	0.0341268649239227	0.0865376559536751	0.156540166112958	0.953188056121596	0.133188864046789	0.0275267187627904	0.0181210247062074	0.00780498054389539	0.245358655038622	0.0834916433016928	0.0572804829498619	0.0757080692041175	0.981358745213962	0.147459030007863	0.245358655038622	0.192413258077969	0.835916600885067	0.220048149884296	0.255698670198821	0.181641628463256	0.939634282837693	0.925948639368935
"SRR5928396"	0.754086747912434	0.131647361988681	0.0388610797536926	0.0559254638947785	0.22094561088408	0.0171077968155217	0.0815952387702846	0.146290782571238	0.11224068108503	0.297499315607197	0.352801633195832	0.987700685928242	0.98819127595266	0.0189405338461769	0.994836206903823	0.00184596224884925	0.0581030505858016	0.0815952387702846	0.386368967266679	0.0476726416729641	0.33572322124339	0.0384670824421241	0.0815952387702846	0.0401700378824824	0.145736506741663	0.404329720546725	0.781610903490288	0.0815952387702846	0.0345481742495663	0.00855530930894037	0.469704496677767	0.994836206903823	0.0682849826690938	0.0815952387702846	0.758393332224718	0.969612826815509	0.0815952387702846	0.242841225124812	0.336816531228029	0.0623453042351051	0.444765093359207	0.215502129511762	0.0815952387702846	0.0815952387702846	0.0776208318718941	0.278967746478533	0.0806827030766663	0.520875579808594	0.190649852183106	0.0511323434086962	0.980524908995373	0.978679344402854	0.0422594476641003	0.21251634579178	0.293905777464007	0.249319300212601	0.0730786008222823	0.236132217450457	0.0811429296008001	0.0815952387702846	0.985881776503569	0.124057242942078	0.0394561702555353	0.018122369120238	0.0452527267056275	0.205829407498956	0.0111186274633697	0.0345325113050048	0.980208352077021	0.00251164373915973	0.067368226784706	0.210124152414013	0.0827088980581591	0.0408065295221268	0.355559288868528	0.201680293944833	0.214515068495998	0.351346948352927	0.0308758129266264	0.0815952387702846	0.0110693515888564	0.236100894071145	0.147689008835459	0.198938001317062	0.0779111966070896	0.0700910588013613	0.111616761205869	0.0732630942219323	0.427390233376195	0.177106232588896	0.579421832755276	0.0526896888262603	0.2380940327296	0.166909741094068	0	0.0451708332581147	0.0459400461924763	0.0492132422219872	0.0813312694453802	0.2478183405172	0.881313117288837	0.650066503449812	0.0815952387702846	0.344621557114748	0.413571036978443	0.0815952387702846	0.323087110703706	0.994836206903823	0.00353681493483453	0.596675099807383	0.137249113744931	0.0654742016489454	0.191320655219898	0.0622630570926911	0.555353052331026	0.38408881511312	0.073039592348959	0.216149660988878	0.906053638417796	0.000376994622636131	0.602952045343208	0.136362954249348	0.0808771786985762	0.0802494005156684	0.0545699329929595	0.0717682105380223	0.923681524948352	0.0815952387702846	0.00314695140415737	0.0815952387702846	0.701510618167148	0.0356062924407518	0.0815952387702846	0.499507283521879	0.0907169516576355	0.20168175824972	0.0267595490470672	0.0351242873860175	0.0703933237598807	0.388291742710358	0.0401970174148104	0.536372804142118	0.0815952387702846	0.907844981006334	0.1172367453171	0.0513914727563129	0.00659921052806472	0.158009395686284	0.0423908823586357	0.289949597928331	0.0620467867248534	0.020648919256496	0.774769734436335	0.187472578664437	0.0242355309216802	0.118309093622186	0.80072241629543	0.0815952387702846	0.0129554013232711	0.957405581926162	0.0815952387702846	0.00398579867287752	0.0124617158212966	0.150648119983353	0.0486384754809445	0.300461561842921	0.0366522319240938	0.0405064093409979	0.954264831935904	0.982270304637585	0.709410421145413	0.0864628182604324	0.0368387716081337	0.0505721107206387	0.0499986898675051	0.179819381799731	0.0720935039865545	0.453955106076937	0.00737368433504499	0.610547169143495	0.906959545997884	0.806454218255329	0.123672813142289	0.442242126301076	0.0815952387702846	0.0373220555055283	0.0031111596719867	0.12271353938213	0.380276870943676	0.0519058417724065	0.0815952387702846	0.0298577896689561	0.0815952387702846	0.127164506227257	0.0815952387702846	0.994836206903823	0.0810923469146981	0.0653441246009363	0.0815952387702846	0.0793453707293866	0.211635389322093	0.994836206903823	0.665505761635766	0.104012612151557	0.966675122000011	0.0815952387702846	0.517441657364342	0.0635965230395761	0.0760332302832137	0.24776353023869	0.222816648948311	0.133498873415277	0.0814802253292811	0.0106311173540084	0.974166296406252	0.034441803831227	0.139988620476835	0.184505318700154	0.174500676042422	0.0815952387702846	0.247158319791191	0.110625116956863	0.239765049201685	0.994836206903823	0.0199121637799985	0.0815952387702846	0.0262987746498319	0.886381325916702	0.0550418891944908	0.406281903316975	0.0151647888912404	0.96416455389686	0.95402775939631
"SRR5928477"	0.77441987003818	0.175833667475573	0.00632019973101285	0.0107802727088314	0.263638972090381	0.0622333475084101	0.0365512527045784	0.190277705947593	0.156663633748704	0.338388458198794	0.392089056866335	0.991231195901271	0.99168214982271	0.0262514469218377	0.99778844025527	0.047013104409435	0.0129642549497204	0.0365512527045784	0.424562970762018	0.0926556061165109	0.375531867518111	0.0835013013666854	0.0365512527045784	0.00500935387710305	0.189731302637168	0.441901235133891	0.800181061976238	0.0365512527045784	0.0796020405812794	0.0366288521890682	0.504790930558286	0.99778844025527	0.113127262307374	0.0365512527045784	0.778454467056779	0.974592086645	0.0365512527045784	0.285067743402228	0.376592520807346	0.0172201328816144	0.480840038825869	0.258305414450242	0.0365512527045784	0.0365512527045784	0.122387620295565	0.320337771835603	0.0356341512840094	0.553778135941842	0.233923871246398	0.0960941957505618	0.984633104885065	0.982935492364913	0.00291662785467067	0.255378885160086	0.3348903665712	0.291400126840358	0.0279947799460688	0.278505979359457	0.0360966715494991	0.0365512527045784	0.989559083496226	0.168339851511437	0.00572426913898771	0.0632444550069741	0.0902498578693294	0.248821979633491	0.0340683165399231	0.0106539697571194	0.984341943339464	0.0476773838735062	0.0222611783033852	0.253033634534448	0.127431458232072	0.00437189148243347	0.394760328659668	0.244751689752296	0.257338023673906	0.390679691454387	0.0143138172927292	0.0365512527045784	0.0562137194581182	0.278475334743866	0.19165595910237	0.242060712524689	0.0328492159116305	0.0249947373292328	0.156046799438102	0.118066032381778	0.464124364108718	0.220615249035211	0.609570499486742	0.0976417082491899	0.280425121900898	0.210585632855248	0.0451708332581147	0	0.000770718851878832	0.00405088799028636	0.0362859553078673	0.289933231014906	0.893010493167411	0.676532235655228	0.0365512527045784	0.384161589674282	0.450812120586271	0.0365512527045784	0.363266130862022	0.99778844025527	0.0416402821505756	0.62596051570206	0.181361259352346	0.0203600657935196	0.234582639787872	0.0171376069592806	0.586666720478388	0.42235998031948	0.0279556033242	0.258939998143922	0.915928177993325	0.04554709756673	0.631917581887082	0.180487005817773	0.0358295939440269	0.0351987057747902	0.0995098082110691	0.116583181647451	0.932228961301433	0.0365512527045784	0.0420295073148667	0.0365512527045784	0.72504853347896	0.00957904732426225	0.0365512527045784	0.533347185427853	0.135365496726389	0.244753126489988	0.0184322625555979	0.010061576853806	0.0252982322670667	0.426420351650912	0.00498233389820017	0.568572841182987	0.0365512527045784	0.917585734851933	0.161601785217838	0.00623426618206311	0.0517555172385542	0.201823886809274	0.0874041294166585	0.331038043986345	0.0169206062970073	0.0657619979783433	0.793783533027382	0.230803092741225	0.0209569043106888	0.162661431012003	0.818034142470014	0.0365512527045784	0.0322331929577507	0.963348679774566	0.0365512527045784	0.0411920175877458	0.03272646309127	0.194572263394003	0.0936156477363433	0.341271231530392	0.00853190159121203	0.00467247370411237	0.960454096875494	0.986238343257596	0.732480484761483	0.131151352988691	0.0083451369717472	0.00541292023694828	0.0949675713240741	0.223282540762556	0.116905872674079	0.48967159121029	0.0378090064353241	0.639121505518661	0.916766458610692	0.823383053523256	0.167960171279479	0.4784142956126	0.0365512527045784	0.00786125650871239	0.048275604946377	0.167012695326886	0.418676095526619	0.00674990994586324	0.0365512527045784	0.0153325144347251	0.0365512527045784	0.171408271762082	0.0365512527045784	0.99778844025527	0.0360458358735732	0.0202295132732579	0.0365512527045784	0.0342902568537674	0.254515270989915	0.99778844025527	0.691114489537011	0.14852638787758	0.971887356540533	0.0365512527045784	0.550497297097948	0.0184756641375283	0.120813373600683	0.289879661133173	0.26547166210461	0.177660957077613	0.126213665036787	0.0557767305738238	0.978783160684385	0.0794961853569104	0.18406354524329	0.227887837806102	0.218053156264954	0.0365512527045784	0.289288130609534	0.155066349783279	0.28205954096738	0.99778844025527	0.0650279248760497	0.0365512527045784	0.0188931912899472	0.897709070881661	0.00989421860579288	0.443784189643266	0.0300254103297817	0.969575374541972	0.960235575546717
"SRR5928407"	0.774755184669632	0.176581854326376	0.00709088606046332	0.0100096321637605	0.264359113652627	0.0630012210883234	0.0357814829533202	0.1910220479416	0.157416456023227	0.339075911734506	0.392748024983586	0.99128885349674	0.991739158951361	0.0270216509995052	0.997836639610726	0.0477821930771712	0.012193650816213	0.0357814829533202	0.425202684042289	0.0934200434675521	0.376200064311385	0.0842669139695614	0.0357814829533202	0.00578005171709313	0.190475795586667	0.44253004181941	0.800486950794563	0.0357814829533202	0.0803681168504574	0.0373985769410188	0.505376518788886	0.997836639610726	0.11388863142414	0.0357814829533202	0.778785236659548	0.974673465180402	0.0357814829533202	0.285779342779395	0.377260138329657	0.0164496195922935	0.481442762451308	0.259027578613751	0.0357814829533202	0.0357814829533202	0.123147401739789	0.321033861167498	0.0348643340021234	0.55432608680805	0.234654755947855	0.0968581602296375	0.984700216783942	0.983005026548823	0.00368733890203792	0.256102141594762	0.335579530576952	0.292109074434991	0.0272246141773651	0.279220265214403	0.0353268780860665	0.0357814829533202	0.989619143000426	0.169089913884196	0.00649496101047495	0.0640122359581877	0.0910146158557074	0.249547638208015	0.0348381740853225	0.0114246002798323	0.984409470986723	0.048446426525444	0.0214908066297648	0.253757757321941	0.128190322575547	0.00514259401870404	0.395417770615371	0.245478808115145	0.258060550272144	0.391339460605889	0.0150843794570278	0.0357814829533202	0.0569821137940325	0.27918963299863	0.192399918400525	0.242788782796076	0.0320792617772518	0.0242244578715331	0.156799762012615	0.118826570239537	0.46473855399142	0.221350530005751	0.610071347334544	0.0984054543173392	0.281138628493939	0.211324057149951	0.0459400461924763	0.000770718851878832	0	0.00328017878112418	0.0355161716815395	0.290642798070745	0.893202372617988	0.676970593585491	0.0357814829533202	0.384825026021822	0.451435152320948	0.0357814829533202	0.363940908007566	0.997836639610726	0.042409719466725	0.626446668756951	0.182108010566678	0.0195896363807464	0.235313300202795	0.0163670916584525	0.587187450920432	0.423001048174558	0.0271854359866845	0.259661923822174	0.916089989499782	0.0463162855212089	0.632398297541246	0.181233987045964	0.0350597866889887	0.0344288663525002	0.100273285992179	0.117343972806149	0.932368923215426	0.0357814829533202	0.0427989207812805	0.0357814829533202	0.725437555311148	0.0103496942309958	0.0357814829533202	0.53391125650146	0.136122843754314	0.245480244341798	0.0192027245494417	0.0108322166132326	0.0245279637166181	0.427058917396932	0.00575303194921998	0.569108741149173	0.0357814829533202	0.917745342145526	0.162353464401767	0.00546357204820383	0.0525242633575715	0.202564937645736	0.0881692558356332	0.331729071137473	0.0161500857541214	0.0665295418488048	0.794096819189813	0.231535031398061	0.0217272927288157	0.163412860297013	0.818319074465389	0.0357814829533202	0.0330031398221746	0.963445860046323	0.0357814829533202	0.0419614820988526	0.0334963864275769	0.195315403844858	0.0943799547896986	0.341957262130737	0.0093025628460587	0.00544317409943171	0.960555315623545	0.986303160838751	0.732861647782934	0.131909517307587	0.00911580061843175	0.00464221962020374	0.0957316926254257	0.224016961227755	0.117666608982224	0.490268093197148	0.0385786667792252	0.639595576975788	0.916927155872142	0.823661616801353	0.168710326508491	0.479018708326094	0.0357814829533202	0.00863192611681633	0.0490446056104724	0.167763081362561	0.419319412805559	0.00597922038228649	0.0357814829533202	0.0161030541133049	0.0357814829533202	0.172157576033475	0.0357814829533202	0.997836639610726	0.035276039777062	0.0194590800879323	0.0357814829533202	0.0335203721270563	0.255238847378064	0.997836639610726	0.691538377363061	0.149281016588129	0.971972553088674	0.0357814829533202	0.551047877359862	0.0177051826700226	0.121573433725277	0.290589250752178	0.266191099145452	0.178408674246222	0.126972754187007	0.0565451606662448	0.978858602146715	0.080262273905863	0.184809578482248	0.228620748245247	0.218789254083937	0.0357814829533202	0.289997969099268	0.15581953422661	0.282772379697359	0.997836639610726	0.0657955388252012	0.0357814829533202	0.0196636405411953	0.897894847810311	0.00912356526242687	0.444411785620918	0.0307954581743114	0.969663826298173	0.96033709867963
"SRR5928386"	0.776178076311979	0.179763993408571	0.0103708377152311	0.00672966143110437	0.267420947610831	0.0662685052262293	0.0325048963705549	0.194187660046442	0.160618544160349	0.34199793337974	0.395548396491961	0.991533319183033	0.991980874752481	0.0302993010784686	0.998040997680602	0.0510548373283352	0.00891380773421053	0.0325048963705549	0.4279208934116	0.0966723292352288	0.379039833361373	0.0875243135232314	0.0325048963705549	0.00906006875860177	0.19364205628416	0.445201731515912	0.801784848248294	0.0325048963705549	0.0836275375941869	0.0406740575841921	0.507863985147131	0.998040997680602	0.117127610619782	0.0325048963705549	0.780188820153584	0.975018528432919	0.0325048963705549	0.28880461081438	0.380097434074363	0.0131701099225972	0.484003250137772	0.262098074489923	0.0325048963705549	0.0325048963705549	0.126379512624355	0.323992792727141	0.0315875565652926	0.556653242880546	0.237762618522769	0.100108391558056	0.984984775438114	0.983299857745145	0.0069674383345422	0.259177315879518	0.338508861610271	0.295122996060427	0.0239464489166782	0.282257030366206	0.0320501962526759	0.0325048963705549	0.989873794292824	0.172280120937777	0.00977494370676649	0.067279113367131	0.0942682956063986	0.252633103109983	0.038114251807871	0.0147042602162595	0.984695792756863	0.051718866679172	0.0182118366631149	0.256836642719392	0.131418470037633	0.00842263902216149	0.398211628076322	0.248570527919344	0.261132598471655	0.394143251264094	0.0183637026970271	0.0325048963705549	0.0602516887888157	0.282226451222472	0.195563886317358	0.24588458187737	0.0288019366365265	0.0209458462209189	0.160002454438639	0.122061952213411	0.467347918639807	0.224477244940782	0.612198004528067	0.101654737260307	0.284172058455588	0.214464258810859	0.0492132422219872	0.00405088799028636	0.00328017878112418	0	0.0322395293545369	0.293659370046946	0.894016236861132	0.678831437278596	0.0325048963705549	0.387644470985876	0.4540822154435	0.0325048963705549	0.366808776870875	0.998040997680602	0.0456839143813317	0.628510801440362	0.185283976778827	0.0163104444364723	0.238420201268439	0.0130875744596146	0.589398724610045	0.425725036127283	0.0239072645383463	0.262731398285118	0.916776259588914	0.0495893705584101	0.634439297575475	0.184410942103851	0.0317830494890757	0.0311520001168367	0.103521404398824	0.120580450637204	0.932962488694547	0.0325048963705549	0.0460730093479396	0.0325048963705549	0.727088660907005	0.0136294373411374	0.0325048963705549	0.5363070616592	0.139344439233789	0.248571961956126	0.0224815699851337	0.0141119232696469	0.0212493946959213	0.429772231580579	0.009033050226884	0.571384588700958	0.0325048963705549	0.91842225952866	0.165550630282614	0.00218343011128196	0.0557953908277917	0.205716414097089	0.0914245384124024	0.334666364681193	0.0128705489583095	0.0697953791360476	0.795426136184127	0.234647412609029	0.0250057934810091	0.166608950356806	0.819527969282244	0.0325048963705549	0.0362796205668771	0.963857943813804	0.0325048963705549	0.0452357983339273	0.0367727608856882	0.198475854174894	0.0976316743051001	0.344873203567371	0.0125823801186085	0.00872320623072924	0.960984528889886	0.986577989765696	0.734479352896898	0.135134641184358	0.0123956304066292	0.00136206036786472	0.0989826051075017	0.227139985196882	0.120902849492373	0.492802064945861	0.0418538586001028	0.641608312217415	0.917608698087331	0.82484346671504	0.171900933121077	0.481586395302109	0.0325048963705549	0.0119117873291361	0.0523168596318948	0.170954681183005	0.422052997226541	0.00269909144544475	0.0325048963705549	0.0193822689187969	0.0325048963705549	0.175344521413194	0.0325048963705549	0.998040997680602	0.0319993473712141	0.016179873719507	0.0325048963705549	0.0302433244070697	0.258315392179734	0.998040997680602	0.69333769517205	0.152490887867638	0.972333809285092	0.0325048963705549	0.553386229717985	0.0144257927368253	0.124806749521827	0.293605919266537	0.269249916321578	0.181588793557435	0.130201872950532	0.0598148932563528	0.979178485782427	0.0835217482119165	0.18798245843248	0.231737296334728	0.221919473156105	0.0325048963705549	0.293015702435486	0.159023182335073	0.28580295140724	0.998040997680602	0.0690616834342619	0.0325048963705549	0.0229424259844071	0.89868281389294	0.00584355114377087	0.447078312112534	0.0340723962277754	0.970038888744389	0.96076760303295
"SRR5928165"	0.789808414606385	0.210852916624231	0.042596956822713	0.02551508028485	0.297247473408914	0.09831026912868	0.000265629117110613	0.225100277693042	0.191922311273738	0.37039216791109	0.422712308316969	0.993858721568144	0.994280086213821	0.0624813622498668	0.999984477171034	0.0831654751654063	0.023332034975872	0.000265629117110613	0.454259608021878	0.128534662821243	0.406600959831126	0.119446487061943	0.000265629117110613	0.041288242717781	0.224561568754977	0.471074901104507	0.814207407201927	0.000265629117110613	0.115573672030065	0.0728236714650751	0.531903313855132	0.999984477171034	0.14883794305166	0.000265629117110613	0.793632433426613	0.978302599500423	0.000265629117110613	0.318254023318479	0.407633592066523	0.0190770462765781	0.508767761728926	0.292014266533696	0.000265629117110613	0.000265629117110613	0.158012845461784	0.352762856632147	0.000652598547376279	0.579107159061156	0.268067366539201	0.131946948769126	0.987692126853183	0.986105098262989	0.0391986770328006	0.289141996466019	0.366977415155623	0.324455806951371	0.00829911321352085	0.311824785427374	0.000189517486334453	0.000265629117110613	0.992296214949812	0.203455631617814	0.042002009885975	0.0993158076709111	0.126146842247304	0.282704591492032	0.0702724762057209	0.0469228449798733	0.987419944473587	0.0838267898785049	0.0140354520266911	0.286839816853244	0.163007706643885	0.040651774631544	0.425309964962103	0.278707044323387	0.291064874633793	0.421341593763153	0.0505750390804184	0.000265629117110613	0.0923223605903444	0.311794753033555	0.226459033712928	0.27606355373042	0.00344060087399745	0.0113008685857771	0.191312771440184	0.153731857209766	0.492599040175598	0.254979287178809	0.632679889871829	0.133482362742902	0.313705463007745	0.24510806739354	0.0813312694453802	0.0362859553078673	0.0355161716815395	0.0322395293545369	0	0.323019401031064	0.901782519646234	0.696714059602557	0.000265629117110613	0.415000551586306	0.479709376023013	0.000265629117110613	0.394653897166245	0.999984477171034	0.0778155306878755	0.648379848804122	0.216306892751784	0.0159369756278451	0.268714911643209	0.0191595667273014	0.610711537266205	0.452121659863266	0.00833831617092784	0.292637009635593	0.923320114456029	0.0817059052098629	0.654081844122287	0.215444418714454	0.000456920705233446	0.00108855863287678	0.135335642246216	0.152262647137253	0.938619380689963	0.000265629117110613	0.0782031644057819	0.000265629117110613	0.742930601665136	0.0458499969457689	0.000265629117110613	0.559438853464425	0.170861236140924	0.278708455578769	0.054683780379547	0.046331605027849	0.010997228380774	0.456061904120738	0.041261265446976	0.593332794267837	0.000265629117110613	0.92487658599869	0.196801144757374	0.0300580914988914	0.0878860654271562	0.236479195924756	0.123321814934683	0.363215936835587	0.0193765507802163	0.101819183406387	0.808152069369854	0.264999363699688	0.0572019022697257	0.197847848541581	0.831091941644003	0.000265629117110613	0.0684437725406428	0.967781295921246	0.000265629117110613	0.0773690862129716	0.0689353395492971	0.229333664126026	0.129487440967544	0.373205655346917	0.0448047962554581	0.0409518914613335	0.96507134962032	0.98919263480317	0.749997063133552	0.166690382338362	0.0446183706891226	0.0308787457205262	0.130829030546393	0.257603324539721	0.152582382369747	0.517303003448121	0.0739993706285217	0.66097427434679	0.92410729429349	0.836146768922544	0.203080741959397	0.506422518341668	0.000265629117110613	0.0441353576001546	0.0844223153795742	0.202145178501113	0.448545831155158	0.02954285846144	0.000265629117110613	0.0515914435232763	0.000265629117110613	0.206484981568793	0.000265629117110613	0.999984477171034	0.000240415516173593	0.0160675473080351	0.000265629117110613	0.00199803927935776	0.288294285293417	0.999984477171034	0.710620823250577	0.183879238114055	0.975772294251203	0.000265629117110613	0.575950603597852	0.0178215408341421	0.156453533988902	0.32296694191839	0.299045245082965	0.212656097183599	0.161801895451316	0.0918875786443146	0.982222502260414	0.115468520394183	0.218972444921246	0.262132822337779	0.252458295798652	0.000265629117110613	0.322387664110887	0.190343863661815	0.315306931161342	0.999984477171034	0.101089285611049	0.000265629117110613	0.0551435511642406	0.90620081849077	0.0264006613387031	0.472899879009563	0.0662434099414365	0.973609050411843	0.964866746030701
"SRR5928387"	0.614372517799158	0.119852684001726	0.284103216967868	0.299831114662532	0.0283334743675916	0.23163521587476	0.323258913919097	0.105115734554825	0.139223968007381	0.0533870208340731	0.114401102465446	0.961473083505491	0.962253746164711	0.265585098869226	0.972850573309089	0.246078373268646	0.301829261369749	0.323258913919097	0.152279427100409	0.202397151045081	0.0953764467458877	0.211247395144467	0.323258913919097	0.285314051332158	0.105675449006365	0.172815919237489	0.652862274331648	0.323258913919097	0.215003409714311	0.255862871919344	0.249198520382778	0.972850573309089	0.18244029122485	0.323258913919097	0.620355200185436	0.932851622734194	0.323258913919097	0.00527608228198529	0.0965894193529901	0.305716192353623	0.219753046825648	0.0340272816476272	0.323258913919097	0.323258913919097	0.173336995547466	0.0333182338240401	0.322430800557862	0.310836665378695	0.0598301040297447	0.199061037934033	0.950080949824625	0.947158957927393	0.287245314470167	0.0371439074414179	0.0494808304268866	0.00159367349213917	0.315516700784155	0.0123675645188602	0.322848492943063	0.323258913919097	0.958580727856699	0.127450471637028	0.284653788406686	0.230671405311792	0.20472738543086	0.0441073298046901	0.258266915109637	0.280093906996489	0.94957952894194	0.245450547206642	0.310308609272039	0.0396376356987585	0.168358644926206	0.285902564729912	0.117488523522163	0.0484165320371889	0.0350581031807233	0.112774207574488	0.276700646773042	0.323258913919097	0.237362076670218	0.0124006185064766	0.103703122486498	0.0512598300000274	0.319913573788894	0.31279364523185	0.139843761201132	0.177591204779591	0.199463870055245	0.0737603242200005	0.383446301451551	0.197557544625857	0.010296340025971	0.0841874227493844	0.2478183405172	0.289933231014906	0.290642798070745	0.293659370046946	0.323019401031064	0	0.797496370001557	0.474173945042796	0.323258913919097	0.105268256051429	0.183456759754141	0.323258913919097	0.0814058896538709	0.972850573309089	0.251147888059317	0.405283649429114	0.114227440824975	0.308578162891645	0.0591377576605701	0.30564090616949	0.35332006672422	0.149685805762987	0.315481169775132	0.033350770780577	0.834708034574592	0.247463114707556	0.413279101149625	0.115118327847631	0.322607313483514	0.322037463337564	0.195740843400143	0.179048547015777	0.861555882929898	0.323258913919097	0.250781140943872	0.323258913919097	0.542493246237744	0.281089239320153	0.323258913919097	0.284894866855372	0.160498809985778	0.0484150127783557	0.27287404435992	0.280642510013113	0.313069320574215	0.154468899166426	0.285339000683361	0.329835790367316	0.323258913919097	0.837423516499625	0.134254256990121	0.295664300363498	0.24159114641517	0.0932469511530496	0.20747974127455	0.0451885728885474	0.305442926176219	0.228269272373591	0.643239229821554	0.0631063387925657	0.270524026202297	0.133186011782159	0.679945447796587	0.323258913919097	0.259987795402076	0.913711223974614	0.323258913919097	0.251570167336892	0.259525404147288	0.10071041585344	0.201466367257302	0.0566122914536792	0.282058288584559	0.28562508894979	0.908809360634274	0.952847353159251	0.553158510220787	0.164677937607382	0.28223106588536	0.29491036318839	0.200154795049143	0.0709770897818201	0.178731510783899	0.230558918696882	0.254753701949611	0.422990140916374	0.83608093275266	0.688126059668887	0.12783455250061	0.216795513096485	0.323258913919097	0.282678625071357	0.244884957007414	0.128792646199217	0.145356569706429	0.296137452232184	0.323258913919097	0.275754941255361	0.323258913919097	0.124343422031105	0.323258913919097	0.972850573309089	0.322802589415871	0.308459264748453	0.323258913919097	0.321216564638454	0.0380625961190016	0.972850573309089	0.494473807435033	0.147382751774696	0.928232571839016	0.323258913919097	0.306647931469303	0.306861163532904	0.174887899800558	5.81734689547658e-05	0.026372870590602	0.117995087434142	0.169561927005226	0.237777068293588	0.940027390799085	0.21510526219985	0.111470910536145	0.0661614345694991	0.0764297286903346	0.323258913919097	0.000700414998381763	0.140828465395934	0.00853054788945944	0.972850573309089	0.228970041037748	0.323258913919097	0.272445239964675	0.805075232665396	0.299019777514125	0.175059520995349	0.262055831425146	0.924291597351053	0.908439729507344
"SRR5928442"	0.339958540515741	0.841606293840307	0.891427573956375	0.895671982158375	0.808625751080177	0.876650654365654	0.901844742209181	0.836579371964297	0.84806081455885	0.775185387805736	0.74729070757648	0.589788996605712	0.59384897032199	0.886323040222313	0.650706809180266	0.880816410301131	0.896205360619067	0.901844742209181	0.72852133457168	0.867977577076099	0.756283878429214	0.870637571515357	0.901844742209181	0.891757269219015	0.836772179302743	0.717832213648489	0.283728038352324	0.901844742209181	0.871757263665409	0.883595429535271	0.674516104449661	0.650706809180266	0.861865306960224	0.901844742209181	0.331617708400181	0.45191019624502	0.901844742209181	0.799604554154677	0.755718761180733	0.89723919563638	0.691919300813966	0.810806554844706	0.901844742209181	0.901844742209181	0.859023369515906	0.783787555061037	0.901629531782824	0.634835752434284	0.820465689786724	0.866966905846139	0.532431898870197	0.518267843133289	0.892282107765446	0.811992580856269	0.776880819084393	0.79685629102183	0.899824247491711	0.802412051716878	0.901738108770395	0.901844742209181	0.574894856962071	0.844158306466492	0.891577549005359	0.87636992683869	0.868680915157676	0.81462308338156	0.884272998041937	0.890332352704149	0.529985917025202	0.880636916255412	0.898454366210414	0.812937682038124	0.857454599978605	0.891917335912247	0.745804670898443	0.816237631911865	0.811199430656677	0.748070735712026	0.889401151371044	0.901844742209181	0.878311595092569	0.802425068334113	0.836092094556924	0.817297433828832	0.90097402888565	0.89910908608899	0.84826452445606	0.86035574845697	0.703384111568268	0.825532966846027	0.581474923786817	0.866509983033019	0.801595127289164	0.829260694543238	0.881313117288837	0.893010493167411	0.893202372617988	0.894016236861132	0.901782519646234	0.797496370001557	0	0.502099523357374	0.901844742209181	0.751642727474346	0.712143341412608	0.901844742209181	0.762713643005243	0.650706809180266	0.882260556291833	0.563790603610628	0.839699558250301	0.89799728257422	0.820211193110661	0.897219217842952	0.604576026346451	0.729844882918128	0.899814931138406	0.810548394561751	0.0997058542324202	0.881211800195214	0.557105412188342	0.840002521937678	0.901675422099343	0.901527235652276	0.865956673905349	0.860810449014649	0.181443805323672	0.901844742209181	0.882156391994154	0.901844742209181	0.43028358184826	0.890604755257203	0.901844742209181	0.652105592149415	0.854956513267912	0.816237064460867	0.888346304360223	0.890482535978033	0.899181594972504	0.727399487727257	0.89176405742801	0.621620414282667	0.901844742209181	0.107569492167983	0.84642117195736	0.89455549340374	0.879530375367865	0.832455219660128	0.869508919585127	0.778731945872169	0.897166673493266	0.875668751865402	0.298375988289726	0.821666560613444	0.88769599751852	0.846067276189087	0.240181059999596	0.901844742209181	0.884756763298273	0.370239955113673	0.901844742209181	0.882380433182953	0.884626880985077	0.83505659220781	0.867696039689452	0.773777671649494	0.890869641836391	0.891841881233989	0.350513204168579	0.546043086267782	0.417935111484792	0.856288030032	0.890916836557587	0.894352866471961	0.867298743205459	0.824528579040098	0.860711606259418	0.685640799120045	0.88328212281051	0.548827567227015	0.103670797073796	0.22630676924232	0.844286609465031	0.693616494268427	0.901844742209181	0.891039041931796	0.880475092902136	0.8446063685067	0.732041239431678	0.894682561076021	0.901844742209181	0.889140923968492	0.901844742209181	0.843117901640875	0.901844742209181	0.650706809180266	0.901726179065879	0.897965841165285	0.901844742209181	0.901313585778499	0.812341156169085	0.650706809180266	0.481984552172174	0.850728726566817	0.43149184417736	0.901844742209181	0.637683429029488	0.897542796671542	0.859509969905892	0.797519705666361	0.807870581442536	0.840978278248744	0.857834729676128	0.87843148262051	0.484585579988103	0.871787550821477	0.838759776671423	0.822781303303052	0.826492546642088	0.901844742209181	0.797777198559059	0.84858781845988	0.800896676439743	0.650706809180266	0.875873527000652	0.901844742209181	0.888227785928633	0.0191643932887896	0.895455033469218	0.716641433446471	0.88533673717403	0.414436909609354	0.34904420896074
"SRR5928197"	0.193190700552412	0.563854353688496	0.672921224264953	0.682624849388156	0.496230070462755	0.639656852521245	0.696858257494267	0.553321663957056	0.577500766145059	0.431061606213567	0.379137993090371	0.853817213687879	0.855707623774553	0.661339949517078	0.881598763268836	0.648953787785582	0.683849046035135	0.696858257494267	0.345376072254749	0.620499941353959	0.395645189289717	0.626346895002346	0.696858257494267	0.673672566368761	0.553724117194469	0.326554060288556	0.252200889429306	0.696858257494267	0.628815579900144	0.655190842162653	0.253139736431147	0.881598763268836	0.607158550052475	0.696858257494267	0.202178874104924	0.786068272692128	0.696858257494267	0.478323280251031	0.39460147150537	0.686224931022455	0.282098541393008	0.500596071974748	0.696858257494267	0.696858257494267	0.600999604915011	0.447512744681494	0.696359580226808	0.189657929435323	0.520110638958882	0.618284910224045	0.826491018454415	0.819559680989717	0.674869455999252	0.50297664794468	0.434287285618713	0.472916765624405	0.692183399507925	0.483869697108879	0.696611148510203	0.696858257494267	0.84683332241109	0.569233357517409	0.673262952010173	0.639032586921348	0.622043527304195	0.508272052027706	0.656715804141056	0.670428229482345	0.82529935265697	0.648551908110543	0.68902271004073	0.504876747092609	0.597611746041716	0.674037488189474	0.376431207579291	0.511532884179716	0.501384167549385	0.380561153444683	0.668312088688597	0.696858257494267	0.643356154214643	0.483895467637634	0.552305094226068	0.513677729520614	0.694841763477004	0.690532438883668	0.577933721389063	0.603883615322453	0.301565990581157	0.530465071151263	0.10946837750961	0.617284675218589	0.482253357539057	0.538134375451776	0.650066503449812	0.676532235655228	0.676970593585491	0.678831437278596	0.696714059602557	0.474173945042796	0.502099523357374	0	0.696858257494267	0.387099048094475	0.316653701932082	0.696858257494267	0.407581768743207	0.881598763268836	0.652191428312826	0.0841097372551437	0.559849481053703	0.68796967642825	0.519592739619678	0.686178981283466	0.143488841551163	0.347726860110177	0.692161880079017	0.500078469604862	0.574714784632376	0.649839461668063	0.0746733619273342	0.560485020160788	0.696465900654953	0.696122605603717	0.616074423518794	0.604869242851147	0.629541096197472	0.696858257494267	0.651957647902617	0.696858257494267	0.0901556912704209	0.671047868531902	0.696858257494267	0.216863540892964	0.592234375828884	0.511531736700095	0.665918845433237	0.670769820019588	0.690699738246921	0.343387042512168	0.673688040263971	0.169264393290346	0.696858257494267	0.580164676860961	0.574021011287291	0.680065776432597	0.64607698770726	0.544742152963042	0.623862947002636	0.437818532770969	0.686058134333586	0.637474589805565	0.237180660752477	0.522557153974665	0.664445474866299	0.573271130696544	0.295468711633854	0.696858257494267	0.657805612618031	0.742393478490841	0.696858257494267	0.652460522064935	0.657512934404756	0.550147374283949	0.619882551109634	0.428389521097871	0.671650675277196	0.673865453880405	0.731410391146513	0.833082285831509	0.104888903530165	0.595097936877406	0.671758104457909	0.679601842666427	0.619011783832402	0.528406252866447	0.604654926475011	0.271569855909171	0.654486269050493	0.0631005186011458	0.577467515443171	0.308834998411257	0.56950435844592	0.284960604652139	0.696858257494267	0.672036318622409	0.648189692532612	0.570179990004265	0.351637792021795	0.680356788625761	0.696858257494267	0.667721300547096	0.696858257494267	0.567037838770752	0.696858257494267	0.881598763268836	0.696583505688492	0.687897270483131	0.696858257494267	0.695627802716127	0.503677127870302	0.881598763268836	0.0260511239188559	0.583182068411439	0.775411770992628	0.696858257494267	0.19410015782991	0.686923411337002	0.602052169852803	0.474219801708419	0.494721604904087	0.562533957487922	0.598431884575302	0.643623556126053	0.802773546041164	0.628882418445922	0.557879982807932	0.524832270473677	0.532435038492189	0.696858257494267	0.474725906100737	0.578621120843502	0.480873019192427	0.881598763268836	0.637929413916359	0.696858257494267	0.665650207245449	0.516583536604875	0.682127220588333	0.324475077583778	0.659113286362626	0.766378806296622	0.730585476977324
"SRR5928166"	0.789918004018251	0.211107412683941	0.0428621292896069	0.0257805448813232	0.29749098567285	0.0985734744819501	0	0.225353219453453	0.192178715481573	0.370623462897448	0.422933222968152	0.99387729845637	0.994298453627036	0.0627460108210006	1	0.0834293689073278	0.0235975263877474	0	0.454473602144294	0.128796151422031	0.406825216843403	0.11970853991261	0	0.0415534427287181	0.224814571131965	0.471285003128532	0.814307209533871	0	0.115835952775654	0.0730879693622319	0.53209815559818	1	0.149098021863205	0	0.793740508590241	0.978328847759373	0	0.318494300745317	0.407857638748481	0.0193425831031976	0.508968625610609	0.292258550331894	0	0	0.158272219562691	0.352997340942746	0.000918227514612389	0.579288883634392	0.268315006107857	0.132208214846732	0.987713759216728	0.9861275139052	0.0394639192461285	0.289386697902839	0.367209340042813	0.324695087160471	0.00856472455289591	0.312066076339471	0.000455146581871004	0	0.992315567839666	0.203710894636597	0.0422671949807137	0.09957896325717	0.126408483099887	0.28295021396529	0.0705368655766861	0.0471879203051778	0.987441711262309	0.0840906559565809	0.0143010309413297	0.287084850056646	0.163266679397202	0.0409169877283617	0.42553032856801	0.27895322831771	0.291309296933554	0.421562797826278	0.0508400251051903	0	0.0925858518296457	0.312036048631359	0.226711821938746	0.276310104656458	0.00370622680179141	0.0115664650107119	0.191569234109308	0.15399156536643	0.492803953859615	0.255228639622088	0.632845377741935	0.133743526792714	0.313946459594652	0.245358655038622	0.0815952387702846	0.0365512527045784	0.0357814829533202	0.0325048963705549	0.000265629117110613	0.323258913919097	0.901844742209181	0.696858257494267	0	0.415223082267023	0.47991742455449	0	0.394880548827371	1	0.0780796401834517	0.648540306477995	0.216560805809361	0.0162025401616356	0.268962464241624	0.0194251027592709	0.61088385682674	0.452336138707827	0.00860392734456794	0.292881202340411	0.923372507542861	0.0819698592337277	0.65424044439537	0.215698424956381	0.000722549739770702	0.0013541873812969	0.135596681575583	0.152522467827146	0.938664650533188	0	0.0784672587498591	0	0.743058159802185	0.0461150972356706	0	0.559626178932729	0.171119552612329	0.278954639376268	0.054948657965531	0.0465966941822048	0.0112628265192701	0.456275487845523	0.0415264660166822	0.59351034730028	0	0.924928259748207	0.197057074337501	0.0303234926490061	0.0881497569069348	0.236730823395616	0.123583632233277	0.363448548832759	0.0196420847064335	0.102082212896504	0.808254328422367	0.265247412473984	0.0574667092234119	0.198103674744165	0.8311847969096	0	0.0687082254771207	0.967812664100625	0	0.0776332130656639	0.0691997755633537	0.229586124485665	0.129748868021474	0.373436426963098	0.0450699203129468	0.0412170984129501	0.965104027563601	0.98921352543248	0.750121982948833	0.166949051189265	0.0448834989284543	0.0311441343087357	0.131090370167521	0.25785234043387	0.152842178661631	0.517501676779081	0.0742636252748115	0.661130607739506	0.924159323729438	0.836237516682085	0.203336043118539	0.506623977745115	0	0.0444004965934228	0.0846861563586812	0.202400574535605	0.448761115614145	0.0298082673261764	0	0.0518564035089643	0	0.206739933810011	0	1	0.000506044602855559	0.0163331107879758	0	0.00226366726524606	0.288539109202013	1	0.710760126486081	0.184136398785737	0.975799778871248	0	0.57613324008585	0.01808708933079	0.156713030827943	0.323206463284583	0.299288489139826	0.212910402138759	0.16206096623668	0.0921510899434204	0.982246828852107	0.115730807222786	0.219226067632672	0.262381249193152	0.252707968331322	0	0.322627279005327	0.190600418876943	0.315547675724785	1	0.101352352190172	0	0.0554084160905273	0.906261043504963	0.0266661143774895	0.473109550115581	0.0665079371450311	0.97363758950137	0.964899522713396
"SRR5928427"	0.54211670537549	0.222477996241157	0.378707162740015	0.393407802440409	0.133227579280192	0.329342026163712	0.415223082267023	0.20821462840147	0.241164249202118	0.0521572315553701	0.0092375935509279	0.946395792346218	0.947339713194526	0.361341298723501	0.960168621786417	0.342981037719684	0.395272255347474	0.415223082267023	0.0477316154475358	0.301614647128786	0.00998621433314164	0.310024225424978	0.415223082267023	0.379840495892758	0.208757109415483	0.0687248645044692	0.585480764287099	0.415223082267023	0.313588856431585	0.352199129294596	0.147575389958552	0.960168621786417	0.28259828280035	0.415223082267023	0.548833887917037	0.911899921182852	0.415223082267023	0.110486558789566	0.00876272898605482	0.398897062660205	0.117033967441885	0.13882731197238	0.415223082267023	0.415223082267023	0.273899429614825	0.0721884202293918	0.414453641216644	0.212103213713237	0.164125057776538	0.298440888743947	0.9326395952941	0.929116764550796	0.381647598341975	0.141889777170965	0.0560623806216474	0.103690961784469	0.408024628997942	0.117491793270421	0.414841755153008	0.415223082267023	0.942899971884783	0.229815547741381	0.379222526854422	0.328430518462572	0.303830258421319	0.148725382863016	0.354461338821826	0.374952585242249	0.932034908902021	0.342388959441207	0.403176287889368	0.14433881222021	0.269135727027115	0.380391245101227	0.0123642521895022	0.152950783985086	0.139840428615623	0.00759080126132455	0.371772647314298	0.415223082267023	0.334754599660295	0.117524422220518	0.206845245298309	0.155736821753377	0.412114009721933	0.405490274898053	0.24176095603015	0.277966552314957	0.096095468099809	0.177729204644612	0.289168315344338	0.297009891252107	0.115446776410989	0.187887848657339	0.344621557114748	0.384161589674282	0.384825026021822	0.387644470985876	0.415000551586306	0.105268256051429	0.751642727474346	0.387099048094475	0.415223082267023	0	0.0796366070889416	0.415223082267023	0.0240564732590923	0.960168621786417	0.347759265220207	0.312571697805104	0.217038386017403	0.40156429758225	0.163447943328369	0.398826879309426	0.257053949077899	0.0450864787348479	0.407991568747517	0.138162308380056	0.795233154898196	0.344286679110062	0.321166952075966	0.217900273481173	0.41461765836361	0.414088129288101	0.295280229977304	0.279359030302803	0.82690155348685	0.415223082267023	0.347413748106443	0.415223082267023	0.462070969636942	0.375884949793047	0.415223082267023	0.184846347543796	0.261605358529379	0.152949294904323	0.368184111233925	0.3754665040899	0.40574690694261	0.0499656506278975	0.379863845542779	0.232157387745856	0.415223082267023	0.798427848481131	0.236377036499757	0.389517476939521	0.338747728109093	0.196697240148424	0.306445935420713	0.0603499911875038	0.398642313379199	0.326158000304588	0.574605934656731	0.16732796140387	0.365978981956889	0.235347411705559	0.616206371853419	0.415223082267023	0.356080045227167	0.888951137267999	0.415223082267023	0.34815706953252	0.355645160437994	0.203942867673401	0.30072936768737	0.0489305286930183	0.376792522095197	0.380131582389692	0.883089337046563	0.935976920964904	0.473871709990796	0.265610743885251	0.376954320503706	0.3888132336646	0.299481644024173	0.175014101251854	0.279056138548796	0.128220838194355	0.351155043599217	0.331625617852101	0.796848099397415	0.625522013267776	0.230186183448256	0.113976424156291	0.415223082267023	0.377373415098377	0.341855511779524	0.231110616617286	0.0406743278719545	0.389959389953583	0.415223082267023	0.370886023955002	0.415223082267023	0.226816238814004	0.415223082267023	0.960168621786417	0.414799103759094	0.401453518798978	0.415223082267023	0.413325213274691	0.142792141206493	0.960168621786417	0.409264126165376	0.249013345470865	0.906353034046442	0.415223082267023	0.207692353590011	0.399964303382559	0.275382520568255	0.105325822206903	0.131297910015286	0.220682363394314	0.270287551748673	0.335146583476017	0.920528206675249	0.313685482945797	0.214370630880026	0.170312813643149	0.180331867726891	0.415223082267023	0.105961314810018	0.242708832778975	0.113702664704132	0.960168621786417	0.326821066067273	0.415223082267023	0.367781819108822	0.760492409113034	0.392650546220586	0.0710236367210884	0.358024583629135	0.901624849987576	0.882647574487676
"SRR5928417"	0.482076539518469	0.297157340454707	0.445687594362049	0.45948979226527	0.210758720946934	0.39912216290435	0.47991742455449	0.283426170943176	0.315102711378953	0.131280406721832	0.070447810723452	0.932966713136319	0.934053896778221	0.429344889912255	0.948846345885214	0.412021249609173	0.461238185844114	0.47991742455449	0.0320195931579512	0.372819470923916	0.0895557615321083	0.380808241663308	0.47991742455449	0.446752715449712	0.283948939794284	0.0109682649392732	0.529071270172833	0.47991742455449	0.384191531232294	0.4207246965115	0.0686989913720989	0.948846345885214	0.354718288479197	0.47991742455449	0.489335258303486	0.893348592553761	0.47991742455449	0.188560990743348	0.0883412901762534	0.464635995985712	0.0377284528554515	0.216213178188368	0.47991742455449	0.47991742455449	0.346421214847895	0.151007626924169	0.479198029606113	0.134607449362586	0.240798221787245	0.369801963130322	0.917141458463735	0.91309440591018	0.448450689555358	0.219194275837019	0.135130927050543	0.181913164941781	0.473184026027127	0.195406865689014	0.479560909839394	0.47991742455449	0.928941759868464	0.304209863881436	0.446171962014607	0.398259187115532	0.374925170836828	0.225843380185366	0.422858816149942	0.442157736174797	0.916446627090265	0.411461826045503	0.468644934669448	0.221577267062231	0.341873040469968	0.447270253096654	0.0673347823698826	0.22995012601071	0.217199527008671	0.0720868368191854	0.439166611807484	0.47991742455449	0.404244181228309	0.195438735694508	0.28210636089955	0.232656520678501	0.477010078102813	0.470811724365538	0.315674945847247	0.350301806507538	0.0165783180638555	0.253981046681016	0.214175676861783	0.368440957021364	0.193409107110091	0.263807779648782	0.413571036978443	0.450812120586271	0.451435152320948	0.4540822154435	0.479709376023013	0.183456759754141	0.712143341412608	0.316653701932082	0.47991742455449	0.0796366070889416	0	0.47991742455449	0.103506370398768	0.948846345885214	0.416534173162649	0.2385256223817	0.291924103612732	0.467135054898982	0.240141383515557	0.464570224769626	0.180904258040338	0.0346673303856676	0.473153085357157	0.215565664199385	0.760973179049764	0.413254710227321	0.247490503521734	0.292753571974512	0.479351385476517	0.47885626315289	0.366795513613251	0.351629888322913	0.796661428520479	0.47991742455449	0.416207946084031	0.47991742455449	0.396160497838147	0.443034477171912	0.47991742455449	0.106688497735195	0.334676874438274	0.22994867919865	0.43578948330044	0.442641010096931	0.471051986582899	0.0297825404053364	0.446774657900833	0.155222913913706	0.47991742455449	0.764565217134322	0.310510012508853	0.455840103983807	0.408020353410207	0.272317399868599	0.377410209774236	0.139355973220777	0.464397258521976	0.39610716449312	0.517255937609347	0.243904321794925	0.433713384974421	0.309521800015334	0.562563341054334	0.47991742455449	0.424385436007487	0.867113808293703	0.47991742455449	0.416909747871569	0.423975326829984	0.279308169773259	0.37197791684212	0.128097146681084	0.443887790482388	0.447026253877504	0.860428169380696	0.920977522544017	0.408759463579469	0.338505490236372	0.444039903949023	0.455179200712825	0.370791634696115	0.251352150756748	0.351341027140194	0.049055879214604	0.419739490675432	0.258414912293286	0.76278875577793	0.572749729969639	0.304565899790828	0.0346358288750001	0.47991742455449	0.444433895656643	0.410957757987017	0.305453833631519	0.0390814746869371	0.456254786493715	0.47991742455449	0.438332385611817	0.47991742455449	0.30132798555986	0.47991742455449	0.948846345885214	0.479521032479965	0.467031280317521	0.47991742455449	0.478142851418242	0.220072406316415	0.948846345885214	0.340063471355024	0.322625879276141	0.886998577695274	0.47991742455449	0.130081584667956	0.465636060915408	0.347836555223482	0.183513089136121	0.208878062786977	0.295430296466016	0.342973044136906	0.404614965263057	0.903237435456536	0.384283217521731	0.289356024866409	0.246797634609552	0.256500080949301	0.47991742455449	0.184134896509784	0.316583844528527	0.191704820068768	0.948846345885214	0.396735146541977	0.47991742455449	0.435410780726856	0.722029336442351	0.458779538474598	0.00865908548921801	0.426218874427021	0.881590277783537	0.859924574939141
"SRR5928363"	0.789918004018251	0.211107412683941	0.0428621292896069	0.0257805448813232	0.29749098567285	0.0985734744819501	0	0.225353219453453	0.192178715481573	0.370623462897448	0.422933222968152	0.99387729845637	0.994298453627036	0.0627460108210006	1	0.0834293689073278	0.0235975263877474	0	0.454473602144294	0.128796151422031	0.406825216843403	0.11970853991261	0	0.0415534427287181	0.224814571131965	0.471285003128532	0.814307209533871	0	0.115835952775654	0.0730879693622319	0.53209815559818	1	0.149098021863205	0	0.793740508590241	0.978328847759373	0	0.318494300745317	0.407857638748481	0.0193425831031976	0.508968625610609	0.292258550331894	0	0	0.158272219562691	0.352997340942746	0.000918227514612389	0.579288883634392	0.268315006107857	0.132208214846732	0.987713759216728	0.9861275139052	0.0394639192461285	0.289386697902839	0.367209340042813	0.324695087160471	0.00856472455289591	0.312066076339471	0.000455146581871004	0	0.992315567839666	0.203710894636597	0.0422671949807137	0.09957896325717	0.126408483099887	0.28295021396529	0.0705368655766861	0.0471879203051778	0.987441711262309	0.0840906559565809	0.0143010309413297	0.287084850056646	0.163266679397202	0.0409169877283617	0.42553032856801	0.27895322831771	0.291309296933554	0.421562797826278	0.0508400251051903	0	0.0925858518296457	0.312036048631359	0.226711821938746	0.276310104656458	0.00370622680179141	0.0115664650107119	0.191569234109308	0.15399156536643	0.492803953859615	0.255228639622088	0.632845377741935	0.133743526792714	0.313946459594652	0.245358655038622	0.0815952387702846	0.0365512527045784	0.0357814829533202	0.0325048963705549	0.000265629117110613	0.323258913919097	0.901844742209181	0.696858257494267	0	0.415223082267023	0.47991742455449	0	0.394880548827371	1	0.0780796401834517	0.648540306477995	0.216560805809361	0.0162025401616356	0.268962464241624	0.0194251027592709	0.61088385682674	0.452336138707827	0.00860392734456794	0.292881202340411	0.923372507542861	0.0819698592337277	0.65424044439537	0.215698424956381	0.000722549739770702	0.0013541873812969	0.135596681575583	0.152522467827146	0.938664650533188	0	0.0784672587498591	0	0.743058159802185	0.0461150972356706	0	0.559626178932729	0.171119552612329	0.278954639376268	0.054948657965531	0.0465966941822048	0.0112628265192701	0.456275487845523	0.0415264660166822	0.59351034730028	0	0.924928259748207	0.197057074337501	0.0303234926490061	0.0881497569069348	0.236730823395616	0.123583632233277	0.363448548832759	0.0196420847064335	0.102082212896504	0.808254328422367	0.265247412473984	0.0574667092234119	0.198103674744165	0.8311847969096	0	0.0687082254771207	0.967812664100625	0	0.0776332130656639	0.0691997755633537	0.229586124485665	0.129748868021474	0.373436426963098	0.0450699203129468	0.0412170984129501	0.965104027563601	0.98921352543248	0.750121982948833	0.166949051189265	0.0448834989284543	0.0311441343087357	0.131090370167521	0.25785234043387	0.152842178661631	0.517501676779081	0.0742636252748115	0.661130607739506	0.924159323729438	0.836237516682085	0.203336043118539	0.506623977745115	0	0.0444004965934228	0.0846861563586812	0.202400574535605	0.448761115614145	0.0298082673261764	0	0.0518564035089643	0	0.206739933810011	0	1	0.000506044602855559	0.0163331107879758	0	0.00226366726524606	0.288539109202013	1	0.710760126486081	0.184136398785737	0.975799778871248	0	0.57613324008585	0.01808708933079	0.156713030827943	0.323206463284583	0.299288489139826	0.212910402138759	0.16206096623668	0.0921510899434204	0.982246828852107	0.115730807222786	0.219226067632672	0.262381249193152	0.252707968331322	0	0.322627279005327	0.190600418876943	0.315547675724785	1	0.101352352190172	0	0.0554084160905273	0.906261043504963	0.0266661143774895	0.473109550115581	0.0665079371450311	0.97363758950137	0.964899522713396
"SRR5928364"	0.559305194617648	0.199426503335058	0.357719241237122	0.372672243335916	0.109501553200242	0.307580078938839	0.394880548827371	0.185030810828297	0.218300266160815	0.0281339961971679	0.0332871017884421	0.950085451419803	0.950989656106785	0.340068197458828	0.963275026756023	0.321421646807753	0.374569420875037	0.394880548827371	0.07171055744267	0.279467461286938	0.0140734423086579	0.287990123298267	0.394880548827371	0.3588716727098	0.185578153596796	0.0926371306714006	0.60155951615853	0.394880548827371	0.291603674785301	0.330781520897366	0.171060055279578	0.963275026756023	0.260207433079532	0.394880548827371	0.565855842993888	0.917015029811348	0.394880548827371	0.0866469309557557	0.0152967804497579	0.378258313119573	0.140717407586691	0.115132883191276	0.394880548827371	0.394880548827371	0.251402683641589	0.0482107783837984	0.39409686852427	0.235030517474132	0.140591246372606	0.27625187498322	0.936903759500929	0.933526760061237	0.360709350931732	0.118213235008876	0.0320466023725945	0.079821966805139	0.387549958824316	0.0936846437178135	0.39449216143862	0.394880548827371	0.946736390443881	0.206835769455853	0.358243282591042	0.306655341377822	0.281712548722513	0.12509031141902	0.333079127384392	0.35390181993943	0.93632414226384	0.32082059646804	0.382613979948298	0.120676882414632	0.246582469050795	0.359431724396001	0.0364105282126872	0.129342416262475	0.11615186958487	0.0316418340443757	0.350669168638138	0.394880548827371	0.313072004532455	0.0937174291847048	0.18364921532887	0.132146508093441	0.391714109275931	0.384969657691399	0.218903225422009	0.255518883190181	0.119890979493826	0.15429387943914	0.311186530731215	0.274802170191689	0.0916299141360432	0.16453159721838	0.323087110703706	0.363266130862022	0.363940908007566	0.366808776870875	0.394653897166245	0.0814058896538709	0.762713643005243	0.407581768743207	0.394880548827371	0.0240564732590923	0.103506370398768	0.394880548827371	0	0.963275026756023	0.326272875933082	0.334261577155832	0.193935325843111	0.380973093941565	0.139909451447223	0.378186883156121	0.279483122803151	0.0690724114881588	0.38751629727724	0.114464052234383	0.804793022887138	0.322747130663267	0.342730146847741	0.194805293298666	0.394263918654992	0.393724602104101	0.273050023506448	0.256928339215247	0.835312491813126	0.394880548827371	0.325922044517446	0.394880548827371	0.481092151728857	0.354849729208726	0.394880548827371	0.208031800588248	0.238964902007397	0.12934091762714	0.347021709903767	0.354424302032976	0.385230928787798	0.0739384423830441	0.358895416463019	0.254873582770533	0.394880548827371	0.807873763387984	0.213463485027767	0.368714155957821	0.317124544902914	0.1734133914878	0.284363316354411	0.0363431986610423	0.377999040017573	0.304350006813787	0.5909706841765	0.143816574225442	0.344780669679827	0.212423336947604	0.631449266541037	0.394880548827371	0.334723307505317	0.89498648142603	0.394880548827371	0.326676805616912	0.334281566957476	0.18072123844908	0.278570467667437	0.0249016545863881	0.355772471670078	0.359167674072601	0.889356136716857	0.9401024462493	0.492640342247577	0.243016342596222	0.355936978573662	0.367997721370481	0.277306295396726	0.151558443052362	0.256621746784573	0.151836328362228	0.329721178368668	0.353030249237509	0.806350417882285	0.640503381550238	0.207210093311713	0.137677458071032	0.394880548827371	0.356363094440231	0.320279079118175	0.208143752930018	0.0646712185843504	0.36916373080203	0.394880548827371	0.349767931576621	0.394880548827371	0.20380684720265	0.394880548827371	0.963275026756023	0.394448720774933	0.380860333836187	0.394880548827371	0.392947607803329	0.119120951164085	0.963275026756023	0.429340506831076	0.226232917392403	0.911692626786819	0.394880548827371	0.230663682876964	0.379344538655315	0.252903582239095	0.0814636998770325	0.107561327444957	0.197613697599157	0.24774786197806	0.313469787797186	0.925291522143623	0.291701635569278	0.191242777467199	0.146822746979205	0.156916350608369	0.394880548827371	0.0821018968700307	0.21986106793975	0.0898776696355741	0.963275026756023	0.305022622904517	0.394880548827371	0.346612849539575	0.771263162086291	0.37190174202368	0.0949273948378473	0.33669860798683	0.907154758918523	0.888931757930566
"SRR5928162"	0.819890850311056	0.984606587639963	0.997390537596522	0.998456342552489	0.975856814728263	0.993651801270829	1	0.983288040969203	0.986291751954434	0.966740269269541	0.958939566791961	0.0953864824409376	0.0893774086493869	0.996103990019685	0	0.994710237575932	0.998590025067636	1	0.953586986629936	0.991436827235752	0.961474395132892	0.992117782086746	1	0.997473455132891	0.98333871278213	0.950500490572356	0.796051333520179	1	0.992403989021337	0.995414382282538	0.937700077442916	0	0.989866590963143	1	0.816440902000499	0.274915490743484	1	0.973422143446276	0.961315672556806	0.998848978218084	0.94290026582707	0.976442678642617	1	1	0.989133875762314	0.969109511037357	0.999946307638425	0.925544772030592	0.979025038537934	0.991177716796368	0.175538285822752	0.194060485233614	0.997605406037203	0.976760860722562	0.967208570220713	0.97267683897663	0.999495551938528	0.974181774291663	0.999973397404974	1	0.117035748808891	0.985273924259246	0.99742825863335	0.993580347519262	0.991617021674165	0.977465460130358	0.995585827989608	0.99711493658714	0.178770879860333	0.994664704032995	0.999153081470907	0.977014187509043	0.988728695227864	0.997513703695838	0.958518864485565	0.977897178982163	0.976548111930604	0.959160185312996	0.996880421165097	1	0.994074234567953	0.974185292146419	0.983159944014414	0.978180253111452	0.99978271149223	0.999316807755856	0.986344794337632	0.989477600978334	0.946283682275812	0.980371652351571	0.908511673655785	0.991060504585148	0.973960918024152	0.981358745213962	0.994836206903823	0.99778844025527	0.997836639610726	0.998040997680602	0.999984477171034	0.972850573309089	0.650706809180266	0.881598763268836	1	0.960168621786417	0.948846345885214	1	0.963275026756023	0	0.995076347892105	0.902684101146571	0.984107087871062	0.999038727999976	0.978957260037635	0.99884397622181	0.915985445019826	0.953967219068785	0.999493224100751	0.976373379538277	0.586850984772695	0.994810516026281	0.900456585430342	0.984186505523959	0.999957757474572	0.999920782810396	0.990918509456747	0.989594819889869	0.527955182054926	1	0.995049954923485	1	0.855463930939873	0.997183506206887	1	0.930886954410647	0.988082436377857	0.977897027349804	0.996614557267413	0.997152742800031	0.99933493489679	0.953264365514167	0.997475162122922	0.921401497427775	1	0.581459440815959	0.985864501075384	0.998176330337283	0.994383856136735	0.982202271521584	0.991829025638616	0.967719124203629	0.998830819905112	0.993401807140564	0.802395250842679	0.979344669231147	0.996450542860555	0.985772210286556	0.776605268563084	1	0.99570817902303	0.362755107730259	1	0.995106719384025	0.995675334579219	0.982887560018971	0.991364669251498	0.966350937598702	0.997250169693944	0.997494731350634	0.382293432626451	0.15728388208779	0.850785660116986	0.98842706328405	0.997262045627944	0.998125485544267	0.991262814574712	0.980105180703459	0.989569342493727	0.941033213165149	0.995335074800223	0.897679472032176	0.584139436139942	0.770218224341959	0.985307438442512	0.943403233441793	1	0.997292794946619	0.994623647565045	0.985390947982909	0.954597254702905	0.998208211027865	1	0.996814854058064	1	0.985002030526128	1	0	0.999970421078304	0.999030860449751	1	0.999867466459677	0.976854316337843	0	0.874457655277955	0.986985738671997	0.297996584112666	1	0.926431257831059	0.998924983458735	0.989259450847145	0.972856905495091	0.975653697418377	0.984442154013025	0.988826921688336	0.994104704384986	0.236270006273742	0.992411727231317	0.983860613497276	0.979641095694842	0.980626032735009	1	0.972926768705193	0.98642895638234	0.973771973589805	0	0.993453959410472	1	0.996584671946329	0.639045990656868	0.998401951799992	0.950154912308976	0.995854800588886	0.316682353443778	0.383724361521194
"SRR5928463"	0.7557257493196	0.135124936838339	0.0353288368819232	0.0523984077437009	0.224317375524561	0.0206434356508413	0.0780796401834517	0.149754640792522	0.115734236653461	0.300738181118751	0.355920279615974	0.987987788359079	0.988475160382592	0.0154046905688354	0.995076347892105	0.00538274409385213	0.0545767959199364	0.0780796401834517	0.389404743257079	0.051201327957272	0.338881160421792	0.0419985172662082	0.0780796401834517	0.0366381241595643	0.149200910127613	0.407318085067911	0.783109357749989	0.0780796401834517	0.0380806079450077	0.00501863735879652	0.472502222877037	0.995076347892105	0.0718054689368013	0.0780796401834517	0.760010673278893	0.97001746748992	0.0780796401834517	0.246178953772983	0.339972013000507	0.0588207017266669	0.447638888471121	0.218881861388052	0.0780796401834517	0.0780796401834517	0.0811366736645342	0.282242354468735	0.0771666218956581	0.523504318581727	0.194063456469099	0.054659850862735	0.980858899172288	0.979025338907959	0.0387280829968684	0.215900364114906	0.297151752203144	0.252646348260057	0.0695587140483186	0.239480713533167	0.0776270911166442	0.0780796401834517	0.986180796128371	0.127541366299559	0.0359240756091675	0.0216578769850208	0.0487821901727	0.209222810772893	0.00758209327113099	0.0309992612715222	0.980544402869422	0.00604840808370856	0.063845735543406	0.213511562262691	0.0862219643850912	0.0372747799757781	0.358671409146259	0.20507937098143	0.217896223971377	0.35446901702998	0.0273418093336623	0.0780796401834517	0.0146056281170229	0.239449439724016	0.151151482736342	0.202340765532649	0.0743936837450029	0.0665697823191062	0.115110788981167	0.0767811761268548	0.430314586983793	0.180536567770513	0.581835948484565	0.056216639637048	0.241439411191716	0.17035186766943	0.00353681493483453	0.0416402821505756	0.042409719466725	0.0456839143813317	0.0778155306878755	0.251147888059317	0.882260556291833	0.652191428312826	0.0780796401834517	0.347759265220207	0.416534173162649	0.0780796401834517	0.326272875933082	0.995076347892105	0	0.599021636669203	0.140721609817608	0.0619508945508466	0.194733399145873	0.0587384214127781	0.557858149392294	0.387130456986488	0.0695196870462088	0.219528455438896	0.906854180652206	0.00391380464384226	0.605273507249853	0.139836267647552	0.0773611999005159	0.0767330921263151	0.0580961902334751	0.0752870317800277	0.924374936811821	0.0780796401834517	0.000389867616459335	0.0780796401834517	0.703404169647758	0.0320732806094439	0.0780796401834517	0.502208699235825	0.0942253007533842	0.205080833304117	0.023224803771503	0.0315911676789269	0.0668721851766611	0.391322545391143	0.0366651105962051	0.538946941689277	0.0780796401834517	0.908634730287835	0.120726426272553	0.0478628492118086	0.0101358027126793	0.161461249696319	0.0459212146246928	0.293203300148268	0.0585220640350689	0.0241840711817626	0.776303589488987	0.190890217426294	0.0207003866888968	0.121797921290411	0.802120335944768	0.0780796401834517	0.00941899276003134	0.957888327853131	0.0780796401834517	0.000448989697679108	0.00892527128330643	0.154107621327678	0.0521668406922488	0.303694502555526	0.0331194595045943	0.0369745820453691	0.954767514233846	0.982592921358253	0.711266892205994	0.0899737264350976	0.0333060426527999	0.0470432185388038	0.053526592370326	0.183246463012481	0.0756121656115386	0.456801350080058	0.00383696361958838	0.61283794151813	0.907754632728691	0.807821515761306	0.127157257977117	0.445123387144983	0.0780796401834517	0.0337894402348442	0.00664790572967221	0.12619878211727	0.383328242324244	0.0483773891554887	0.0780796401834517	0.0263235921384537	0.0780796401834517	0.130645995066893	0.0780796401834517	0.995076347892105	0.0775764816870995	0.0618207623491431	0.0780796401834517	0.0758285923285168	0.215020661043	0.995076347892105	0.667563086199838	0.107512186911778	0.967098648719335	0.0780796401834517	0.520082279489457	0.0600724307256583	0.0795499028232153	0.251093168771145	0.226185629608124	0.136974792701305	0.0849939776578223	0.0141674307113748	0.974541551036607	0.0379742632135453	0.143458556807442	0.18792666466141	0.177934090085321	0.0780796401834517	0.250488961704286	0.114119889917987	0.243107751998691	0.995076347892105	0.0234474238895291	0.0780796401834517	0.0227639533755256	0.887299001534071	0.0515145168461587	0.409264985670058	0.0116285612163261	0.964604175552554	0.954531943905497
"SRR5928222"	0.273121707090802	0.502168906708153	0.621957144419526	0.632720619061693	0.428978912456809	0.585191828945067	0.648540306477995	0.490715436132695	0.517038083125683	0.359214835911348	0.304161032351277	0.878522402781453	0.88016965540395	0.609133790831038	0.902684101146571	0.595446669282993	0.634079767408997	0.648540306477995	0.268613538937201	0.564111172374612	0.321612678064217	0.570538143544197	0.648540306477995	0.622789925453407	0.491152705126834	0.248880803234661	0.329724950459599	0.648540306477995	0.573253602587629	0.60233528220228	0.172487968048798	0.902684101146571	0.549469726635871	0.648540306477995	0.281776881565091	0.819181290176995	0.648540306477995	0.409734778826243	0.32050784967848	0.636718357988342	0.202513152370683	0.433679600702165	0.648540306477995	0.648540306477995	0.542721581950949	0.376755647068329	0.647985414752733	0.1071577122179	0.454731548444586	0.561678044835531	0.85465937885944	0.848591059967858	0.624116763723674	0.436244091919092	0.362650443698663	0.403935631311307	0.64334028537747	0.41568935470795	0.648265335809006	0.648540306477995	0.872432819152963	0.508025868575007	0.622335899492252	0.584503812326186	0.565807273761305	0.44195221425361	0.604020642625635	0.619194680532641	0.853616532124586	0.595003052955143	0.639826838702443	0.438291709121762	0.539012567238748	0.623194439389699	0.301303867983533	0.445469674625673	0.434528470376221	0.305663764768085	0.61685070874868	0.648540306477995	0.5892703803211	0.41571703437738	0.489611053952005	0.447784352264807	0.64629678429739	0.641504832753237	0.517510383843511	0.54588063239397	0.222776775098027	0.465929296833627	0.0255804078540667	0.560579618837799	0.413953507685047	0.474235593018609	0.596675099807383	0.62596051570206	0.626446668756951	0.628510801440362	0.648379848804122	0.405283649429114	0.563790603610628	0.0841097372551437	0.648540306477995	0.312571697805104	0.2385256223817	0.648540306477995	0.334261577155832	0.902684101146571	0.599021636669203	0	0.497811567249979	0.638656691591035	0.454171971768888	0.636667317552266	0.0600616271099334	0.271082321792579	0.643316357923184	0.433122143381663	0.630143553097507	0.59642442868964	0.00949251227895716	0.498502846752853	0.648103716487029	0.64772174291915	0.559250803844143	0.546960603980492	0.679760045204253	0.648540306477995	0.598763434135512	0.648540306477995	0.173030003161813	0.619881189104585	0.648540306477995	0.135073649492097	0.533129731019045	0.445468436506119	0.614200800109818	0.619573125658907	0.641690804412606	0.266525410216054	0.622807077684145	0.0863116658891706	0.648540306477995	0.635094013350119	0.513243332473235	0.629880341445915	0.592271759132933	0.481400651531301	0.567807023034789	0.366413590602771	0.636533084039806	0.582787022547926	0.315366644461157	0.45737559124009	0.612569943987616	0.512425857837267	0.37089944990366	0.648540306477995	0.605225342382785	0.780607832303278	0.648540306477995	0.59931885407253	0.604901787500095	0.487267563836831	0.563432902410551	0.356370226509443	0.6205491171719	0.623003737177412	0.770867909731555	0.860424172257312	0.187441608926661	0.536261808667742	0.620668159018131	0.629365558436836	0.562476388925668	0.46370127155381	0.54672575822034	0.191580474807852	0.601556745737644	0.0211147351881084	0.632644532462401	0.383563380082211	0.508321087898514	0.205488259162331	0.648540306477995	0.620976456967842	0.594603245488229	0.509057156048497	0.275191653410273	0.630203270299764	0.648540306477995	0.616196462445555	0.648540306477995	0.505634633240313	0.648540306477995	0.902684101146571	0.648234576951087	0.638576240578052	0.648540306477995	0.647171230036606	0.436998880330675	0.902684101146571	0.109934051982607	0.523238383223382	0.809792684322697	0.648540306477995	0.111707579453674	0.63749427017769	0.543874351474787	0.405332824784006	0.427355598105083	0.500731983441284	0.539910260043094	0.589565293668939	0.83386900725274	0.573327137970451	0.495669795191068	0.459835356373857	0.468061878970009	0.648540306477995	0.405875581070117	0.518260321509895	0.412471476867275	0.902684101146571	0.583288156681853	0.648540306477995	0.613903417788498	0.577084056684101	0.632168212822428	0.246704929609615	0.606671165077619	0.801822749910524	0.770135720098442
"SRR5928402"	0.68343953580509	0.00569870300496204	0.175230180687825	0.191788468875276	0.0861565177075017	0.120407519912023	0.216560805809361	0.00921589757800841	0.0253765171619804	0.166657517238379	0.225849625463044	0.974887266583352	0.975520534927059	0.155808276331629	0.984107087871062	0.135435460266146	0.193896257499662	0.216560805809361	0.26221229086892	0.0901317523581332	0.207475580695425	0.0992755421903375	0.216560805809361	0.176502890450124	0.00865030955508509	0.281805435588885	0.716760326760225	0.216560805809361	0.103161522668482	0.145643398634137	0.353939577056304	0.984107087871062	0.0695781236784558	0.216560805809361	0.688635751750171	0.951603002112161	0.216560805809361	0.109013219530193	0.20864929286612	0.19799915492429	0.326269023069118	0.0804947511703058	0.216560805809361	0.216560805809361	0.0602324728128061	0.147018831836122	0.215682961582434	0.411313209520088	0.0547496486158296	0.0866896032115782	0.965635066506962	0.963258634868804	0.178533551826628	0.0773927150913921	0.162841651469762	0.1158012653106	0.208359965465439	0.101995548711191	0.216125717487928	0.216560805809361	0.972540166712938	0.0134068085815112	0.175808844734261	0.119406390078361	0.0925375498847597	0.0704543404138255	0.148154862458419	0.171018428678559	0.965227361414882	0.134781217444826	0.202851310208088	0.0749091564855166	0.0551294679485954	0.177121601250112	0.228824458927467	0.0661554055426831	0.079468986213318	0.224281272515799	0.167456757703925	0.216560805809361	0.126360520690348	0.101962813666546	0.0106430271960666	0.0633166880151881	0.213015561577474	0.205478963268488	0.0260074923175603	0.064597618835857	0.307102995000081	0.0407907179265496	0.477962042236637	0.0851391474140519	0.104046322884897	0.0303145063745588	0.137249113744931	0.181361259352346	0.182108010566678	0.185283976778827	0.216306892751784	0.114227440824975	0.839699558250301	0.559849481053703	0.216560805809361	0.217038386017403	0.291924103612732	0.216560805809361	0.193935325843111	0.984107087871062	0.140721609817608	0.497811567249979	0	0.201022410967279	0.0554423238351974	0.197919651987698	0.450430713685729	0.259731749668981	0.208322362287208	0.0811678194278603	0.870761874054689	0.136878787750857	0.505056877520484	0.000902055757380329	0.215870061091254	0.215266059941285	0.0832663838621192	0.0660939007360037	0.893031713286697	0.216560805809361	0.140338991766737	0.216560805809361	0.620515319231397	0.172063668794653	0.216560805809361	0.387256177749435	0.0470841485049475	0.0661569218875233	0.163443450581856	0.171594511116734	0.205770549285724	0.264305243792677	0.176529118345394	0.428849734478618	0.216560805809361	0.873019683933785	0.0203202315202079	0.187396024151633	0.130761419126448	0.0211930361634369	0.0953807459423399	0.158644966373172	0.197710589558682	0.116912171270855	0.708453795957502	0.0514704490681391	0.160980458506037	0.0192340930621601	0.74005228927678	0.216560805809361	0.149953457927561	0.935958984096926	0.216560805809361	0.141162201604294	0.149470117731959	0.0136650419308715	0.089171130302451	0.169805806434827	0.173081529700719	0.176829877751978	0.931943107658682	0.967883710714653	0.629909873043948	0.0513601755098333	0.173263032891436	0.186601696146982	0.0878178464778822	0.0435830580972965	0.0657683527051622	0.336443401427636	0.144485117438959	0.513840788234363	0.871903532820575	0.747062901390761	0.0137968053784478	0.32348029888348	0.216560805809361	0.173733227817073	0.134191906855429	0.0147697988438391	0.255588229911385	0.187894592237149	0.216560805809361	0.166464593314327	0.216560805809361	0.0102531022863152	0.216560805809361	0.984107087871062	0.216077057516133	0.200896774027675	0.216560805809361	0.214396099755634	0.0764779285399088	0.984107087871062	0.57796364951492	0.0336893405020029	0.947833075354758	0.216560805809361	0.407437600380492	0.199208419635607	0.0618233483591225	0.114169981692804	0.0881044790127954	0.0038160757804326	0.0563623692306466	0.126792191775494	0.957452895080951	0.10326694422102	0.00278997971835183	0.0484104914213077	0.0381109965154686	0.216560805809361	0.11353557872938	0.0270101376509255	0.105793958215627	0.984107087871062	0.117639667421757	0.216560805809361	0.162993936331577	0.846044545514431	0.190932879401418	0.283940829507324	0.152115793080451	0.944613880081074	0.931640129071693
"SRR5928405"	0.783153193141513	0.195534619255639	0.0266770332876287	0.00958177329122175	0.282570894256205	0.0824949927940533	0.0162025401616356	0.209872214440515	0.176493630935328	0.356436287220376	0.409372049941369	0.992727007089496	0.993161125770458	0.0465880670377876	0.999038727999976	0.0673125036213213	0.00739764939681855	0.0162025401616356	0.441330994661686	0.112815282628661	0.393062216684172	0.103695375036491	0.0162025401616356	0.0253669836251434	0.209329981750846	0.458378152634182	0.808144258788535	0.0162025401616356	0.0998097950430649	0.0569489286902265	0.520117751355938	0.999038727999976	0.133198458841569	0.0162025401616356	0.787068782840224	0.97670392585624	0.0162025401616356	0.303767746129133	0.394107332509969	0.00314096980769461	0.496622253645842	0.277292367253612	0.0162025401616356	0.0162025401616356	0.142413549793931	0.338618363566732	0.0152845267590581	0.568107042034346	0.253148703793857	0.116240126335733	0.98637439691413	0.984739688650612	0.0232753922419695	0.274395576936859	0.352984260484909	0.31002828032616	0.00763881371803443	0.297278838883097	0.0157475029254783	0.0162025401616356	0.991117254537485	0.188092909584296	0.0260814728179811	0.0835032787730393	0.11041888347843	0.26790412740104	0.0543928578802067	0.0310077024571615	0.986094031646154	0.0679753200711247	0.00190192417370354	0.272073924936773	0.147431359136728	0.024729884624313	0.412002451586889	0.263873653107004	0.276334842751717	0.407984139898247	0.0346643710467543	0.0162025401616356	0.076491354449924	0.297248530712287	0.211239897299773	0.261208655236358	0.0124970199657066	0.00463689336422824	0.17588071720701	0.138113493168713	0.480211733984379	0.239960445708183	0.622654345393877	0.117781305524393	0.29917684074443	0.2300171092312	0.0654742016489454	0.0203600657935196	0.0195896363807464	0.0163104444364723	0.0159369756278451	0.308578162891645	0.89799728257422	0.68796967642825	0.0162025401616356	0.40156429758225	0.467135054898982	0.0162025401616356	0.380973093941565	0.999038727999976	0.0619508945508466	0.638656691591035	0.201022410967279	0	0.253801340370018	0.00322351788094224	0.60027564760217	0.439164187136097	0.00759961034907612	0.277920459728219	0.920131780363139	0.0658496658375433	0.644470394535601	0.200154529457077	0.0154801610623213	0.0148486595446216	0.119641638559123	0.136637866572033	0.935863873134903	0.0162025401616356	0.0623393444728222	0.0162025401616356	0.735189764405476	0.0299336162365179	0.0162025401616356	0.548103134858957	0.155322495567478	0.263875075900978	0.0387786256566139	0.03041577586738	0.00494056255417923	0.443157728031994	0.0253399793653271	0.582582835023111	0.0162025401616356	0.921731950827339	0.181399874728187	0.0141274880495448	0.0720441021443774	0.221327618917075	0.107583929052023	0.349182135199831	0.00344057554193083	0.0860136268675462	0.801940252152903	0.250056751167169	0.0413003774446806	0.182452552985981	0.825449367277161	0.0162025401616356	0.0525607799509036	0.965871100056691	0.0162025401616356	0.0615035156455714	0.0530532440912506	0.214133598085044	0.113771531788856	0.359280752797765	0.0288872425483233	0.0250302974350695	0.963081477865322	0.987920057854528	0.742415505448984	0.151131437294708	0.0287006112137054	0.0149486967637663	0.115118055288309	0.242604151168437	0.136958992641694	0.505288373696894	0.0581269406648291	0.651499195590519	0.92094105129805	0.83063183167564	0.187715812632154	0.494241440348564	0.0162025401616356	0.0282170698569766	0.0685722091838368	0.186774759279455	0.435540402483051	0.0136119172238768	0.0162025401616356	0.0356820920866328	0.0162025401616356	0.191140252035694	0.0162025401616356	0.999038727999976	0.0156966167395289	0.000130603169626324	0.0162025401616356	0.0139393542830229	0.273540676880495	0.999038727999976	0.702171448349009	0.168406942795334	0.974098384494316	0.0162025401616356	0.564895823669227	0.00188506932656542	0.140847228719296	0.308525204208478	0.284384427004696	0.197348880127574	0.146219938977934	0.0760554724345063	0.980740779567974	0.0997043031313858	0.203704817879445	0.247168090972279	0.237420755434668	0.0162025401616356	0.307940415482982	0.174906469520874	0.300793146032406	0.999038727999976	0.0852816766652508	0.0162025401616356	0.0392390449721289	0.90253684966535	0.0104678327025118	0.460228816239702	0.0503564907259051	0.971870977964066	0.962870868015085
"SRR5928385"	0.651231679054178	0.0611228433740454	0.228581537625889	0.244780061786266	0.0308529595515498	0.174751416205064	0.268962464241624	0.0462486764637443	0.0807119190673269	0.112191263585646	0.17244038627369	0.968746620319421	0.969447612322468	0.209546216180863	0.978957260037635	0.189537721330544	0.246840065088951	0.268962464241624	0.209639580660345	0.144892333768143	0.153697942144404	0.153920174618323	0.268962464241624	0.229827579492365	0.0468131538744547	0.229742892670303	0.687024523445206	0.268962464241624	0.157754282699782	0.199568393793635	0.304116343194675	0.978957260037635	0.124567991594553	0.268962464241624	0.65680489912728	0.94300612852682	0.268962464241624	0.0538775038710388	0.15489410036966	0.25084865964151	0.275519424880969	0.0251581439525518	0.268962464241624	0.268962464241624	0.11531221725712	0.0922847801233004	0.268106582229178	0.363679768361427	0.000694660633565151	0.141491610384022	0.958510527391441	0.955883062976768	0.231815351454414	0.0220394338115697	0.108320141426092	0.0607260423181118	0.260963771669642	0.0468024240881943	0.268538270807615	0.268962464241624	0.966148940234433	0.0688009801060143	0.229148096896934	0.173765564464554	0.147268455754593	0.0150674337228845	0.202034618744179	0.224456866992857	0.9580597058571	0.188894477766853	0.2555870978283	0.0195432565047835	0.110254486597043	0.230433266789713	0.175478287861938	0.0107502078044188	0.0241267530606481	0.17083916772214	0.220967433275751	0.268962464241624	0.180611454947181	0.046769433462101	0.0448242009671175	0.00790047789442967	0.265505440152346	0.258152176796717	0.0813393837667863	0.119636504187529	0.255760969148441	0.0146828717019071	0.433331844762223	0.139959416630234	0.0488694358667126	0.0251676456157347	0.191320655219898	0.234582639787872	0.235313300202795	0.238420201268439	0.268714911643209	0.0591377576605701	0.820211193110661	0.519592739619678	0.268962464241624	0.163447943328369	0.240141383515557	0.268962464241624	0.139909451447223	0.978957260037635	0.194733399145873	0.454171971768888	0.0554423238351974	0.253801340370018	0	0.25077100018448	0.404499766281992	0.207097424111538	0.260927079792476	0.0258349640098153	0.854146087508178	0.190956629028037	0.461789914257682	0.0563417264497372	0.26828900732147	0.267700083611325	0.138108382128762	0.12111832843943	0.878546442942474	0.268962464241624	0.194357425117473	0.268962464241624	0.583990119183639	0.225480663626523	0.268962464241624	0.338660212305547	0.102275086001317	0.0107517302581751	0.217033981752525	0.225021144586571	0.25843677616087	0.211785040713937	0.229853256092577	0.381958439150772	0.268962464241624	0.856617190297128	0.0756822730347542	0.240485754840919	0.184941303277753	0.0342872211412794	0.150075815302107	0.104064481093192	0.250566782359392	0.171308964106543	0.678089636061639	0.00398257563707863	0.21461918823807	0.0746015109268479	0.712121420118811	0.268962464241624	0.203800421896238	0.925748793550043	0.268962464241624	0.195166321748186	0.203325926375359	0.0418071053738952	0.143943395033831	0.115386313722955	0.22647753633102	0.230147688731865	0.921323551843817	0.96099733785129	0.594000242770926	0.106516909897158	0.226655285912107	0.239708965790901	0.142606409436944	0.0118863091708706	0.120795945614775	0.286024648943898	0.198430760393833	0.471033529878058	0.855395521292877	0.719687730938424	0.0691892964983571	0.272642000267385	0.268962464241624	0.227115741361615	0.188315037430053	0.0701580286839869	0.202852469750574	0.240973281835043	0.268962464241624	0.219995162722645	0.268962464241624	0.0656602818026104	0.268962464241624	0.978957260037635	0.268490828127678	0.253678654685001	0.268962464241624	0.266851775348719	0.0211199237266902	0.978957260037635	0.538777064900563	0.0889751844569081	0.938844709390379	0.268962464241624	0.359644756969638	0.252029805795669	0.116888429234046	0.0590797755662285	0.0328130735099811	0.0592465970207649	0.111476695646661	0.181036244360347	0.949466923769564	0.157858275465622	0.0526600138298605	0.0070496481607171	0.0173658770072935	0.268962464241624	0.0584396218670434	0.082336365931408	0.0506312598323247	0.978957260037635	0.172025553654022	0.268962464241624	0.216593310028772	0.827133594151103	0.243943741157054	0.23193641071962	0.205922897461604	0.935292576840497	0.92098976773387
"SRR5928398"	0.781787999449262	0.19242530281886	0.0234554145878826	0.00635844032958271	0.279587166015	0.0792913285027263	0.0194251027592709	0.206780416069737	0.173362982138809	0.353595306967529	0.406653808198092	0.992493986947991	0.992930729902958	0.0433706819271587	0.99884397622181	0.064102082191847	0.00417422524086176	0.0194251027592709	0.438695118997831	0.109629303544487	0.390304338969402	0.100503489128679	0.0194251027592709	0.0221451707804624	0.206237498119028	0.455788757417657	0.806899962153633	0.0194251027592709	0.0966155460306362	0.0537346988933061	0.51771152174129	0.99884397622181	0.13002750880871	0.0194251027592709	0.785722278961247	0.97637485280437	0.0194251027592709	0.300821583509767	0.391351946026422	8.25488602220163e-05	0.494143579364658	0.274299709547543	0.0194251027592709	0.0194251027592709	0.139250223108408	0.335739909352272	0.0185071860651852	0.565859242213139	0.250117364638593	0.113056496003873	0.986103106898986	0.98445859069111	0.020053291030131	0.271398090912448	0.350135869066359	0.307093735950762	0.0108620797590037	0.294320886001286	0.0189701140985242	0.0194251027592709	0.990874513420084	0.184974993474548	0.022859764566353	0.0803001128146403	0.107231303331763	0.264896006978022	0.0511777890740678	0.0277867997097901	0.985821058328861	0.0647651644062711	0.00512541246717946	0.269072606088577	0.144272400566453	0.0215079811297851	0.409290753987491	0.260859058926749	0.273340583410757	0.405262462181226	0.0314441614979218	0.0194251027592709	0.0732848507996481	0.294290523362255	0.208149835318237	0.258189834818472	0.0157199415763891	0.00786030062049193	0.17274941836225	0.134946544956634	0.477684457169584	0.23690947499993	0.62060369010284	0.114598755384904	0.296222309988612	0.22695203687719	0.0622630570926911	0.0171376069592806	0.0163670916584525	0.0130875744596146	0.0191595667273014	0.30564090616949	0.897219217842952	0.686178981283466	0.0194251027592709	0.398826879309426	0.464570224769626	0.0194251027592709	0.378186883156121	0.99884397622181	0.0587384214127781	0.636667317552266	0.197919651987698	0.00322351788094224	0.25077100018448	0	0.5981419144519	0.43652253037483	0.0108228785867446	0.274928855652111	0.919476151545659	0.0626386673083517	0.642503671360227	0.197050721239229	0.018702800188148	0.0180713629765233	0.116460411529724	0.133469701481452	0.935297088940411	0.0194251027592709	0.0591270141147531	0.0194251027592709	0.733603238116801	0.0267125253003289	0.0194251027592709	0.545787587392687	0.152170716006385	0.260860483988577	0.0355592931209288	0.0271947685430747	0.00816395801214845	0.440526748370174	0.0221181626283197	0.580385583418489	0.0194251027592709	0.921085289513938	0.178274511749679	0.0109044377465102	0.0688356363782463	0.218250715577213	0.104394499897532	0.346325664970914	0.000217059927701456	0.0828117284478472	0.800665586601114	0.247020714482114	0.0380816332661752	0.179328343197048	0.824291023957695	0.0194251027592709	0.0493451341933503	0.96547797882531	0.0194251027592709	0.0582908792029461	0.049837751415436	0.21104724740109	0.110586201326589	0.356445933872787	0.0256659750150106	0.0218084363778193	0.962671979589062	0.98765805657139	0.740861423560826	0.1479757977611	0.0254793128811373	0.0117257109032076	0.111933647591258	0.239557030982888	0.133791091241723	0.502836028166489	0.0549131108985612	0.649560133033277	0.9202899557511	0.829499585689436	0.184597469712029	0.491755613050787	0.0194251027592709	0.0249956927107281	0.0653622951327688	0.183655355016482	0.432889141316897	0.0103888285547174	0.0194251027592709	0.0324620899116342	0.0194251027592709	0.188025816733271	0.0194251027592709	0.99884397622181	0.0189192332665685	0.00309291593736425	0.0194251027592709	0.0171621460579957	0.270541775683097	0.99884397622181	0.700440725953189	0.165267901093179	0.973753840753658	0.0194251027592709	0.562636983839622	0.00133845621241014	0.137682569858384	0.305587848672965	0.281403805778968	0.194241711317413	0.143059911825245	0.0728487711637003	0.980435757893983	0.096509991240688	0.200605330793536	0.244127718169662	0.23436612574343	0.0194251027592709	0.305001969950151	0.171774142102578	0.297841546786736	0.99884397622181	0.0820794047113294	0.0194251027592709	0.0360198169765574	0.901783650890514	0.0072445449941806	0.457644573595889	0.0471401778191747	0.971513241716699	0.962460135245615
"SRR5928220"	0.328115346770125	0.455029652959997	0.582379739879788	0.593910297205295	0.378089697353852	0.54310375008876	0.61088385682674	0.442946115620876	0.470740852998136	0.305356383838355	0.248371672394352	0.894159718089886	0.895649517829518	0.568661479617433	0.915985445019826	0.554041888671497	0.595367343564783	0.61088385682674	0.211768850223057	0.520659611254733	0.2663962774017	0.527496414859665	0.61088385682674	0.583271351567478	0.443407143602305	0.191514719504828	0.382651350007662	0.61088385682674	0.530386575707762	0.56139687689401	0.113533823347084	0.915985445019826	0.505103668337399	0.61088385682674	0.336476678023537	0.840313823037856	0.61088385682674	0.357967830954223	0.265254101751275	0.598196652416856	0.144101873630875	0.383011608974866	0.61088385682674	0.61088385682674	0.497942985268439	0.323588566466467	0.610287958345215	0.0473832298450342	0.405087251491037	0.518072668482367	0.872547944437824	0.867043237179425	0.584692102320528	0.38569792120452	0.308924497985542	0.351912970444559	0.605301074103279	0.364189205480621	0.610588560845146	0.61088385682674	0.888649911759003	0.461215040124392	0.582785240784108	0.542370359371914	0.522463370258902	0.391680065483879	0.563197243567257	0.579422748752397	0.87160221140442	0.553568441715581	0.601530939219088	0.387843380019079	0.494009625839941	0.583704473237561	0.245424151745268	0.395368356687904	0.383900714054991	0.249922316873126	0.576914469866817	0.61088385682674	0.547452490711532	0.364218135375146	0.44178183130124	0.397796271488545	0.608474776124793	0.603331331570987	0.471240345565806	0.501294457766866	0.164791289402132	0.416851508859117	0.0345311734052153	0.516905044074605	0.362375139636292	0.42558792226947	0.555353052331026	0.586666720478388	0.587187450920432	0.589398724610045	0.610711537266205	0.35332006672422	0.604576026346451	0.143488841551163	0.61088385682674	0.257053949077899	0.180904258040338	0.61088385682674	0.279483122803151	0.915985445019826	0.557858149392294	0.0600616271099334	0.450430713685729	0.60027564760217	0.404499766281992	0.5981419144519	0	0.214306096472747	0.605275393279668	0.382427776447747	0.666455201414091	0.555085483541623	0.0695168209182344	0.451160166657275	0.610414999376525	0.610004814646944	0.515492716899145	0.502440495326739	0.712434126587082	0.61088385682674	0.557582465900386	0.61088385682674	0.230832861277824	0.580157510493229	0.61088385682674	0.0755894326287959	0.48777444773508	0.395367058172354	0.574079638304158	0.579827786636579	0.603530890429004	0.209623375778855	0.58328971640852	0.0263787976807331	0.61088385682674	0.671053911509211	0.466728623911797	0.590866187238256	0.550654025723925	0.433130780550191	0.52459051001098	0.312834408717606	0.597997958208495	0.540540606160171	0.368849903069073	0.407863680525887	0.572335410992507	0.465864531702843	0.42210723531875	0.61088385682674	0.564484367860253	0.805126797287817	0.61088385682674	0.558175499475704	0.564138657790482	0.439311724712755	0.519938389116394	0.302403132865208	0.58087244249565	0.583500281766091	0.79621869824614	0.877773979876351	0.244907143176859	0.491093582968822	0.580999867521109	0.590314569404271	0.518921400507542	0.414509545473532	0.502191270866505	0.132959379974176	0.560565334334116	0.0810795457235193	0.668778786827038	0.434206411892637	0.461526925361381	0.147136490558048	0.61088385682674	0.581329884731809	0.553141770573181	0.462304593206618	0.218530982532369	0.591212239968553	0.61088385682674	0.576214485377119	0.61088385682674	0.458689208313041	0.61088385682674	0.915985445019826	0.610555528943393	0.600189348989675	0.61088385682674	0.609413675268813	0.386488716501576	0.915985445019826	0.168945335938039	0.477300312921108	0.831762975823548	0.61088385682674	0.0519742924954303	0.599028814483536	0.49916582838656	0.353371401386321	0.376390609663194	0.453512799355027	0.494961460672667	0.547767021455599	0.853673540498545	0.53046485482205	0.44817104236958	0.410447370608979	0.419093716099257	0.61088385682674	0.353938009705042	0.472033515997375	0.360826615766228	0.915985445019826	0.541074676559024	0.61088385682674	0.573761558197181	0.617009206924176	0.593318168123136	0.189284159378137	0.566029352292208	0.824497393363696	0.795548660137593
"SRR5928177"	0.508738404347229	0.265061047776487	0.417088108249892	0.43129124488409	0.177311216422505	0.369265671856837	0.452336138707827	0.2510817440082	0.283349794121816	0.0970288691280833	0.0358629491186235	0.939036757787722	0.940059436296457	0.40028744951696	0.953967219068785	0.382498205032982	0.433091354609312	0.452336138707827	0.00265050749018527	0.342317997866406	0.055049355525926	0.350497711018155	0.452336138707827	0.418183707492792	0.251613728139778	0.0237075533559255	0.554168162355146	0.452336138707827	0.353963168025089	0.391433023007007	0.103135044624941	0.953967219068785	0.323800141511188	0.452336138707827	0.515764358744729	0.901721158130166	0.452336138707827	0.154846741761635	0.0538291833370044	0.43659026608345	0.0723067353122907	0.182836236369831	0.452336138707827	0.452336138707827	0.315319474000173	0.116916599873196	0.451594521451987	0.168534265565449	0.207763941560806	0.339229491123194	0.924142473085061	0.920331101763249	0.419930428541085	0.185856737065398	0.100908698550556	0.148125403219778	0.445396127685524	0.161771387760872	0.451968606732663	0.452336138707827	0.935250001154815	0.272245936367621	0.417586326368914	0.368380790729806	0.344473607689105	0.192595860308564	0.393624661630237	0.413457796679144	0.923488174933133	0.381924085847517	0.440719503727122	0.188271651631124	0.310672630900976	0.418716082250244	0.0327394111961227	0.19675967772718	0.183835556847133	0.0375077642583458	0.410382214644661	0.452336138707827	0.374518744654126	0.161803631757604	0.249738750107945	0.19950429817903	0.449339200965532	0.442951770688717	0.283933334177692	0.31928535520176	0.0512179319372763	0.221147122405036	0.247115395990934	0.33783666341739	0.15975032044791	0.231130762464599	0.38408881511312	0.42235998031948	0.423001048174558	0.425725036127283	0.452121659863266	0.149685805762987	0.729844882918128	0.347726860110177	0.452336138707827	0.0450864787348479	0.0346673303856676	0.452336138707827	0.0690724114881588	0.953967219068785	0.387130456986488	0.271082321792579	0.259731749668981	0.439164187136097	0.207097424111538	0.43652253037483	0.214306096472747	0	0.445364244761371	0.182180242039417	0.776356097869634	0.383764142797327	0.279896668454868	0.260576321153015	0.451752611559875	0.451242210136902	0.336152915258005	0.32064285969336	0.810258330372039	0.452336138707827	0.386795557587563	0.452336138707827	0.425327723816628	0.414359408905288	0.452336138707827	0.140865261968112	0.303323199940593	0.19675821061066	0.406910461470865	0.41395477355134	0.443199313036196	0.00488954339955179	0.418206278634022	0.188932962856288	0.452336138707827	0.779771860490598	0.278667155373778	0.42753427372357	0.378392675882422	0.239781479983975	0.347017933705798	0.105167031938546	0.436344399281278	0.366174362273363	0.542759190694725	0.210916203350072	0.404776577754676	0.27765977591112	0.58646138513186	0.452336138707827	0.39519261705339	0.876959429810442	0.452336138707827	0.387516024812247	0.394771387976588	0.246891792061136	0.34145658092442	0.0938221185140259	0.415236979136637	0.418465085626323	0.870642586929879	0.927754240423704	0.437588183790598	0.307232923501561	0.415393421903825	0.426854040318476	0.340242380802432	0.21847734481986	0.32034758887142	0.083589359674329	0.390421368263737	0.290630724213084	0.778082674774753	0.596269406042917	0.272608743127705	0.0692248949141459	0.452336138707827	0.415798634336798	0.381406794515575	0.273513600205821	0.00441978259794077	0.427961100101193	0.452336138707827	0.409524541823439	0.452336138707827	0.269309565895389	0.452336138707827	0.953967219068785	0.451927497596344	0.439057295383321	0.452336138707827	0.450506812529035	0.186746587242529	0.953967219068785	0.370616831033489	0.291023355802494	0.895731470783609	0.452336138707827	0.164052329771394	0.437620237913502	0.316765803685692	0.14974275149008	0.175406687989283	0.263302098931613	0.311796370269843	0.374899084844614	0.911044062280159	0.35405709181913	0.257117203599732	0.213853095272217	0.223705763395019	0.452336138707827	0.150371376557651	0.28486023517136	0.158026358399266	0.953967219068785	0.366818188046246	0.452336138707827	0.406521196345657	0.739273148803138	0.430560041908627	0.0260155981902183	0.397075908068165	0.890628158149275	0.870166663366128
"SRR5928465"	0.786346164277215	0.202850407286375	0.03427010179661	0.0171802057055054	0.289584972858635	0.0900414514534525	0.00860392734456794	0.217145722968795	0.183861039395768	0.363109778440075	0.415753788972207	0.993270845668634	0.993698837267574	0.0541696190615535	0.999493224100751	0.0748760489931208	0.014996465911945	0.00860392734456794	0.447517347497363	0.120317764923075	0.399538085371563	0.111212465265027	0.00860392734456794	0.0329606110833322	0.21660514253367	0.464454362966787	0.811053732251414	0.00860392734456794	0.107332748287358	0.0645222459247293	0.525760605510688	0.999493224100751	0.14066399994619	0.00860392734456794	0.790217916213368	0.977472064297657	0.00860392734456794	0.310692022253051	0.400577282652895	0.0107403387615094	0.502436386997656	0.284327815041666	0.00860392734456794	0.00860392734456794	0.149860443866917	0.345381107607903	0.00768575700274207	0.573375790586946	0.260276839617747	0.123736816155874	0.987007593205592	0.985395787765172	0.0308698612231099	0.281442583425808	0.359675395647428	0.316924810988687	3.92055119478263e-05	0.304231284463954	0.00814881080947633	0.00860392734456794	0.991683789860979	0.195429487370548	0.0336747984733477	0.0910484860710894	0.117925319254508	0.27497660239537	0.0619683492566725	0.0385987485468726	0.986731158611346	0.0755381882483146	0.00569776371873574	0.279130109044472	0.15486759004379	0.0323237750374507	0.418368656268768	0.270961639536987	0.283374124438384	0.414374035945917	0.0422535006299659	0.00860392734456794	0.0840449633996892	0.304201106461381	0.218509219711418	0.268306771061378	0.00489784760111947	0.00296281529054445	0.183249701430702	0.145569239322346	0.486140861974546	0.24713570805773	0.627458330764257	0.125275334104862	0.306121108721862	0.237226265547858	0.073039592348959	0.0279556033242	0.0271854359866845	0.0239072645383463	0.00833831617092784	0.315481169775132	0.899814931138406	0.692161880079017	0.00860392734456794	0.407991568747517	0.473153085357157	0.00860392734456794	0.38751629727724	0.999493224100751	0.0695196870462088	0.643316357923184	0.208322362287208	0.00759961034907612	0.260927079792476	0.0108228785867446	0.605275393279668	0.445364244761371	0	0.284953385569593	0.921663060408189	0.0734146835626717	0.649076734057296	0.207457013883007	0.00788142373919275	0.00724981949828552	0.12713240963576	0.14409658964457	0.937187437165862	0.00860392734456794	0.0699077706164652	0.00860392734456794	0.738902205830064	0.0375251889359224	0.00860392734456794	0.553531785070117	0.162741230745475	0.270963056896068	0.0463653703138429	0.038007114211342	0.00265914180291543	0.449332475297998	0.0329336180870192	0.58773234275518	0.00860392734456794	0.923242261924196	0.188754476526123	0.0217249022092874	0.07960267573022	0.228565242411664	0.11509493595454	0.355892507860878	0.0110399140945502	0.0935556555400412	0.80492092348207	0.257196157864998	0.0488855406683521	0.189804362290127	0.828157384603635	0.00860392734456794	0.0601377721991469	0.966788843804091	0.00860392734456794	0.0690727273972589	0.0606298376188416	0.221393975809072	0.121272413618183	0.365939578255144	0.0364793124045787	0.0326240645797586	0.964037480987318	0.988531564467309	0.746051760631694	0.158559575220523	0.0362927680974043	0.0225458954431813	0.122616661321794	0.249770164997871	0.144417070521647	0.51104024173147	0.0656992244700185	0.656040425660355	0.922461730988107	0.833278698382423	0.195053422895823	0.500072493449466	0.00860392734456794	0.0358094499019819	0.0761344621516777	0.194114937272108	0.441763231358869	0.0212094617364577	0.00860392734456794	0.043270654254963	0.00860392734456794	0.198468411945923	0.00860392734456794	0.999493224100751	0.00809791593990722	0.00773020629446853	0.00860392734456794	0.00634037635263193	0.280591071756331	0.999493224100751	0.706222664858199	0.175794710789712	0.974902656645684	0.00860392734456794	0.570190622405328	0.00948455174012237	0.148297377760871	0.315428447039516	0.291391072365107	0.204659480036229	0.153658777121338	0.0836095804665791	0.981452746931657	0.107227412548157	0.21099687214836	0.25431790454464	0.244604808716861	0.00860392734456794	0.314846261080344	0.18227794745265	0.307730409722123	0.999493224100751	0.0928246414367272	0.00860392734456794	0.0468255076776204	0.904296327400594	0.0180660898330531	0.466292821522294	0.057935225177497	0.972706064405587	0.963829755200047
"SRR5928219"	0.635463473434281	0.0868287061440452	0.253009671035235	0.269013207766393	0.00502176445985948	0.199737310333122	0.292881202340411	0.0720026355835232	0.106338102490061	0.0865926211985151	0.14722298079857	0.965667951202981	0.966402737852056	0.23418744781899	0.976373379538277	0.214384241388486	0.271047515531733	0.292881202340411	0.184746752718662	0.170127667038151	0.128342825576263	0.179084609965226	0.292881202340411	0.254241159125522	0.0725654833605807	0.205053899726586	0.672427355511206	0.292881202340411	0.182887422199291	0.224314396508263	0.280355395713588	0.976373379538277	0.149948582765827	0.292881202340411	0.641214733377597	0.938704278891375	0.292881202340411	0.0280793407161451	0.12954725639156	0.275005527880235	0.251369181090034	0.000677234515921577	0.292881202340411	0.292881202340411	0.140752365434759	0.0665993237705765	0.292036924325551	0.340860302746502	0.0265291763524121	0.16675263382181	0.954941301603629	0.95218880011355	0.256205560225525	0.00379756615859798	0.0827030961272109	0.0349426955646932	0.284989593261037	0.0209913586767881	0.292462764461413	0.292881202340411	0.962945261373476	0.0944778236663968	0.2535696220946	0.198760378025008	0.172485508828467	0.0107714782959395	0.226755168848735	0.248932646894237	0.954469000548466	0.213747279179075	0.279683185019589	0.0062947000143022	0.135725434127319	0.254839745177875	0.150284831846056	0.0150887019800129	0.00170921408299539	0.145609321836197	0.24548288625126	0.292881202340411	0.20554336792344	0.0209583136095884	0.0705822038699545	0.0179379334965649	0.289470833988221	0.282214914059057	0.106962708239577	0.145049341315456	0.231365454254458	0.0405033691378688	0.411838089311045	0.165231832907418	0.023061887327561	0.0509714040123544	0.216149660988878	0.258939998143922	0.259661923822174	0.262731398285118	0.292637009635593	0.033350770780577	0.810548394561751	0.500078469604862	0.292881202340411	0.138162308380056	0.215565664199385	0.292881202340411	0.114464052234383	0.976373379538277	0.219528455438896	0.433122143381663	0.0811678194278603	0.277920459728219	0.0258349640098153	0.274928855652111	0.382427776447747	0.182180242039417	0.284953385569593	0	0.845886630055565	0.21578922311808	0.440907806992487	0.0820642176565016	0.292216879038156	0.291635924757943	0.163394411330624	0.146521599402408	0.8713328803389	0.292881202340411	0.219156248912968	0.292881202340411	0.56619851992122	0.249944692969057	0.292881202340411	0.315423744542809	0.127792115664155	0.0150871796869167	0.241593457571895	0.249490454230005	0.282495793848186	0.18691301477561	0.254266535042224	0.359463381571419	0.292881202340411	0.848462250044903	0.101330685571554	0.264771814349045	0.209832272205551	0.0600720816003916	0.175270920561505	0.0784280522693822	0.274727232527461	0.196325800598336	0.663194015044427	0.0298146512471304	0.239205323398701	0.100254540375231	0.69838441552346	0.292881202340411	0.2285025690557	0.920646224109018	0.292881202340411	0.219957031483901	0.228033033335368	0.0675733484465392	0.169185952867161	0.089803413629115	0.25093007595986	0.25455751750142	0.916018154800525	0.957546787488247	0.576495296481397	0.132009824888671	0.251105771849424	0.264004502633549	0.167859072630074	0.0377103695446785	0.146201306781492	0.262012696112804	0.223188405795836	0.450358855333885	0.847188870083548	0.70621638042977	0.0948645966520957	0.248454833393518	0.292881202340411	0.251560900239937	0.213173480162118	0.09582944670656	0.177895331630816	0.26525337847018	0.292881202340411	0.244521566147387	0.292881202340411	0.0913493403027024	0.292881202340411	0.976373379538277	0.29241596496134	0.277799350818942	0.292881202340411	0.290799066899248	0.0047174639027787	0.976373379538277	0.519754036043268	0.114562192964511	0.934348355241289	0.292881202340411	0.336755927095731	0.27617162348084	0.142318726879932	0.0332926581300211	0.00698368386022553	0.0849591171920183	0.136940313494837	0.205964180224696	0.945468840125401	0.182990556282756	0.078394555483883	0.032878973856876	0.0431825991606396	0.292881202340411	0.0326510739310243	0.107955108664173	0.024826873486181	0.976373379538277	0.197035995997482	0.292881202340411	0.241157671686267	0.817752230014748	0.268187261172941	0.207270867286244	0.230602726816333	0.930630910106862	0.915669113286783
"SRR5928232"	0.426066257210821	0.872384531224671	0.914593100565249	0.918172125630906	0.84424155330595	0.90211215537048	0.923372507542861	0.868105392440518	0.877873419873728	0.815540335672989	0.791470049074259	0.518809524870688	0.523318631508269	0.910285301636339	0.586850984772695	0.905633891380365	0.918621701869899	0.923372507542861	0.77520756876274	0.894771751671539	0.799243103053913	0.897024195858201	0.923372507542861	0.914871204771062	0.868269587655917	0.765922122084101	0.373485512980403	0.923372507542861	0.897972023724507	0.90798186378089	0.728114784597899	0.586850984772695	0.889592027770826	0.923372507542861	0.4183008111497	0.367808871291522	0.923372507542861	0.836515344980514	0.798755016975277	0.919492986747559	0.743339410082295	0.846107478425959	0.923372507542861	0.923372507542861	0.887181809968105	0.822939445687425	0.923191292123099	0.693226142017252	0.854363435242846	0.893915657409062	0.455493946387607	0.439968825834114	0.915313883266109	0.847121960248165	0.816999533494037	0.834159174032748	0.921670907739043	0.838921131966264	0.923282718948044	0.923372507542861	0.502298841335492	0.874555485337065	0.914719609332533	0.90187473638028	0.895367429172734	0.849371243775084	0.908554164772739	0.913669146619996	0.452809819289713	0.905482199309491	0.920516896337866	0.847930213807	0.885850842849326	0.915006218333618	0.790184444278058	0.850751296864394	0.846443552798122	0.792144735365188	0.912883425733246	0.923372507542861	0.903516622071503	0.83893228335519	0.86769040120615	0.851656962961924	0.922639291983233	0.921068477700414	0.878046553343797	0.888311934961492	0.753343532271034	0.85868903403584	0.645920449290417	0.893528569276493	0.838221218772771	0.861868710625827	0.906053638417796	0.915928177993325	0.916089989499782	0.916776259588914	0.923320114456029	0.834708034574592	0.0997058542324202	0.574714784632376	0.923372507542861	0.795233154898196	0.760973179049764	0.923372507542861	0.804793022887138	0.586850984772695	0.906854180652206	0.630143553097507	0.870761874054689	0.920131780363139	0.854146087508178	0.919476151545659	0.666455201414091	0.776356097869634	0.921663060408189	0.845886630055565	0	0.905968022364552	0.624166457137758	0.871019736135609	0.923229934093127	0.923105152496881	0.893059785104118	0.888697552507855	0.0831544092835352	0.923372507542861	0.906766173062622	0.923372507542861	0.509411589328759	0.913898968087569	0.923372507542861	0.708440618677829	0.883730680322563	0.850750811897683	0.911993223005439	0.913795855072243	0.921129560358958	0.774233859981373	0.914876930587164	0.681552138802915	0.923372507542861	0.00794386059682636	0.87647966077213	0.917230920509904	0.904546947123568	0.864591933723618	0.896068597025068	0.818592238618563	0.919431872366693	0.901281682909915	0.387234721289955	0.855388884573535	0.911444337279607	0.87617878363707	0.332392017134614	0.923372507542861	0.908962730789524	0.2802760441478	0.923372507542861	0.906955461720131	0.908853041491125	0.866808395681574	0.894533289075015	0.814328435037882	0.914122438051418	0.914942574048562	0.259341346761951	0.470454076410288	0.498097587837628	0.884860872522866	0.914162252516624	0.917060085565525	0.894196758515285	0.857831958223778	0.888613729600811	0.737852254683381	0.907717209874911	0.61675551436492	0.00400391166152536	0.319230307892009	0.874664605087448	0.744821645482611	0.923372507542861	0.914265346042567	0.905345436855925	0.87493654469388	0.778261430158084	0.917338048317174	0.923372507542861	0.91266383067228	0.923372507542861	0.873670546880415	0.923372507542861	0.586850984772695	0.923272673671352	0.920105288272741	0.923372507542861	0.922925241258197	0.847420078483998	0.586850984772695	0.556508907835361	0.880140398139124	0.345793661560555	0.923372507542861	0.695738108427826	0.91974882288594	0.887594575173342	0.834728043485824	0.843595254437283	0.871850141126173	0.886173383774782	0.903617981519444	0.403223675097383	0.897997659472459	0.869961909395903	0.856340595145173	0.859507733653452	0.923372507542861	0.834948822542571	0.878321309006371	0.837622730551362	0.586850984772695	0.901454889083457	0.923372507542861	0.911893193183516	0.0806866296417359	0.917989251141938	0.764886631840735	0.909452505045492	0.327472222923168	0.257785606408373
"SRR5928187"	0.753911558576654	0.131276502018815	0.039237533114516	0.0563013408330844	0.220585916575581	0.016730903795367	0.0819698592337277	0.145921365461377	0.111868143512879	0.297153701346207	0.352468779563348	0.987669971804573	0.988160906034926	0.0193173985919813	0.994810516026281	0.00146896858876945	0.058478839094027	0.0819698592337277	0.386044918369865	0.0472964474162113	0.335386195078742	0.0380906079328145	0.0819698592337277	0.0405464543478991	0.145367032244879	0.40401071141982	0.781450720727251	0.0819698592337277	0.0341715986917735	0.00893227680539158	0.469405766402381	0.994810516026281	0.0679096341131351	0.0819698592337277	0.758220455380041	0.969569541366162	0.0819698592337277	0.242485133008386	0.336479765970748	0.0627209108019127	0.444458268904302	0.215141592499418	0.0819698592337277	0.0819698592337277	0.0772459656084745	0.278618342035456	0.0810573762253735	0.520594840493437	0.190285735119057	0.0507562700333546	0.980489179778116	0.978642331251376	0.0426358027152559	0.212155355486996	0.29355940917135	0.2489643391094	0.0734536900075827	0.235774985415116	0.0815175762522066	0.0819698592337277	0.985849787696201	0.123685695006559	0.0398326069934221	0.0177454886522932	0.0448764529482651	0.205467424968802	0.0114955767155887	0.0349090780127787	0.980172402463424	0.00213465101968557	0.0677436014102814	0.209762803501608	0.0823343206988905	0.0411829276073224	0.3552271284003	0.201317711721308	0.214154380930641	0.351013731246838	0.0312524650232902	0.0819698592337277	0.010692398979653	0.235743656788652	0.147319737460123	0.198575029445193	0.0782860261447203	0.07046630021004	0.111244174136015	0.0728879951355308	0.427078030942804	0.176740349151362	0.579163958826022	0.052313672637934	0.237737130717073	0.166542613761355	0.000376994622636131	0.04554709756673	0.0463162855212089	0.0495893705584101	0.0817059052098629	0.247463114707556	0.881211800195214	0.649839461668063	0.0819698592337277	0.344286679110062	0.413254710227321	0.0819698592337277	0.322747130663267	0.994810516026281	0.00391380464384226	0.59642442868964	0.136878787750857	0.0658496658375433	0.190956629028037	0.0626386673083517	0.555085483541623	0.383764142797327	0.0734146835626717	0.21578922311808	0.905968022364552	0	0.602704047156029	0.135992542300344	0.0812518406687955	0.0806240984741221	0.0541939881432342	0.0713930346896061	0.923607361424296	0.0819698592337277	0.00352394209029918	0.0819698592337277	0.701308259647681	0.0359828322712712	0.0819698592337277	0.49921880526833	0.0903428662320754	0.201319176235681	0.0271362859070308	0.0355008393826009	0.0707685500554334	0.387968222391541	0.0405734331069653	0.536097880354784	0.0819698592337277	0.9077605186772	0.116864614067825	0.0517675230152641	0.00622223048111133	0.157641242922784	0.0420145199479361	0.28960241011656	0.062422406512324	0.0202720732227441	0.774605771499853	0.18710803552312	0.0246123138077768	0.117937051895721	0.800572970047992	0.0819698592337277	0.0133323346335653	0.957353943674286	0.0819698592337277	0.00436278712288415	0.0128386536518029	0.150279161608315	0.0482623141152208	0.300116576045328	0.0370287447872763	0.0408828161287161	0.954211061755608	0.982235791895517	0.70921201954243	0.0860884658347339	0.0372152795801785	0.0509481907443735	0.0496225759464151	0.179453841781359	0.0717183447068378	0.453651212873909	0.00775065867086082	0.610302442634324	0.906874513114428	0.806308042624003	0.123301231450551	0.441934507613965	0.0819698592337277	0.0376985506907912	0.00273416806887353	0.122341873915573	0.37995116464664	0.0522818731024819	0.0819698592337277	0.0302344638486171	0.0819698592337277	0.126793234987776	0.0819698592337277	0.994810516026281	0.0814669964857309	0.0657195948470522	0.0819698592337277	0.0797201200210525	0.211274266482677	0.994810516026281	0.665285930258338	0.103639444030589	0.96662981675113	0.0819698592337277	0.517159652515493	0.0639720735044821	0.0756582776369917	0.247408294793086	0.222457249153853	0.133128187471917	0.0811055765216842	0.0102541614277124	0.974126153785648	0.0340652256826815	0.139618563733323	0.184140384117954	0.174134467724519	0.0819698592337277	0.246802978087951	0.11025245178522	0.239408430448266	0.994810516026281	0.0195353072369657	0.0819698592337277	0.026675520249594	0.886283189827584	0.0554178010540188	0.405963455775489	0.0155416998523634	0.964117527383834	0.953973828576675
"SRR5928172"	0.264274325993203	0.509375165258633	0.627958828522287	0.638601703833771	0.436796666583686	0.59159008706906	0.65424044439537	0.498023627177117	0.524108559224906	0.36752735154848	0.312803167529276	0.875907666217732	0.877580978619989	0.615276495553144	0.900456585430342	0.601736703128519	0.63994547881144	0.65424044439537	0.277439959928962	0.570726092303347	0.330156139717954	0.577087837528725	0.65424044439537	0.628782351347387	0.498457047091501	0.257799845263072	0.321178971171115	0.65424044439537	0.579775519443518	0.608551578402383	0.181700355614747	0.900456585430342	0.556230523657049	0.65424044439537	0.272971849275518	0.81566086996144	0.65424044439537	0.417697607339053	0.329057718205025	0.642554131522975	0.211622617568661	0.441460923495487	0.65424044439537	0.65424044439537	0.549548341669537	0.384951866747606	0.653691973976318	0.116538607560248	0.462344925547052	0.568317468277452	0.851672695340293	0.845511452414023	0.630094413680484	0.444005374765605	0.370940610051477	0.411940893813861	0.649100386693117	0.423607993242402	0.653968656412177	0.65424044439537	0.869722175603145	0.515179107839405	0.628333374403595	0.590909265185286	0.572405050956077	0.449668474465776	0.610218771168361	0.62522698825113	0.850613831591357	0.601297806785285	0.645627185957428	0.446036907657177	0.545875240717186	0.629182363814608	0.309961643571851	0.453157904367971	0.442303172631755	0.314297615755047	0.622908895624796	0.65424044439537	0.595625817130267	0.423635466032447	0.496928951351858	0.455454017235008	0.652022851377296	0.647285985926528	0.524576483108168	0.552676612451206	0.231807720484121	0.473450153217417	0.0350649030395331	0.567230070144501	0.421885092980221	0.481686389156639	0.602952045343208	0.631917581887082	0.632398297541246	0.634439297575475	0.654081844122287	0.413279101149625	0.557105412188342	0.0746733619273342	0.65424044439537	0.321166952075966	0.247490503521734	0.65424044439537	0.342730146847741	0.900456585430342	0.605273507249853	0.00949251227895716	0.505056877520484	0.644470394535601	0.461789914257682	0.642503671360227	0.0695168209182344	0.279896668454868	0.649076734057296	0.440907806992487	0.624166457137758	0.602704047156029	0	0.505741983927687	0.653808907155471	0.653431351504521	0.565914567654842	0.553746021199212	0.674364734456328	0.65424044439537	0.605018068595849	0.65424044439537	0.163790798212314	0.625905898979573	0.65424044439537	0.144391840602822	0.5400488699111	0.453156676153379	0.620288127575515	0.625601246010461	0.647469827265262	0.275361959402045	0.628799312764889	0.0957303272525888	0.65424044439537	0.629172953793758	0.520348831987561	0.635793447875749	0.598595497078252	0.488790035069824	0.574384523423563	0.37467903719892	0.642370963715877	0.589210391914797	0.306738744131767	0.464967321755937	0.61867514432139	0.519538868946785	0.362609012790204	0.65424044439537	0.61141045402183	0.776533204953795	0.65424044439537	0.605567541694369	0.611090397689733	0.494605986771125	0.570054663531352	0.364701088742022	0.626566426888436	0.628993784112835	0.766657639228152	0.85752638873231	0.178247722108686	0.543150960742071	0.626684149013887	0.635284453419465	0.569107783902819	0.471240713277108	0.553513474134435	0.200729271841371	0.607781417447424	0.011624416692065	0.62669569048179	0.375357692237305	0.515471638719655	0.21458665317794	0.65424044439537	0.626989027955217	0.600902250219799	0.516200997101478	0.28398566230762	0.636112743131576	0.65424044439537	0.622261855434052	0.65424044439537	0.512809591882104	0.65424044439537	0.900456585430342	0.653938253494287	0.64439086088112	0.65424044439537	0.652887201360218	0.444754242831312	0.900456585430342	0.100540328883143	0.530251087801254	0.806134870251852	0.65424044439537	0.12107920210693	0.643321216810957	0.550689899754016	0.413327918002274	0.435185842565586	0.507951157113728	0.546764263545479	0.59591762279195	0.830566759669349	0.579848300808929	0.502934177880467	0.467406838136849	0.475564864084457	0.65424044439537	0.413866714601287	0.525319462985203	0.420414073691333	0.900456585430342	0.589706301547009	0.65424044439537	0.619994007811021	0.570534323717003	0.638055536599959	0.255633761559574	0.612840620756089	0.798049566655201	0.765915322715166
"SRR5928380"	0.683944573685196	0.00479667046452087	0.174354074494487	0.190917512897872	0.0870522032077793	0.119517687071215	0.215698424956381	0.0101178741370689	0.0244749889302446	0.167535858071695	0.226708192598525	0.97498201285038	0.975614232946997	0.154926723031467	0.984186505523959	0.134548882034612	0.193025990552439	0.215698424956381	0.263055761156237	0.0892365279979248	0.208340922543727	0.0983817819986849	0.215698424956381	0.175627163583689	0.00955229513002953	0.282639840723055	0.717225747174192	0.215698424956381	0.102268427744013	0.144759250014965	0.354734992303325	0.984186505523959	0.0686801266762636	0.215698424956381	0.689134735384128	0.951735818905589	0.215698424956381	0.109905099077484	0.209514219091424	0.19713025085652	0.327080438915423	0.0813912423232711	0.215698424956381	0.215698424956381	0.0593334524794656	0.147902418852087	0.214820259032106	0.412071307845846	0.0556491165853748	0.0857938644749266	0.965745050419767	0.96337250916379	0.177658435892107	0.0782896245695079	0.163721062916188	0.116691843685287	0.207494630344132	0.102888691181015	0.215263177027509	0.215698424956381	0.97263879220028	0.0125048952190595	0.174932910668544	0.118516354056398	0.0916426969864004	0.0713521264085929	0.147271338739834	0.170141086814676	0.965338013449058	0.133894489533685	0.201984054828599	0.0758063891039504	0.0542299514798761	0.176246059782766	0.229681875297462	0.0670536935932719	0.0803656175044021	0.225140440294439	0.166578394420194	0.215698424956381	0.125471931194526	0.102855961831499	0.0115449785902534	0.0642152903820146	0.212151889560371	0.204612617427481	0.0251059911410778	0.0636990580092347	0.307924731870747	0.041691329255102	0.478669777559841	0.0842431835616938	0.104939104940019	0.0312157583958897	0.136362954249348	0.180487005817773	0.181233987045964	0.184410942103851	0.215444418714454	0.115118327847631	0.840002521937678	0.560485020160788	0.215698424956381	0.217900273481173	0.292753571974512	0.215698424956381	0.194805293298666	0.984186505523959	0.139836267647552	0.498502846752853	0.000902055757380329	0.200154529457077	0.0563417264497372	0.197050721239229	0.451160166657275	0.260576321153015	0.207457013883007	0.0820642176565016	0.871019736135609	0.135992542300344	0.505741983927687	0	0.215007426996127	0.214403205070686	0.0823701535434329	0.0651955048691323	0.89325623364011	0.215698424956381	0.139453558534915	0.215698424956381	0.621090037213074	0.171186630777551	0.215698424956381	0.388030603324388	0.0461839396959343	0.0670552097665579	0.162563962189553	0.170717336487866	0.204904305097951	0.26514777682223	0.175653399325046	0.429595312074303	0.215698424956381	0.873274203981112	0.019418510908512	0.186523656558876	0.129873787517659	0.0220946942074107	0.094486344720066	0.159525526730085	0.196841588701409	0.116021636449614	0.708929268763228	0.0523702153744102	0.160100293181225	0.0183323367922081	0.740488898270912	0.215698424956381	0.149070388320901	0.936116863369803	0.215698424956381	0.140276964601721	0.148586925550731	0.0145669286176817	0.0882757603668411	0.170683245341892	0.172204789355764	0.1759542487875	0.932107353663758	0.967990004630387	0.630474614250105	0.0504603209831687	0.172386345811837	0.18572907677927	0.0869222741220345	0.0444834671891759	0.0648699206240114	0.337249084967677	0.143600684228715	0.51451829120445	0.872159706086252	0.747490658380694	0.0128949007284203	0.324293255234965	0.215698424956381	0.172856678984961	0.133305044742722	0.0138679170566626	0.256434617548186	0.187022383221265	0.215698424956381	0.165585949335779	0.215698424956381	0.00935112796341845	0.215698424956381	0.984186505523959	0.215214499225333	0.200028849713857	0.215698424956381	0.213532927985503	0.077374958261227	0.984186505523959	0.578581681781648	0.0327882229532997	0.947971969684071	0.215698424956381	0.408198395405045	0.198339922714024	0.0609244917435688	0.115060879904373	0.0889998747362849	0.0029140294680093	0.055462968576477	0.125903694780214	0.957576233523041	0.102373867701861	0.00369202672680221	0.049310519644776	0.0390117894709307	0.215698424956381	0.114426600104409	0.0261086808576321	0.10668642749467	0.984186505523959	0.116749276994782	0.215698424956381	0.162114323625032	0.846338429375584	0.190061645888754	0.284774207278101	0.151233276700605	0.944757945042825	0.931804854307372
"SRR5928375"	0.7896198035558	0.210415083592327	0.0421408084030995	0.0250584346522526	0.296828512187581	0.0978574873665606	0.000722549739770702	0.224665114447323	0.191481201160091	0.369994206629678	0.422332193690593	0.993826745003391	0.994248470211221	0.0620261088745351	0.999957757474572	0.0827115138730218	0.022875343894366	0.000722549739770702	0.453891393231954	0.128084825070545	0.406215098433754	0.118995681421938	0.000722549739770702	0.0408320473232189	0.224126301383495	0.470713379223079	0.814035637549437	0.000722549739770702	0.115122475534645	0.0723690181265355	0.531568036414415	0.999957757474572	0.148390524375195	0.000722549739770702	0.79344642801928	0.97825741861451	0.000722549739770702	0.317840621704317	0.407248092297135	0.0186202783961373	0.50842212702545	0.291593979389274	0.000722549739770702	0.000722549739770702	0.157566636327526	0.35235941270582	0.000195677897082294	0.578794443183235	0.267641312776357	0.131497492780697	0.987654891027531	0.98606651422005	0.0387424096905888	0.288720991602431	0.366578371007223	0.324044119331049	0.00784222050888182	0.311409641909644	0.000267403240701803	0.000722549739770702	0.992262902681896	0.203016481325687	0.0415458399286455	0.0988631112113163	0.125696743309689	0.282282003851015	0.0698176663005449	0.046466862320769	0.987382477268579	0.0833728759704234	0.0135786133147522	0.286418241850947	0.162562186446064	0.0401955569242817	0.424930797816228	0.27828349175068	0.290644349470838	0.420960981517925	0.0501192089035002	0.000722549739770702	0.0918690888763587	0.3113796014625	0.22602413420744	0.27563937062503	0.00298368458531976	0.0108440006032712	0.190871560934459	0.153285074690556	0.492246440690493	0.254550290305248	0.63239510411014	0.13303308180354	0.313290825349002	0.244676948320081	0.0808771786985762	0.0358295939440269	0.0350597866889887	0.0317830494890757	0.000456920705233446	0.322607313483514	0.901675422099343	0.696465900654953	0.000722549739770702	0.41461765836361	0.479351385476517	0.000722549739770702	0.394263918654992	0.999957757474572	0.0773611999005159	0.648103716487029	0.215870061091254	0.0154801610623213	0.26828900732147	0.018702800188148	0.610414999376525	0.451752611559875	0.00788142373919275	0.292216879038156	0.923229934093127	0.0812518406687955	0.653808907155471	0.215007426996127	0	0.000631638223455983	0.134886575297418	0.151815671471069	0.938541460230651	0.000722549739770702	0.077748859562772	0.000722549739770702	0.742711072182914	0.0453939716754112	0.000722549739770702	0.559116503749677	0.170416842594143	0.278284903344285	0.0542281354658442	0.0458755987634327	0.0105403575450504	0.455694395041964	0.0408050690995958	0.593027253917083	0.000722549739770702	0.924787643683947	0.196360849717512	0.0296015535940899	0.0874324506179096	0.236046290442966	0.122871413323903	0.362815711487245	0.0189197877958819	0.1013667030945	0.807976072184222	0.264572606806055	0.0567463780779684	0.197407731036512	0.830932126741506	0.000722549739770702	0.0679888538543012	0.967727302550101	0.000722549739770702	0.0769147257052736	0.0684804498212054	0.228899327835468	0.129037708804124	0.372808593805135	0.0443487304244251	0.0404956842318538	0.965015101884517	0.989156675689256	0.74978207320926	0.166245383839903	0.0441622977223374	0.0304222291695862	0.130379448382998	0.257174905915178	0.15213544857881	0.516961136129599	0.0735447913278391	0.6607052372178	0.924017739808111	0.835990580750207	0.202641526163253	0.506075859452676	0.000722549739770702	0.0436792662843513	0.0839684444639393	0.201705799762695	0.448175397552723	0.0290863074461325	0.000722549739770702	0.0511356578237331	0.000722549739770702	0.20604636502926	0.000722549739770702	0.999957757474572	0.00021650521145363	0.015610734514726	0.000722549739770702	0.00154111989888357	0.287873069962059	0.999957757474572	0.7103810855469	0.183436829023628	0.975724985309801	0.000722549739770702	0.575636319150774	0.0173647532694685	0.156007114178111	0.322554839798678	0.298626744798221	0.212218592389732	0.16135620697105	0.09143427255647	0.982180629010929	0.11501731346655	0.218536111980509	0.261705415806026	0.252028748966033	0.000722549739770702	0.321975401236118	0.189902494233737	0.314892726660822	0.999957757474572	0.100636741720983	0.000722549739770702	0.0546879278853483	0.906097158815448	0.0259440353122373	0.472539098159388	0.0657883641801124	0.973559926497289	0.964810328345043
"SRR5928416"	0.789358860220267	0.20980970124479	0.0415102105354026	0.0244271604703849	0.296249172175697	0.097231507953708	0.0013541873812969	0.224063414767396	0.190871299498443	0.3694438640845	0.421806503167929	0.99378249617317	0.994204720304159	0.061396735524287	0.999920782810396	0.0820839134802196	0.0222440082958784	0.0013541873812969	0.453382143458872	0.127462896541011	0.40568146906375	0.118372420531995	0.0013541873812969	0.0402013853614644	0.223524458061392	0.470213377279362	0.813797988335487	0.0013541873812969	0.1144986767444	0.0717404676447628	0.531104302853236	0.999920782810396	0.147771927490752	0.0013541873812969	0.793189088581004	0.978194898782962	0.0013541873812969	0.317268957210797	0.40671496247825	0.017988839383716	0.507944079326209	0.291012809007816	0.0013541873812969	0.0013541873812969	0.156949705942396	0.351801498269949	0.000435960377109297	0.578361894343134	0.267052182816059	0.130876089887506	0.987603364814019	0.986013122456537	0.0381116496166228	0.288138830477867	0.366026532892307	0.323474821381066	0.00721061591609351	0.310835572442375	0.000899041321179397	0.0013541873812969	0.992216805593744	0.202409282235415	0.040915212670918	0.0982372490857269	0.125074455196282	0.281697657935078	0.0691889010123356	0.0458364908119411	0.98733063089128	0.0827453406609124	0.0129470796478638	0.285835293720496	0.161946205432925	0.0395648645280498	0.424406416242372	0.277697813946505	0.290062850524894	0.420434603538714	0.0494890458340565	0.0013541873812969	0.0912424359421076	0.310805520876595	0.225422798363146	0.275052822525873	0.00235205053558691	0.010212428242985	0.190261520846731	0.152667354252189	0.491758768080992	0.253957098689869	0.632001166584095	0.132411919949685	0.312717454288925	0.244080828284539	0.0802494005156684	0.0351987057747902	0.0344288663525002	0.0311520001168367	0.00108855863287678	0.322037463337564	0.901527235652276	0.696122605603717	0.0013541873812969	0.414088129288101	0.47885626315289	0.0013541873812969	0.393724602104101	0.999920782810396	0.0767330921263151	0.64772174291915	0.215266059941285	0.0148486595446216	0.267700083611325	0.0180713629765233	0.610004814646944	0.451242210136902	0.00724981949828552	0.291635924757943	0.923105152496881	0.0806240984741221	0.653431351504521	0.214403205070686	0.000631638223455983	0	0.134265708120738	0.151197684918921	0.93843364083854	0.0013541873812969	0.0771207874068165	0.0013541873812969	0.742407367810085	0.0447635419520879	0.0013541873812969	0.558670638372803	0.169802414354135	0.277699226006949	0.0535982258609166	0.045245195003572	0.00990878143704917	0.455186120344747	0.0401744058380681	0.592604624105705	0.0013541873812969	0.924664574965075	0.195752071974181	0.0289704253979707	0.086805326202659	0.235447705587546	0.122248708550438	0.362262242025673	0.0182883553580299	0.100741138192264	0.807732575545489	0.263982506440991	0.0561166337405201	0.196799198110212	0.830711013504999	0.0013541873812969	0.0673599393572713	0.967652589096359	0.0013541873812969	0.0762865771304584	0.0678515750414093	0.228298768978955	0.128415925648247	0.372259493930111	0.0437182453036752	0.0398650061264901	0.964937269164804	0.989106916088084	0.749484646855703	0.165630121811153	0.043531802857295	0.0297911299626636	0.129757871756811	0.256582512274808	0.151517519720655	0.516488294965491	0.0729163424447738	0.660333073609399	0.923893824131774	0.835774484185801	0.202034236736065	0.505596396354566	0.0013541873812969	0.0430487463650034	0.0833409682083838	0.201098285623188	0.447663082111123	0.0284551614590716	0.0013541873812969	0.0505055555856399	0.0013541873812969	0.205439902058219	0.0013541873812969	0.999920782810396	0.000848143325699796	0.0149792353624244	0.0013541873812969	0.000909482509022119	0.287290618311087	0.999920782810396	0.710049435441099	0.182825136373175	0.975659520914651	0.0013541873812969	0.575201602071917	0.0167332878580442	0.155389893497455	0.321984969532445	0.298048041103258	0.211613662771626	0.160739994050506	0.0908075723793016	0.982122685945405	0.114393500320556	0.217932798754891	0.261114418887273	0.251434798434772	0.0013541873812969	0.321405309010361	0.189292235018044	0.314319953642016	0.999920782810396	0.100011089388499	0.0013541873812969	0.0540580478927751	0.905953728558975	0.0253127876612077	0.472040120163308	0.0651592754237516	0.973491950759069	0.964732260473861
"SRR5928368"	0.727713012393206	0.0776023526492289	0.0932448260269769	0.110178792668353	0.168286159548206	0.0374950954517729	0.135596681575583	0.0924155073668217	0.0580052717625529	0.246700456294443	0.303737728277163	0.983018772160867	0.983561709155848	0.073438996138194	0.990918509456747	0.052728972024622	0.112337606640335	0.135596681575583	0.338519431344637	0.00691422775474509	0.286088327538588	0.0161347409782628	0.135596681575583	0.0945448296091288	0.0918543978733506	0.357180271376927	0.757461025486695	0.135596681575583	0.0200573635016009	0.0630975054607269	0.425401305250489	0.990918509456747	0.01376333977885	0.135596681575583	0.732361776140194	0.963021011924743	0.135596681575583	0.190650150920807	0.2872172462073	0.116541905451331	0.39932076574253	0.162734132314989	0.135596681575583	0.135596681575583	0.0231432008150199	0.22766107493464	0.134694244858933	0.479128816302477	0.137426135666503	0.0034466448526441	0.97508061917638	0.973039972746273	0.0966195842361531	0.159690144031081	0.243005568821175	0.197276572422726	0.127171018322401	0.183792215599889	0.135149388617724	0.135596681575583	0.981006032957616	0.0699330830868077	0.0938358671656352	0.0364815339987113	0.0093389208226591	0.152876275665621	0.0656510543501744	0.0889446261397378	0.974730572263995	0.0520650083842714	0.12151752697958	0.157251998755485	0.02825905843085	0.0951769039702713	0.306590540317691	0.148650783124817	0.161727725135279	0.302233179409954	0.0853104048830925	0.135596681575583	0.0435253370019161	0.183760208124312	0.0938311154451365	0.14585900809709	0.131952893731673	0.124213648395941	0.0573758827557543	0.018763795430556	0.381191287105323	0.123661624385351	0.540957124691948	0.00188534835083359	0.185797084369667	0.113311581662617	0.0545699329929595	0.0995098082110691	0.100273285992179	0.103521404398824	0.135335642246216	0.195740843400143	0.865956673905349	0.616074423518794	0.135596681575583	0.295280229977304	0.366795513613251	0.135596681575583	0.273050023506448	0.990918509456747	0.0580961902334751	0.559250803844143	0.0832663838621192	0.119641638559123	0.138108382128762	0.116460411529724	0.515492716899145	0.336152915258005	0.12713240963576	0.163394411330624	0.893059785104118	0.0541939881432342	0.565914567654842	0.0823701535434329	0.134886575297418	0.134265708120738	0	0.0172619322662118	0.912415176941346	0.135596681575583	0.057707553319711	0.135596681575583	0.671131527112098	0.0900115480042431	0.135596681575583	0.456657731655431	0.0363162961079392	0.148652274064234	0.0812178113585247	0.0895326365148842	0.124512901823643	0.340515474313003	0.0945716227397247	0.495457576001254	0.135596681575583	0.895024997675795	0.063046594413648	0.105682342537017	0.047986993853673	0.1042861413357	0.0122056359586739	0.23893941412176	0.116246118493391	0.0339570414137931	0.750058929901781	0.134195305253383	0.0787074523127819	0.0641289963799942	0.778168302399376	0.135596681575583	0.0674804145273264	0.949546896655589	0.135596681575583	0.0585437420593025	0.0669887555747441	0.0968276882614013	0.0059463181409217	0.249747289454279	0.0910506930896818	0.0948788717760941	0.946083073807224	0.977010883501713	0.679612898825522	0.0320352052863739	0.0912360093023069	0.104869541807325	0.00458301699409856	0.126417475336743	0.0175887247682376	0.408923317077718	0.0619201574533265	0.573983676118217	0.894053573797808	0.784386965884187	0.0695448045940944	0.396686166440137	0.135596681575583	0.0917161069580684	0.0514670006763062	0.06857599444717	0.332197851503399	0.106192557703027	0.135596681575583	0.0842983965971729	0.135596681575583	0.0730720212845283	0.135596681575583	0.990918509456747	0.135099365617951	0.1195127937428	0.135596681575583	0.133371560420461	0.158792194687763	0.990918509456747	0.632566350619886	0.0497083380405149	0.959776806388372	0.135596681575583	0.475514255290301	0.11778158090497	0.0215474772992652	0.195684767997028	0.170195232614701	0.0794740856757561	0.0270234285823979	0.0439628301444996	0.96805159798789	0.0201638126774859	0.0860375438054337	0.131178990157164	0.121015789287691	0.135596681575583	0.195065609419273	0.0563756295112652	0.187505095272307	0.990918509456747	0.034693264665634	0.135596681575583	0.0807595790250719	0.871502989942275	0.109302697772792	0.359210667187835	0.0696804273303975	0.957005118782919	0.945821662547783
"SRR5928378"	0.718954757688832	0.0604166241472141	0.110339533384381	0.127212914143444	0.151438445909624	0.0547236777959883	0.152522467827146	0.0752666307866638	0.0407817879439717	0.23036221410621	0.287897080718877	0.981437690802918	0.981998249821284	0.0905927936083047	0.989594819889869	0.0699309715763213	0.129363338053267	0.152522467827146	0.323034870076237	0.0241734434110434	0.270082255400203	0.0333879174328313	0.152522467827146	0.111635214500531	0.0747039948780611	0.341903225908602	0.749425526703073	0.152522467827146	0.0373071336050949	0.0802771094553115	0.410980990587419	0.989594819889869	0.00349937530289693	0.152522467827146	0.723714501581881	0.960797868999663	0.152522467827146	0.173927170131066	0.271221447808201	0.133550864874792	0.384554721660866	0.145857992714408	0.152522467827146	0.152522467827146	0.00588348165834361	0.21118056859923	0.151624234714611	0.465491896450236	0.120433208599169	0.0207074170933232	0.973243038353911	0.971136801233569	0.11370295739472	0.142798848019266	0.226638785992554	0.180593699655861	0.144135028455494	0.167029242155523	0.152077261672879	0.152522467827146	0.979359712148206	0.0527310877495737	0.110928616109754	0.0537116179537321	0.0265968159710571	0.135952152436465	0.0828246082077764	0.106053241959446	0.972881730106172	0.069268323365356	0.13850589944663	0.140348781791506	0.0110021795392821	0.11226516748433	0.290777596002973	0.131707066380437	0.144846540919117	0.286378029517175	0.102430308627793	0.152522467827146	0.0607442965592444	0.166997051641596	0.076686135491407	0.128902666605475	0.14889549171275	0.141190531366322	0.04015139387328	0.00150232133640918	0.366198196815903	0.106613978306641	0.52834057936876	0.0191466938976011	0.169045642948299	0.0962268706261778	0.0717682105380223	0.116583181647451	0.117343972806149	0.120580450637204	0.152262647137253	0.179048547015777	0.860810449014649	0.604869242851147	0.152522467827146	0.279359030302803	0.351629888322913	0.152522467827146	0.256928339215247	0.989594819889869	0.0752870317800277	0.546960603980492	0.0660939007360037	0.136637866572033	0.12111832843943	0.133469701481452	0.502440495326739	0.32064285969336	0.14409658964457	0.146521599402408	0.888697552507855	0.0713930346896061	0.553746021199212	0.0651955048691323	0.151815671471069	0.151197684918921	0.0172619322662118	0	0.908628088503338	0.152522467827146	0.0748992341637754	0.152522467827146	0.66108079018504	0.107116768803471	0.152522467827146	0.44268149452114	0.0190656175980804	0.131708564130224	0.098349915031041	0.106639385800037	0.141488495050485	0.325052560115784	0.111661917969925	0.482077761025584	0.152522467827146	0.890720580821413	0.0458316268945074	0.122733455451016	0.0651980746633257	0.0871719662251185	0.0294617235057823	0.222541741747532	0.133256276564427	0.0511907205759532	0.741840802524723	0.117188977884589	0.0958467710412305	0.0469159653887407	0.770653523205784	0.152522467827146	0.0846495042046134	0.946898829015075	0.152522467827146	0.0757336110123759	0.0841590556974852	0.0796911725486844	0.023206007591096	0.233432919911928	0.108152571850896	0.111968137160424	0.943326768783781	0.975235476115486	0.669749042692794	0.0147809692052796	0.108337288389489	0.121923656422968	0.0218433221565813	0.109380288702585	0.000326885951247907	0.394281943226923	0.0791024797913383	0.561964425016225	0.889720561663602	0.777031391523878	0.0523420367178186	0.381886451529879	0.152522467827146	0.108815827305279	0.0686714881849885	0.0513713204117348	0.316645601320394	0.123241775462413	0.152522467827146	0.101421367566622	0.152522467827146	0.0558764518674723	0.152522467827146	0.989594819889869	0.152027471649175	0.136509557138882	0.152522467827146	0.150307663909035	0.141896485637765	0.989594819889869	0.621696310788206	0.0324726414311497	0.957450787743002	0.152522467827146	0.461821621649596	0.134785485911747	0.00428704644442942	0.178992128984317	0.153357526627884	0.0622926184453005	0.00976578567838131	0.0611810456856807	0.965988687186253	0.0374134833793684	0.0688719224058925	0.114160460414555	0.103958334948873	0.152522467827146	0.178369194121843	0.039149569896797	0.170763582328022	0.989594819889869	0.0519259167059232	0.152522467827146	0.0978930149291836	0.866515171150462	0.126340181150939	0.343956894988119	0.0868440047581012	0.954591492271179	0.943057205534201
"SRR5928437"	0.49278176744963	0.894444418553423	0.931074034603457	0.934169610929598	0.869895074500751	0.920266316125385	0.938664650533188	0.890718222203558	0.899220622757538	0.844754032831278	0.823587455314657	0.454101082897246	0.45897000690403	0.927345978262901	0.527955182054926	0.923317916970626	0.934558344737269	0.938664650533188	0.80924421665629	0.913900766514376	0.830431018474855	0.915854798307337	0.938664650533188	0.931314630968398	0.890861243548663	0.801039151343834	0.443666012369236	0.938664650533188	0.916676861826154	0.925351573157255	0.767514238340499	0.527955182054926	0.909404827638274	0.938664650533188	0.485552697367513	0.293095028755388	0.938664650533188	0.863137677117843	0.83000152772064	0.935311643473836	0.781036932888149	0.871525876542941	0.938664650533188	0.938664650533188	0.907311624713239	0.851245493054702	0.938508071272357	0.736410399193852	0.878736149852101	0.913157921950005	0.386109542187867	0.369544450037057	0.931697585363919	0.872412337154192	0.846034790254633	0.861075426028196	0.937194219254799	0.865242618208706	0.938587069177414	0.938664650533188	0.436303423321296	0.89633395245593	0.931183482378912	0.920060534894967	0.914417589031015	0.87437730434779	0.925847156074801	0.930274623874322	0.383242629903699	0.923186507462946	0.936196776525962	0.873118499691583	0.906155402480963	0.931431431761861	0.822454825306606	0.875582593300541	0.87181955507682	0.824181774426975	0.929594728321682	0.938664650533188	0.921483481553598	0.865252373373536	0.890356731007181	0.876373436934405	0.938031089779404	0.936673543933783	0.899371213861649	0.908293196841312	0.789906139342182	0.882510389715974	0.693978196322419	0.912822009788796	0.864630306564835	0.885283244155442	0.923681524948352	0.932228961301433	0.932368923215426	0.932962488694547	0.938619380689963	0.861555882929898	0.181443805323672	0.629541096197472	0.938664650533188	0.82690155348685	0.796661428520479	0.938664650533188	0.835312491813126	0.527955182054926	0.924374936811821	0.679760045204253	0.893031713286697	0.935863873134903	0.878546442942474	0.935297088940411	0.712434126587082	0.810258330372039	0.937187437165862	0.8713328803389	0.0831544092835352	0.923607361424296	0.674364734456328	0.89325623364011	0.938541460230651	0.93843364083854	0.912415176941346	0.908628088503338	0	0.938664650533188	0.924298710567636	0.938664650533188	0.569838000486459	0.930473476929772	0.938664650533188	0.749994169092303	0.90431313415081	0.875582169790875	0.928824328791646	0.930384259205537	0.936726339259649	0.808384328887938	0.931319584442468	0.725966799237667	0.938664650533188	0.0752573568426339	0.898008195040822	0.933355699092674	0.922376242324085	0.88765701783428	0.915025879507419	0.847432414901045	0.935258808100609	0.919546478774121	0.456547068077379	0.879631107798306	0.928349261973332	0.897746430240805	0.405006122584274	0.938664650533188	0.926200927647204	0.201544439501094	0.938664650533188	0.924462658434681	0.926105951300102	0.889588359229577	0.913693858647004	0.843690122326385	0.930666827941683	0.931376373113745	0.179838642886991	0.402111354214416	0.559434513871068	0.905295260851756	0.930701275609334	0.933207956718918	0.91340184744236	0.881762750682379	0.908555293650629	0.776166688645742	0.925122382606722	0.66766845223986	0.0791753183926768	0.392572548607168	0.896428911173533	0.782351844859799	0.938664650533188	0.930790471694683	0.923068028852861	0.896665553166874	0.811940297441497	0.933448344044353	0.938664650533188	0.929404695606513	0.938664650533188	0.895563800926965	0.938664650533188	0.527955182054926	0.93857838954647	0.935840972054626	0.938664650533188	0.938278182401168	0.872672809641925	0.527955182054926	0.612955286132872	0.901192132951226	0.26994791571657	0.938664650533188	0.738655245181818	0.935532817029962	0.907670151514218	0.861573397429206	0.869330110786395	0.893979209077826	0.906435617159515	0.921571313918247	0.330503561107314	0.916699094462678	0.892335130545733	0.880461589953818	0.88322446487181	0.938664650533188	0.861766649633897	0.899610187879591	0.864106675532212	0.527955182054926	0.919696617727949	0.938664650533188	0.92873775468663	0.1628124775387	0.934011478060351	0.80012344495056	0.926624988446553	0.250746926392628	0.178228498040341
"SRR5928245"	0.789918004018251	0.211107412683941	0.0428621292896069	0.0257805448813232	0.29749098567285	0.0985734744819501	0	0.225353219453453	0.192178715481573	0.370623462897448	0.422933222968152	0.99387729845637	0.994298453627036	0.0627460108210006	1	0.0834293689073278	0.0235975263877474	0	0.454473602144294	0.128796151422031	0.406825216843403	0.11970853991261	0	0.0415534427287181	0.224814571131965	0.471285003128532	0.814307209533871	0	0.115835952775654	0.0730879693622319	0.53209815559818	1	0.149098021863205	0	0.793740508590241	0.978328847759373	0	0.318494300745317	0.407857638748481	0.0193425831031976	0.508968625610609	0.292258550331894	0	0	0.158272219562691	0.352997340942746	0.000918227514612389	0.579288883634392	0.268315006107857	0.132208214846732	0.987713759216728	0.9861275139052	0.0394639192461285	0.289386697902839	0.367209340042813	0.324695087160471	0.00856472455289591	0.312066076339471	0.000455146581871004	0	0.992315567839666	0.203710894636597	0.0422671949807137	0.09957896325717	0.126408483099887	0.28295021396529	0.0705368655766861	0.0471879203051778	0.987441711262309	0.0840906559565809	0.0143010309413297	0.287084850056646	0.163266679397202	0.0409169877283617	0.42553032856801	0.27895322831771	0.291309296933554	0.421562797826278	0.0508400251051903	0	0.0925858518296457	0.312036048631359	0.226711821938746	0.276310104656458	0.00370622680179141	0.0115664650107119	0.191569234109308	0.15399156536643	0.492803953859615	0.255228639622088	0.632845377741935	0.133743526792714	0.313946459594652	0.245358655038622	0.0815952387702846	0.0365512527045784	0.0357814829533202	0.0325048963705549	0.000265629117110613	0.323258913919097	0.901844742209181	0.696858257494267	0	0.415223082267023	0.47991742455449	0	0.394880548827371	1	0.0780796401834517	0.648540306477995	0.216560805809361	0.0162025401616356	0.268962464241624	0.0194251027592709	0.61088385682674	0.452336138707827	0.00860392734456794	0.292881202340411	0.923372507542861	0.0819698592337277	0.65424044439537	0.215698424956381	0.000722549739770702	0.0013541873812969	0.135596681575583	0.152522467827146	0.938664650533188	0	0.0784672587498591	0	0.743058159802185	0.0461150972356706	0	0.559626178932729	0.171119552612329	0.278954639376268	0.054948657965531	0.0465966941822048	0.0112628265192701	0.456275487845523	0.0415264660166822	0.59351034730028	0	0.924928259748207	0.197057074337501	0.0303234926490061	0.0881497569069348	0.236730823395616	0.123583632233277	0.363448548832759	0.0196420847064335	0.102082212896504	0.808254328422367	0.265247412473984	0.0574667092234119	0.198103674744165	0.8311847969096	0	0.0687082254771207	0.967812664100625	0	0.0776332130656639	0.0691997755633537	0.229586124485665	0.129748868021474	0.373436426963098	0.0450699203129468	0.0412170984129501	0.965104027563601	0.98921352543248	0.750121982948833	0.166949051189265	0.0448834989284543	0.0311441343087357	0.131090370167521	0.25785234043387	0.152842178661631	0.517501676779081	0.0742636252748115	0.661130607739506	0.924159323729438	0.836237516682085	0.203336043118539	0.506623977745115	0	0.0444004965934228	0.0846861563586812	0.202400574535605	0.448761115614145	0.0298082673261764	0	0.0518564035089643	0	0.206739933810011	0	1	0.000506044602855559	0.0163331107879758	0	0.00226366726524606	0.288539109202013	1	0.710760126486081	0.184136398785737	0.975799778871248	0	0.57613324008585	0.01808708933079	0.156713030827943	0.323206463284583	0.299288489139826	0.212910402138759	0.16206096623668	0.0921510899434204	0.982246828852107	0.115730807222786	0.219226067632672	0.262381249193152	0.252707968331322	0	0.322627279005327	0.190600418876943	0.315547675724785	1	0.101352352190172	0	0.0554084160905273	0.906261043504963	0.0266661143774895	0.473109550115581	0.0665079371450311	0.97363758950137	0.964899522713396
"SRR5928206"	0.755545484788388	0.134741752823154	0.035718241273113	0.0527872600001694	0.223945948674308	0.020253721517159	0.0784672587498591	0.149372984726888	0.115349269640177	0.300381475031614	0.355576869845827	0.987956233374456	0.9884439591287	0.0157944688689705	0.995049954923485	0.00499288634310062	0.0549655623228434	0.0784672587498591	0.389070491975818	0.0508124153859578	0.338533406349615	0.0416092911504154	0.0784672587498591	0.0370274937748294	0.148819193367802	0.4069890714721	0.782944564617755	0.0784672587498591	0.0376912672155065	0.00540849501122451	0.472194257805001	0.995049954923485	0.071417483819993	0.0784672587498591	0.759832793312713	0.96997299168176	0.0784672587498591	0.245811300096906	0.339624530663858	0.0592092908661906	0.447322526621806	0.21850955088176	0.0784672587498591	0.0784672587498591	0.0807492111214125	0.281881692167145	0.0775542926228552	0.523214998931488	0.193687386909773	0.0542710722006422	0.98082219004968	0.978987310172853	0.039117394493017	0.215527578118596	0.29679425935197	0.252279878090713	0.069946795620569	0.239111866487733	0.0780147356136965	0.0784672587498591	0.986147931166758	0.127157452092088	0.0363134643462643	0.0212681784589862	0.0483931891556225	0.208848983520997	0.00797193869919425	0.0313887716986309	0.980507467228403	0.00565855303099997	0.0642340976959194	0.213138400009963	0.0858348135470446	0.0376641322260864	0.358328720799576	0.204704914090358	0.217523755553044	0.354125228937685	0.027731398612533	0.0784672587498591	0.0142158367199594	0.239080587184067	0.150769980778302	0.201965899401919	0.0747815091386366	0.0669580136747317	0.114725769222207	0.0763934617074994	0.429992642847511	0.180158639845748	0.581570296314321	0.0558279241179927	0.241070909702309	0.169972629207677	0.00314695140415737	0.0420295073148667	0.0427989207812805	0.0460730093479396	0.0782031644057819	0.250781140943872	0.882156391994154	0.651957647902617	0.0784672587498591	0.347413748106443	0.416207946084031	0.0784672587498591	0.325922044517446	0.995049954923485	0.000389867616459335	0.598763434135512	0.140338991766737	0.0623393444728222	0.194357425117473	0.0591270141147531	0.557582465900386	0.386795557587563	0.0699077706164652	0.219156248912968	0.906766173062622	0.00352394209029918	0.605018068595849	0.139453558534915	0.077748859562772	0.0771207874068165	0.057707553319711	0.0748992341637754	0.924298710567636	0.0784672587498591	0	0.0784672587498591	0.703195876210716	0.0324627660161705	0.0784672587498591	0.50191136194592	0.0938386789406474	0.204706376633036	0.0236144700604655	0.03198066442172	0.0672604016762764	0.390988843590542	0.0370544794814474	0.53866364445259	0.0784672587498591	0.90854790968085	0.120341891907005	0.0482518690436646	0.00974597135858423	0.161080929483263	0.0455321145535447	0.292844952040035	0.0589106660808485	0.0237944148058473	0.776134899728167	0.190513699854552	0.0210900940436319	0.121413482171272	0.801966607833635	0.0784672587498591	0.00980882646129316	0.957835265244714	0.0784672587498591	0.000838857175878226	0.00931510837993128	0.153726450232267	0.0517779646206022	0.303338452106928	0.033508919725294	0.0373639425207319	0.954712259740793	0.982557462484007	0.711062682439682	0.089586817734763	0.0336954982972082	0.0474322670424001	0.053137768862647	0.182868896618743	0.0752243859598406	0.456488029716414	0.00422682528251404	0.612585885404169	0.907667225123753	0.807671157690523	0.126773307908983	0.444806201062168	0.0784672587498591	0.0341788839041628	0.00625805338524934	0.125814743037508	0.382992267869212	0.0487663907360843	0.0784672587498591	0.0267132016216736	0.0784672587498591	0.130262374686666	0.0784672587498591	0.995049954923485	0.0779641290746786	0.0622092182021448	0.0784672587498591	0.0762163383918532	0.214647735998596	0.995049954923485	0.667336753387258	0.107126547223875	0.967052096660163	0.0784672587498591	0.519791649001891	0.0604609650567382	0.0791623469050426	0.250726411573663	0.225814511491771	0.136591793208331	0.084606749810839	0.0137776347486121	0.97450030573066	0.0375849195301634	0.143076223904836	0.187549735359287	0.177555820036412	0.0784672587498591	0.250122093327755	0.113734786913074	0.242739547062073	0.995049954923485	0.0230577547385533	0.0784672587498591	0.0231536275104312	0.887198111023841	0.0519034029445471	0.408936555529052	0.0120183775295609	0.964555854055458	0.954476524251594
"SRR5928186"	0.789918004018251	0.211107412683941	0.0428621292896069	0.0257805448813232	0.29749098567285	0.0985734744819501	0	0.225353219453453	0.192178715481573	0.370623462897448	0.422933222968152	0.99387729845637	0.994298453627036	0.0627460108210006	1	0.0834293689073278	0.0235975263877474	0	0.454473602144294	0.128796151422031	0.406825216843403	0.11970853991261	0	0.0415534427287181	0.224814571131965	0.471285003128532	0.814307209533871	0	0.115835952775654	0.0730879693622319	0.53209815559818	1	0.149098021863205	0	0.793740508590241	0.978328847759373	0	0.318494300745317	0.407857638748481	0.0193425831031976	0.508968625610609	0.292258550331894	0	0	0.158272219562691	0.352997340942746	0.000918227514612389	0.579288883634392	0.268315006107857	0.132208214846732	0.987713759216728	0.9861275139052	0.0394639192461285	0.289386697902839	0.367209340042813	0.324695087160471	0.00856472455289591	0.312066076339471	0.000455146581871004	0	0.992315567839666	0.203710894636597	0.0422671949807137	0.09957896325717	0.126408483099887	0.28295021396529	0.0705368655766861	0.0471879203051778	0.987441711262309	0.0840906559565809	0.0143010309413297	0.287084850056646	0.163266679397202	0.0409169877283617	0.42553032856801	0.27895322831771	0.291309296933554	0.421562797826278	0.0508400251051903	0	0.0925858518296457	0.312036048631359	0.226711821938746	0.276310104656458	0.00370622680179141	0.0115664650107119	0.191569234109308	0.15399156536643	0.492803953859615	0.255228639622088	0.632845377741935	0.133743526792714	0.313946459594652	0.245358655038622	0.0815952387702846	0.0365512527045784	0.0357814829533202	0.0325048963705549	0.000265629117110613	0.323258913919097	0.901844742209181	0.696858257494267	0	0.415223082267023	0.47991742455449	0	0.394880548827371	1	0.0780796401834517	0.648540306477995	0.216560805809361	0.0162025401616356	0.268962464241624	0.0194251027592709	0.61088385682674	0.452336138707827	0.00860392734456794	0.292881202340411	0.923372507542861	0.0819698592337277	0.65424044439537	0.215698424956381	0.000722549739770702	0.0013541873812969	0.135596681575583	0.152522467827146	0.938664650533188	0	0.0784672587498591	0	0.743058159802185	0.0461150972356706	0	0.559626178932729	0.171119552612329	0.278954639376268	0.054948657965531	0.0465966941822048	0.0112628265192701	0.456275487845523	0.0415264660166822	0.59351034730028	0	0.924928259748207	0.197057074337501	0.0303234926490061	0.0881497569069348	0.236730823395616	0.123583632233277	0.363448548832759	0.0196420847064335	0.102082212896504	0.808254328422367	0.265247412473984	0.0574667092234119	0.198103674744165	0.8311847969096	0	0.0687082254771207	0.967812664100625	0	0.0776332130656639	0.0691997755633537	0.229586124485665	0.129748868021474	0.373436426963098	0.0450699203129468	0.0412170984129501	0.965104027563601	0.98921352543248	0.750121982948833	0.166949051189265	0.0448834989284543	0.0311441343087357	0.131090370167521	0.25785234043387	0.152842178661631	0.517501676779081	0.0742636252748115	0.661130607739506	0.924159323729438	0.836237516682085	0.203336043118539	0.506623977745115	0	0.0444004965934228	0.0846861563586812	0.202400574535605	0.448761115614145	0.0298082673261764	0	0.0518564035089643	0	0.206739933810011	0	1	0.000506044602855559	0.0163331107879758	0	0.00226366726524606	0.288539109202013	1	0.710760126486081	0.184136398785737	0.975799778871248	0	0.57613324008585	0.01808708933079	0.156713030827943	0.323206463284583	0.299288489139826	0.212910402138759	0.16206096623668	0.0921510899434204	0.982246828852107	0.115730807222786	0.219226067632672	0.262381249193152	0.252707968331322	0	0.322627279005327	0.190600418876943	0.315547675724785	1	0.101352352190172	0	0.0554084160905273	0.906261043504963	0.0266661143774895	0.473109550115581	0.0665079371450311	0.97363758950137	0.964899522713396
"SRR5928212"	0.104752922361476	0.624135936820346	0.721842890426235	0.730452985578475	0.56268317058827	0.69222506477486	0.743058159802185	0.614608786011618	0.636455396647466	0.502818092400698	0.454660679239643	0.823336326962972	0.825517285407899	0.711549163074217	0.855463930939873	0.700518802750384	0.731538271555713	0.743058159802185	0.423126352956494	0.675096090590178	0.470015083824018	0.680329698592536	0.743058159802185	0.722510040813361	0.614973116678266	0.40546985080318	0.165590313449057	0.743058159802185	0.682537937554972	0.706075889583738	0.336073658275478	0.855463930939873	0.66313571336619	0.743058159802185	0.113979372025592	0.745669744494567	0.743058159802185	0.546297048482763	0.469045487877585	0.733643954523463	0.363548368984021	0.566671159634211	0.743058159802185	0.743058159802185	0.657605605954605	0.517990653589063	0.74261701499937	0.275380063445371	0.58446153067855	0.673112127087359	0.791894295712928	0.783943896218336	0.723572646613088	0.568844428790036	0.505796294247693	0.541340249027794	0.738921256104247	0.551377571627272	0.742839564223072	0.743058159802185	0.815285579834244	0.62899514684523	0.722146335814343	0.691667716437876	0.676478233734627	0.573675675434773	0.707433751271243	0.719628671606087	0.790526712168059	0.700160544982043	0.736122522000205	0.570578457882138	0.654561306441461	0.722834042239237	0.452138944578066	0.576648615342997	0.567390719063494	0.455986094187904	0.717748469657528	0.743058159802185	0.695526675676345	0.551401166730915	0.613688405432394	0.578603236810263	0.741274091937119	0.737459536921858	0.636845806806377	0.660195839285735	0.381944110345595	0.593878201214073	0.197786120380984	0.67221600225266	0.549897477555076	0.60084272051291	0.701510618167148	0.72504853347896	0.725437555311148	0.727088660907005	0.742930601665136	0.542493246237744	0.43028358184826	0.0901556912704209	0.743058159802185	0.462070969636942	0.396160497838147	0.743058159802185	0.481092151728857	0.855463930939873	0.703404169647758	0.173030003161813	0.620515319231397	0.735189764405476	0.583990119183639	0.733603238116801	0.230832861277824	0.425327723816628	0.738902205830064	0.56619851992122	0.509411589328759	0.701308259647681	0.163790798212314	0.621090037213074	0.742711072182914	0.742407367810085	0.671131527112098	0.66108079018504	0.569838000486459	0.743058159802185	0.703195876210716	0.743058159802185	0	0.720179103112225	0.743058159802185	0.301469415648155	0.649725826659303	0.576647569449458	0.715621290323663	0.719932116640511	0.73760767720965	0.421263079972389	0.722523779933646	0.255745381678358	0.743058159802185	0.515391666901568	0.633316592052077	0.728183604042958	0.697953753282288	0.606836313015306	0.678106919634601	0.509054817295954	0.733496153299813	0.690276482155371	0.150045981582964	0.586687904252146	0.714311311822678	0.632639954006296	0.21059514537499	0.743058159802185	0.708403938138697	0.696106906134783	0.743058159802185	0.703643916833315	0.708143402121229	0.611734348842103	0.674543176511556	0.500349820691096	0.720714529745528	0.722681301309577	0.683704785133392	0.799463966248125	0.0148655732562573	0.652301342889585	0.720809945339546	0.727772088551498	0.673763252830665	0.592007104208934	0.660888377075102	0.35357453830294	0.705448408776054	0.152439665598324	0.51243138858574	0.224566667592336	0.629239847910297	0.366256594265808	0.743058159802185	0.721057039727382	0.699837626131654	0.62984986460189	0.428988185076398	0.728441720133569	0.743058159802185	0.717223437214487	0.743058159802185	0.62701230087956	0.743058159802185	0.855463930939873	0.742815110512059	0.735125622776269	0.743058159802185	0.741969598913634	0.569483748686448	0.855463930939873	0.0642466449931524	0.641576241295286	0.733540296042024	0.743058159802185	0.27964812338266	0.73426284618601	0.658551092155531	0.542535298298637	0.561304649967039	0.622942488145257	0.65529842842265	0.695765254537338	0.764731422914126	0.682597712426654	0.618733926027973	0.588757507582917	0.595667962811046	0.743058159802185	0.542999391661271	0.637465601590588	0.548633182617991	0.855463930939873	0.690682659484903	0.743058159802185	0.715382466368473	0.445985186708575	0.730011762203771	0.403516236844121	0.70956785216604	0.723277171021568	0.682774286074574
"SRR5928389"	0.770220666276923	0.166518704736026	0.00325903337266962	0.0203573406548888	0.254665485479125	0.0526838720577339	0.0461150972356706	0.181009305363753	0.147292712957319	0.329816030270295	0.383867522813124	0.990507601259135	0.990966690176882	0.0166763480980097	0.997183506206887	0.0374499369943301	0.0225406665962295	0.0461150972356706	0.416579132533282	0.0831460438277463	0.367196542354152	0.0739779692357496	0.0461150972356706	0.00456989992164563	0.180461071824881	0.434052184027605	0.796349394691884	0.0461150972356706	0.0700733033111177	0.0270587442765372	0.497476853026542	0.997183506206887	0.103653977369384	0.0461150972356706	0.774312017560478	0.973570964522709	0.0461150972356706	0.276198842534844	0.368264335325524	0.0267950185271304	0.473313701950635	0.249307193477852	0.0461150972356706	0.0461150972356706	0.112933235879777	0.311659187936908	0.0451986718040072	0.546930871853918	0.224819159669015	0.0865901972479534	0.983790914678136	0.982062919349544	0.00666259473750202	0.246367311961351	0.326296903144182	0.282563729443506	0.0375643424121607	0.269604166600374	0.0456608530434561	0.0461150972356706	0.988805357624103	0.159002221340088	0.00385497721587484	0.0536960373785452	0.0807365300978466	0.239781055366396	0.0244967964937423	0.00107502573475797	0.983494538311803	0.0381147267102429	0.0318338339467152	0.24401147345842	0.117988021172233	0.00520736117781428	0.386557621344151	0.235692938157963	0.248335371790108	0.382448276819251	0.00473538131635771	0.0461150972356706	0.0466583285794281	0.26957337011621	0.182392199152166	0.232990339990948	0.0424156962941757	0.0345659921752796	0.146674188644875	0.108602634440957	0.456456099810899	0.21145696274154	0.603308420456416	0.0881402834567627	0.271532854030756	0.20138909543275	0.0356062924407518	0.00957904732426225	0.0103496942309958	0.0136294373411374	0.0458499969457689	0.281089239320153	0.890604755257203	0.671047868531902	0.0461150972356706	0.375884949793047	0.443034477171912	0.0461150972356706	0.354849729208726	0.997183506206887	0.0320732806094439	0.619881189104585	0.172063668794653	0.0299336162365179	0.225480663626523	0.0267125253003289	0.580157510493229	0.414359408905288	0.0375251889359224	0.249944692969057	0.913898968087569	0.0359828322712712	0.625905898979573	0.171186630777551	0.0453939716754112	0.0447635419520879	0.0900115480042431	0.107116768803471	0.930473476929772	0.0461150972356706	0.0324627660161705	0.0461150972356706	0.720179103112225	0	0.0461150972356706	0.526299890792672	0.125940211888619	0.2356943811353	0.00885468730610658	0.000482573322811339	0.0348693232814954	0.418450690274533	0.00459692000106491	0.561875196596924	0.0461150972356706	0.915584134471128	0.152244642422035	0.0158124243834265	0.0421961672574387	0.192595427067215	0.0778864826104184	0.322421672621109	0.0264956100245457	0.0562162944629062	0.789859450378786	0.221685529750816	0.0113800080224871	0.153307302314231	0.814464362257173	0.0461150972356706	0.0226607336592213	0.962129415203871	0.0461150972356706	0.031624719719014	0.0231542502833675	0.185318436298071	0.0841076173216215	0.332716306353581	0.00104722631993705	0.00490678040631572	0.959184199992384	0.985424931716692	0.727709076359862	0.12171628476469	0.0012340032337026	0.0149912356691239	0.0854617263434267	0.214134734271736	0.107440112532133	0.482222301564539	0.0282395892295919	0.633192494480774	0.914751205393003	0.819892880831459	0.158621419729712	0.470867045864171	0.0461150972356706	0.00171791262220862	0.038713414113786	0.157671156816826	0.410647740376944	0.0163279632206863	0.0461150972356706	0.00575426286857073	0.0461150972356706	0.162079799969547	0.0461150972356706	0.997183506206887	0.0456100548184972	0.0298031227728836	0.0461150972356706	0.0438557405715903	0.24549978729573	0.997183506206887	0.68581040224582	0.139133726871764	0.970818355139287	0.0461150972356706	0.543617396725811	0.0280500372165658	0.111355666649653	0.281035392841015	0.256506793880478	0.168351675890892	0.116767542664257	0.0462209357563609	0.977836496827436	0.0699673051826113	0.174774649013971	0.218758429444326	0.20888492505307	0.0461150972356706	0.28044081153603	0.145691066938802	0.273175454688611	0.997183506206887	0.0554814181431547	0.0461150972356706	0.00931573141648124	0.89537973745622	0.0194715282911409	0.435950106862471	0.0204519016136452	0.96846555371315	0.958961862565854
"SRR5928458"	0.789918004018251	0.211107412683941	0.0428621292896069	0.0257805448813232	0.29749098567285	0.0985734744819501	0	0.225353219453453	0.192178715481573	0.370623462897448	0.422933222968152	0.99387729845637	0.994298453627036	0.0627460108210006	1	0.0834293689073278	0.0235975263877474	0	0.454473602144294	0.128796151422031	0.406825216843403	0.11970853991261	0	0.0415534427287181	0.224814571131965	0.471285003128532	0.814307209533871	0	0.115835952775654	0.0730879693622319	0.53209815559818	1	0.149098021863205	0	0.793740508590241	0.978328847759373	0	0.318494300745317	0.407857638748481	0.0193425831031976	0.508968625610609	0.292258550331894	0	0	0.158272219562691	0.352997340942746	0.000918227514612389	0.579288883634392	0.268315006107857	0.132208214846732	0.987713759216728	0.9861275139052	0.0394639192461285	0.289386697902839	0.367209340042813	0.324695087160471	0.00856472455289591	0.312066076339471	0.000455146581871004	0	0.992315567839666	0.203710894636597	0.0422671949807137	0.09957896325717	0.126408483099887	0.28295021396529	0.0705368655766861	0.0471879203051778	0.987441711262309	0.0840906559565809	0.0143010309413297	0.287084850056646	0.163266679397202	0.0409169877283617	0.42553032856801	0.27895322831771	0.291309296933554	0.421562797826278	0.0508400251051903	0	0.0925858518296457	0.312036048631359	0.226711821938746	0.276310104656458	0.00370622680179141	0.0115664650107119	0.191569234109308	0.15399156536643	0.492803953859615	0.255228639622088	0.632845377741935	0.133743526792714	0.313946459594652	0.245358655038622	0.0815952387702846	0.0365512527045784	0.0357814829533202	0.0325048963705549	0.000265629117110613	0.323258913919097	0.901844742209181	0.696858257494267	0	0.415223082267023	0.47991742455449	0	0.394880548827371	1	0.0780796401834517	0.648540306477995	0.216560805809361	0.0162025401616356	0.268962464241624	0.0194251027592709	0.61088385682674	0.452336138707827	0.00860392734456794	0.292881202340411	0.923372507542861	0.0819698592337277	0.65424044439537	0.215698424956381	0.000722549739770702	0.0013541873812969	0.135596681575583	0.152522467827146	0.938664650533188	0	0.0784672587498591	0	0.743058159802185	0.0461150972356706	0	0.559626178932729	0.171119552612329	0.278954639376268	0.054948657965531	0.0465966941822048	0.0112628265192701	0.456275487845523	0.0415264660166822	0.59351034730028	0	0.924928259748207	0.197057074337501	0.0303234926490061	0.0881497569069348	0.236730823395616	0.123583632233277	0.363448548832759	0.0196420847064335	0.102082212896504	0.808254328422367	0.265247412473984	0.0574667092234119	0.198103674744165	0.8311847969096	0	0.0687082254771207	0.967812664100625	0	0.0776332130656639	0.0691997755633537	0.229586124485665	0.129748868021474	0.373436426963098	0.0450699203129468	0.0412170984129501	0.965104027563601	0.98921352543248	0.750121982948833	0.166949051189265	0.0448834989284543	0.0311441343087357	0.131090370167521	0.25785234043387	0.152842178661631	0.517501676779081	0.0742636252748115	0.661130607739506	0.924159323729438	0.836237516682085	0.203336043118539	0.506623977745115	0	0.0444004965934228	0.0846861563586812	0.202400574535605	0.448761115614145	0.0298082673261764	0	0.0518564035089643	0	0.206739933810011	0	1	0.000506044602855559	0.0163331107879758	0	0.00226366726524606	0.288539109202013	1	0.710760126486081	0.184136398785737	0.975799778871248	0	0.57613324008585	0.01808708933079	0.156713030827943	0.323206463284583	0.299288489139826	0.212910402138759	0.16206096623668	0.0921510899434204	0.982246828852107	0.115730807222786	0.219226067632672	0.262381249193152	0.252707968331322	0	0.322627279005327	0.190600418876943	0.315547675724785	1	0.101352352190172	0	0.0554084160905273	0.906261043504963	0.0266661143774895	0.473109550115581	0.0665079371450311	0.97363758950137	0.964899522713396
"SRR5928207"	0.394492190053592	0.392140042811131	0.528705055209614	0.541197568475618	0.310865618150577	0.486312460868178	0.559626178932729	0.37931493209941	0.408849579417245	0.234871460653849	0.175891548108322	0.911726641571497	0.913036282649195	0.513870161769914	0.930886954410647	0.498093766811614	0.542777695135319	0.559626178932729	0.138263361132031	0.462197860167426	0.19449451666257	0.469535032167959	0.559626178932729	0.529670287946108	0.379803835660297	0.117527268614018	0.446091681869443	0.559626178932729	0.472638948125843	0.506026458438002	0.0382535008277553	0.930886954410647	0.445531016257245	0.559626178932729	0.40242869333015	0.864216326174655	0.559626178932729	0.289760847445522	0.193314247806997	0.545846980371249	0.0692223996227529	0.316037412655479	0.559626178932729	0.559626178932729	0.437871825341557	0.253845408839161	0.558978408919372	0.0283016477748265	0.339279719226788	0.459423518973231	0.892698927988317	0.88784359339781	0.531208615282471	0.318861679193331	0.238580778774241	0.283422357405262	0.553559679352514	0.29627949348499	0.559305170965277	0.559626178932729	0.906880856260374	0.398713856510849	0.529144022783891	0.485523219202376	0.464132911529598	0.325155025261646	0.507969554475396	0.525504817664962	0.891865014907194	0.497583428769764	0.549465732519268	0.321118114759824	0.433668078867296	0.530139218924122	0.172854070577568	0.329037935886594	0.316972054383758	0.177490038347661	0.522791305234911	0.559626178932729	0.490994138748696	0.296309819559471	0.378080397997225	0.331595109130892	0.557007746793591	0.551420471834829	0.409381445422816	0.441455610659572	0.0902604978363927	0.351696443365781	0.109850626630064	0.458171659125227	0.294378135407525	0.360931268450032	0.499507283521879	0.533347185427853	0.53391125650146	0.5363070616592	0.559438853464425	0.284894866855372	0.652105592149415	0.216863540892964	0.559626178932729	0.184846347543796	0.106688497735195	0.559626178932729	0.208031800588248	0.930886954410647	0.502208699235825	0.135073649492097	0.387256177749435	0.548103134858957	0.338660212305547	0.545787587392687	0.0755894326287959	0.140865261968112	0.553531785070117	0.315423744542809	0.708440618677829	0.49921880526833	0.144391840602822	0.388030603324388	0.559116503749677	0.558670638372803	0.456657731655431	0.44268149452114	0.749994169092303	0.559626178932729	0.50191136194592	0.559626178932729	0.301469415648155	0.526299890792672	0.559626178932729	0	0.427009278293273	0.329036568483381	0.519725736723896	0.525943091511929	0.551637171024459	0.136063959684473	0.52969017052931	0.0493031999604581	0.559626178932729	0.712608395020971	0.404578726147747	0.537897419054786	0.494442709269188	0.368913978137325	0.466415545139482	0.242647632292435	0.545631391162176	0.483554495775112	0.433070269300823	0.342208203376424	0.517840181421531	0.403659265612276	0.483180598313662	0.559626178932729	0.509359037375223	0.832983378736869	0.559626178932729	0.502550990900182	0.508985808647501	0.375461951190096	0.461424285962129	0.23180279453536	0.527073589762739	0.529918141705451	0.825052826572072	0.89730515129136	0.31500576209473	0.430553155639126	0.527211497670477	0.537299564515604	0.460333616315845	0.349222882445731	0.442414888540373	0.0579180344132349	0.505129167996172	0.155770076862739	0.71054679214929	0.49451346048725	0.399045485833921	0.072304241050328	0.559626178932729	0.527568676557428	0.49712354199443	0.399872450723952	0.145199925493687	0.538272503001799	0.559626178932729	0.52203422660258	0.559626178932729	0.396028686110644	0.559626178932729	0.930886954410647	0.559269263789892	0.548009468529396	0.559626178932729	0.558028125555848	0.319693296986856	0.930886954410647	0.2416293239282	0.41583729377825	0.856639949650628	0.559626178932729	0.0237028211111341	0.54674997051017	0.439179226436761	0.284948593686297	0.309081133147846	0.390528847893352	0.434685120991678	0.491332866742706	0.876036142844287	0.472723035189649	0.384857719224854	0.344934463886373	0.354065439160519	0.559626178932729	0.285541632416206	0.410226103738457	0.292755495768442	0.930886954410647	0.484129073840824	0.559626178932729	0.519381847428242	0.663462964256434	0.540555518573471	0.115247335114579	0.511027237052357	0.850195521541415	0.824455931491986
"SRR5928455"	0.709040361678752	0.0413959038648196	0.129149333709699	0.145945237599205	0.132733675908668	0.0737168770221226	0.171119552612329	0.0562770528849017	0.0217320804901932	0.212174021506837	0.270228070308328	0.979631728862593	0.980212382013631	0.109480363479082	0.988082436377857	0.0888850044840943	0.148085058161888	0.171119552612329	0.305742263490277	0.043220305325402	0.252239608034365	0.0524221147242783	0.171119552612329	0.130439425443499	0.0557130922527187	0.324831344443402	0.740319795753244	0.171119552612329	0.056335022063446	0.0991997688971099	0.394828347013348	0.988082436377857	0.0225635754599671	0.171119552612329	0.713924139736632	0.958260319273128	0.171119552612329	0.155346590470342	0.253389557852085	0.152251464092172	0.368029770500736	0.12712524045289	0.171119552612329	0.171119552612329	0.0131835283673063	0.192846041660996	0.170226509567163	0.450188227042146	0.101587221116215	0.0397582551894304	0.971144683874615	0.968963704864635	0.132498124334556	0.124051234247257	0.208421142438488	0.162053454683787	0.162779458344921	0.148408622698702	0.170676922487083	0.171119552612329	0.977479365525584	0.0336973685786933	0.129735882642052	0.0727071301005817	0.045640642028021	0.117172503437857	0.101738955662947	0.124881105883577	0.970770542321655	0.088224235279325	0.157180699510077	0.121589509552689	0.00806503096909193	0.131066639261583	0.27313774756669	0.112908406146102	0.126108837504782	0.26869376223874	0.121272929287325	0.171119552612329	0.0797229789734092	0.148376249371434	0.0576999505055205	0.110091804433734	0.167513357302177	0.159850988136769	0.02110098559947	0.0175637699439385	0.349429693278476	0.0877162413867879	0.514151499929021	0.0381991818076645	0.15043654964818	0.0772947750966635	0.0907169516576355	0.135365496726389	0.136122843754314	0.139344439233789	0.170861236140924	0.160498809985778	0.854956513267912	0.592234375828884	0.171119552612329	0.261605358529379	0.334676874438274	0.171119552612329	0.238964902007397	0.988082436377857	0.0942253007533842	0.533129731019045	0.0470841485049475	0.155322495567478	0.102275086001317	0.152170716006385	0.48777444773508	0.303323199940593	0.162741230745475	0.127792115664155	0.883730680322563	0.0903428662320754	0.5400488699111	0.0461839396959343	0.170416842594143	0.169802414354135	0.0363162961079392	0.0190656175980804	0.90431313415081	0.171119552612329	0.0938386789406474	0.171119552612329	0.649725826659303	0.125940211888619	0.171119552612329	0.427009278293273	0	0.112909910488545	0.117208594747121	0.125464818250386	0.160147344049779	0.307782935685713	0.13046601308804	0.467054092440074	0.171119552612329	0.885819198346363	0.0267880493637104	0.141487336957799	0.0841651837404433	0.0682130945128509	0.0485016890841872	0.204292274135184	0.151958382049903	0.0701918345095736	0.732530538235701	0.0983302221050007	0.114715008123988	0.0278738237721735	0.76213167088701	0.171119552612329	0.103557754827695	0.943877699180635	0.171119552612329	0.0946705192964248	0.103068956562041	0.0607124098337035	0.0422540226612283	0.215269394546681	0.126971670540243	0.130770902250838	0.940182537897808	0.973207979751509	0.658601901619243	0.00428578560079832	0.127155608312837	0.140681358851813	0.0408929045981952	0.090492358870082	0.0187388416095713	0.377891056272778	0.0980288936981691	0.548431515786217	0.884786787183484	0.768688256829662	0.033307716070262	0.365325331356196	0.171119552612329	0.127632124043099	0.0876290790460694	0.0323355227812431	0.299281199677397	0.141993246588232	0.171119552612329	0.120268014390022	0.171119552612329	0.0368477955392204	0.171119552612329	0.988082436377857	0.170627420117182	0.155194856690484	0.171119552612329	0.168917494115954	0.123144552783357	0.988082436377857	0.609432280798227	0.0134148438877839	0.954796117674065	0.171119552612329	0.446457359557681	0.153479738714143	0.0147797085991897	0.160442047008886	0.134662639917713	0.0432753940281006	0.00930146258557898	0.0801586245669894	0.963633611413666	0.056441192976624	0.0498679601000375	0.0952901283962578	0.0850514431614547	0.171119552612329	0.159815311129011	0.0200980772857822	0.152164425300043	0.988082436377857	0.0709254204243562	0.171119552612329	0.116753455846287	0.860840316471123	0.145076760869692	0.326909822882981	0.105744766159851	0.951837105819558	0.939903704467746
"SRR5928265"	0.64473052478615	0.0718301264520315	0.238780714261456	0.254900136747647	0.0201075097200695	0.185175550620016	0.278954639376268	0.0569737315020955	0.0913889759955616	0.101554877021936	0.161971411728377	0.967483173609775	0.968198047373081	0.21983160502243	0.977897027349804	0.199905872219561	0.256949702539389	0.278954639376268	0.199310848343531	0.155416095215049	0.143168978967292	0.164415708555127	0.278954639376268	0.240020858636078	0.057537616100365	0.219501683839535	0.68100931262729	0.278954639376268	0.16823733158219	0.209896061341289	0.294270597220641	0.977897027349804	0.135149288628396	0.278954639376268	0.650377670241731	0.941240036737951	0.278954639376268	0.0431493086746354	0.144368752226602	0.260937742163242	0.26550826152098	0.0144100838048588	0.278954639376268	0.278954639376268	0.125916955558483	0.0816092935247488	0.278103484593456	0.354232229250055	0.011446310396122	0.152025578996781	0.957045542239927	0.954366697984536	0.241999157896619	0.0112902226044629	0.0976755209136094	0.0500050534079255	0.270999551707999	0.0360677830338491	0.278532790696976	0.278954639376268	0.964834140947734	0.0794973395061604	0.239344595888342	0.184193274945625	0.157784947007139	0.00431636186675366	0.212352022602485	0.234675342919799	0.956585894701748	0.199265155662768	0.265651466625665	0.00879326597389667	0.120871303944467	0.24062366795301	0.16501970986017	1.52261946384483e-06	0.0133782904374268	0.16036478895043	0.23120196911068	0.278954639376268	0.191013928814099	0.0360347647284136	0.0555507233461026	0.00285148042829891	0.275516618923849	0.26820297903303	0.0920153443947793	0.130230505835897	0.245645267577619	0.0254308218414194	0.424442086221714	0.150497907896786	0.038136573050566	0.0359102264285614	0.20168175824972	0.244753126489988	0.245480244341798	0.248571961956126	0.278708455578769	0.0484150127783557	0.816237064460867	0.511531736700095	0.278954639376268	0.152949294904323	0.22994867919865	0.278954639376268	0.12934091762714	0.977897027349804	0.205080833304117	0.445468436506119	0.0661569218875233	0.263875075900978	0.0107517302581751	0.260860483988577	0.395367058172354	0.19675821061066	0.270963056896068	0.0150871796869167	0.850750811897683	0.201319176235681	0.453156676153379	0.0670552097665579	0.278284903344285	0.277699226006949	0.148652274064234	0.131708564130224	0.875582169790875	0.278954639376268	0.204706376633036	0.278954639376268	0.576647569449458	0.2356943811353	0.278954639376268	0.329036568483381	0.112909910488545	0	0.227286327482261	0.235237000462067	0.268486065021204	0.201465256474628	0.240046413381201	0.372647657658736	0.278954639376268	0.853265000532478	0.0863678303863661	0.250627313780993	0.195327328485739	0.045023323382582	0.160583570263743	0.0934111599490268	0.260657320820656	0.181745500474514	0.671950640884849	0.0147337118627091	0.224882313524047	0.0852888281438081	0.706462732826635	0.278954639376268	0.214110401828056	0.923653441866201	0.278954639376268	0.205512005191951	0.213637907382175	0.0525366001731427	0.154470028139527	0.104756952402013	0.236686600307877	0.240339447765204	0.919144768343603	0.959581114625945	0.58677704215223	0.11714232181227	0.236863518031711	0.249854371344242	0.153137057698762	0.0226353156767345	0.131387004389836	0.276072311696527	0.2087631211811	0.462487190453756	0.852022014797622	0.714139085863258	0.0798850717979715	0.262615117292481	0.278954639376268	0.237321815623408	0.198687984548947	0.0808523335499115	0.192496047990963	0.251112420376337	0.278954639376268	0.230234129757432	0.278954639376268	0.0763612534386314	0.278954639376268	0.977897027349804	0.278485610034646	0.263753031380466	0.278954639376268	0.276855581702328	0.0103704107576952	0.977897027349804	0.530921165374834	0.0996371668139895	0.936998652517365	0.278954639376268	0.350167950313911	0.262112770156441	0.127489297692272	0.0483569675482894	0.0220686741499843	0.0699563683204057	0.122090641363151	0.19143712119382	0.94782569644715	0.168340981589222	0.0633779568075754	0.0178001080667766	0.0281126649237365	0.278954639376268	0.047716121328516	0.0930105682885172	0.0398999810878506	0.977897027349804	0.182459528069182	0.278954639376268	0.226847631650523	0.823275604537256	0.25406802920406	0.2217052502303	0.216223870893834	0.933378548239287	0.918804707734139
"SRR5928199"	0.76628677541951	0.157883211033874	0.0121133915366537	0.029207070743778	0.246333823886767	0.0438484449513018	0.054948657965531	0.172414816317819	0.138608241195152	0.321846355165304	0.376216896728729	0.989827129175183	0.990293862926813	0.00782274844204145	0.996614557267413	0.0286041808819516	0.0313894548882686	0.054948657965531	0.40914547824817	0.074342892431356	0.359442270384762	0.0651634735517621	0.054948657965531	0.013424075757963	0.171864967414924	0.42674181227624	0.792758191240896	0.054948657965531	0.0612544024700686	0.0182081647082294	0.490657238716445	0.996614557267413	0.0948812865867126	0.054948657965531	0.770431019678649	0.972610978157987	0.054948657965531	0.267961208536668	0.360516561775991	0.0356417434714922	0.466299119516474	0.240953343476202	0.054948657965531	0.054948657965531	0.104176637732795	0.303593362764922	0.054032997428797	0.540541031777961	0.216370036309784	0.0777916704112189	0.982999006992123	0.98124246743761	0.0155164201298161	0.238001492720888	0.318308159476632	0.274355378806583	0.0464044964009048	0.26133690947178	0.0544947946566975	0.054948657965531	0.98809657090728	0.150346842803082	0.0127092560419344	0.0448614337985289	0.0719302612125381	0.231388947558698	0.0156453045654755	0.00777973130017586	0.982697731249617	0.0292693405113398	0.040677724963736	0.235636167465389	0.109240795062801	0.0140614379970338	0.378924158338792	0.227284878924025	0.239977549133814	0.374788644905017	0.00411946862888504	0.054948657965531	0.0378183528998082	0.261305976363186	0.173801807152313	0.22457188939625	0.0512522589967379	0.043408169709099	0.137988243918763	0.099838346762976	0.449311330521915	0.202960092909603	0.597458953795384	0.0793439026414074	0.263274184983146	0.192858227647078	0.0267595490470672	0.0184322625555979	0.0192027245494417	0.0224815699851337	0.054683780379547	0.27287404435992	0.888346304360223	0.665918845433237	0.054948657965531	0.368184111233925	0.43578948330044	0.054948657965531	0.347021709903767	0.996614557267413	0.023224803771503	0.614200800109818	0.163443450581856	0.0387786256566139	0.217033981752525	0.0355592931209288	0.574079638304158	0.406910461470865	0.0463653703138429	0.241593457571895	0.911993223005439	0.0271362859070308	0.620288127575515	0.162563962189553	0.0542281354658442	0.0535982258609166	0.0812178113585247	0.098349915031041	0.928824328791646	0.054948657965531	0.0236144700604655	0.054948657965531	0.715621290323663	0.00885468730610658	0.054948657965531	0.519725736723896	0.117208594747121	0.227286327482261	0	0.0083721476677167	0.0437113029104269	0.41102999489753	0.0134510917778344	0.555623360006484	0.054948657965531	0.913704264092985	0.143572194088647	0.024663860154679	0.0333532137760116	0.184036253895811	0.0690766514827693	0.314412171675186	0.0353424900467883	0.0473838157551124	0.786182045330274	0.213224940462579	0.00252556033977713	0.144637487635691	0.811117559036842	0.054948657965531	0.0138086552340293	0.960983376885696	0.054948657965531	0.0227760376998137	0.0143023239761865	0.176736819353109	0.0753057371129154	0.324762503037152	0.00990182717210302	0.0137609047589345	0.95799063120353	0.984660062802305	0.723242429183445	0.112976244994838	0.0100885867450243	0.0238429429070995	0.076661662445876	0.205647192971117	0.0986738140331059	0.475278454246595	0.0193894670534925	0.627651277443905	0.912858539840544	0.816620404489342	0.149965058955734	0.463833271142735	0.054948657965531	0.0105724485005365	0.029868367358761	0.14901235552816	0.403173406244253	0.0251792228233766	0.054948657965531	0.00310057318877343	0.054948657965531	0.153432448804546	0.054948657965531	0.996614557267413	0.0544440388123717	0.0386482067894561	0.054948657965531	0.0526911618080249	0.237130463780134	0.996614557267413	0.680848707630438	0.130430339920747	0.96981340406889	0.054948657965531	0.537197469696578	0.0368960958745512	0.10259623102081	0.272819948625847	0.248182868272099	0.159721174767713	0.108018014548533	0.0373806534921555	0.976946444971728	0.0611482883073115	0.166162086509778	0.210287278637797	0.200379208200246	0.054948657965531	0.272222618245465	0.137002794165925	0.264924149070189	0.996614557267413	0.0466483088952606	0.054948657965531	0.000461079921838388	0.893192832175691	0.0283216178298025	0.428653435868595	0.0115991921438244	0.967422271533917	0.957764711665818
"SRR5928240"	0.770007574573315	0.166048695110815	0.00374160115477272	0.0208397212110358	0.25421232829615	0.0522025483848679	0.0465966941822048	0.180541581038185	0.146819965829173	0.329382818826763	0.38345183178583	0.990470805776252	0.990930308209473	0.0161938974827586	0.997152742800031	0.0369679927371309	0.0230230041169074	0.0465966941822048	0.416175335012347	0.0826665936389176	0.366775164249433	0.0734978664770096	0.0465966941822048	0.00505246275316935	0.17999325756393	0.433655138135514	0.796154906082161	0.0465966941822048	0.0695929458201269	0.0265764977103272	0.497106647388459	0.997152742800031	0.103176263470085	0.0465966941822048	0.774101797799498	0.973519047743019	0.0465966941822048	0.275750875716805	0.367843313909543	0.0272772597461879	0.472932839536018	0.248852810237278	0.0465966941822048	0.0465966941822048	0.112456433211299	0.311220687082538	0.0456803069738217	0.546584132515982	0.224359505404944	0.0861110119485752	0.983748091199033	0.982018551693193	0.0071451464294669	0.245912267120446	0.325862643100087	0.282117377520977	0.0380462663431456	0.269154565432661	0.0461424690314949	0.0465966941822048	0.988767030552121	0.158531101475929	0.0043375429409434	0.0532147624104152	0.0802569010031126	0.239324556851292	0.02401449047259	0.000592452701341963	0.98345144979076	0.0376328051334479	0.0323159398307669	0.243555904122773	0.117511747815149	0.0056899210375922	0.386142871685041	0.235235557175927	0.247880768978334	0.382032091795007	0.0042528171441691	0.0465966941822048	0.046176734231108	0.269123761408992	0.181924702898192	0.232532383963859	0.042897442861685	0.0350480150309024	0.146201359026187	0.108125396764759	0.456068117029476	0.210994662158327	0.602991145783155	0.087661220892333	0.271083726756469	0.200924908171643	0.0351242873860175	0.010061576853806	0.0108322166132326	0.0141119232696469	0.046331605027849	0.280642510013113	0.890482535978033	0.670769820019588	0.0465966941822048	0.3754665040899	0.442641010096931	0.0465966941822048	0.354424302032976	0.997152742800031	0.0315911676789269	0.619573125658907	0.171594511116734	0.03041577586738	0.225021144586571	0.0271947685430747	0.579827786636579	0.41395477355134	0.038007114211342	0.249490454230005	0.913795855072243	0.0355008393826009	0.625601246010461	0.170717336487866	0.0458755987634327	0.045245195003572	0.0895326365148842	0.106639385800037	0.930384259205537	0.0465966941822048	0.03198066442172	0.0465966941822048	0.719932116640511	0.000482573322811339	0.0465966941822048	0.525943091511929	0.125464818250386	0.235237000462067	0.0083721476677167	0	0.0353513365007377	0.418047602652851	0.00507948271411977	0.561535986062003	0.0465966941822048	0.915482422805127	0.151772568252723	0.016294880630035	0.0417143937282275	0.192129667293075	0.0774066487121362	0.321986270893658	0.0269778585590541	0.0557351448133705	0.789660283093154	0.221225240317959	0.010897491048917	0.15283537546335	0.814283135682961	0.0465966941822048	0.0221783886979381	0.96206743095728	0.0465966941822048	0.0311425939038398	0.0226719154877621	0.184851428380123	0.0836282400024891	0.332283967573928	0.00152979891481124	0.0053893417133648	0.959119643517036	0.985383570933151	0.727467044583717	0.12124041669368	0.00171657559401953	0.0154737035894895	0.084982453065965	0.213672951004508	0.106962760982976	0.481845306357741	0.0277573720754433	0.632892010428083	0.914648800757555	0.819715686632749	0.158150244985158	0.470485133992286	0.0465966941822048	0.00220048422735556	0.0382315133059286	0.157199845697061	0.410241714065482	0.0168104118254367	0.0465966941822048	0.0052717033292636	0.0465966941822048	0.161609128477313	0.0465966941822048	0.997152742800031	0.0460916729242949	0.030285285974292	0.0465966941822048	0.044337430375282	0.245044548725632	0.997152742800031	0.685541456234234	0.138659919566707	0.970764005445255	0.0465966941822048	0.543269015601024	0.0285322468853523	0.110878703541067	0.280588649789787	0.256054064042139	0.167881944797354	0.116291139378183	0.0457393230443159	0.977788363790739	0.0694869409697099	0.174305918032512	0.21829755476835	0.208422133717612	0.0465966941822048	0.27999391689456	0.145218106920038	0.272726733680485	0.997152742800031	0.0550002313560344	0.0465966941822048	0.00883319548352517	0.895261394459622	0.0199539250722293	0.43555381104716	0.0199695138661337	0.96840912994327	0.958897112230646
"SRR5928456"	0.78523302250774	0.200292993086492	0.0316136726046838	0.0145216885610827	0.287134020086874	0.0874020139544851	0.0112628265192701	0.2146032580336	0.181285352061479	0.360778638213157	0.413525109618416	0.993081435261003	0.993511561202527	0.0515174645271541	0.99933493489679	0.0722304484915307	0.0123377873675085	0.0112628265192701	0.445357222930158	0.117694078450768	0.397276362069163	0.108583558791925	0.0112628265192701	0.0303039701552457	0.214062093642234	0.462332865388111	0.81003954164438	0.0112628265192701	0.104701743843707	0.0618730997138174	0.523790977926788	0.99933493489679	0.138053479546791	0.0112628265192701	0.789120077201428	0.977204513931364	0.0112628265192701	0.308272687707268	0.398317637391939	0.00808141428000757	0.500406753431807	0.28186933487502	0.0112628265192701	0.0112628265192701	0.147256555440549	0.343018594671499	0.0103446997375398	0.571537153327626	0.257785690937457	0.121115197110611	0.98678705442744	0.985167270330144	0.0282129000381218	0.278980031023186	0.357338054681846	0.314515240753013	0.00269834704998756	0.301802034315013	0.0108077321035658	0.0112628265192701	0.991486473064128	0.192864716891591	0.0310182719599661	0.0884094986196243	0.115300220964752	0.272505075571074	0.0593184110298509	0.0359430803910134	0.986509250513101	0.0728928327720192	0.00303866526535778	0.27666432295738	0.152267490763156	0.0296670342412765	0.416145429090873	0.268484645746451	0.280914293604191	0.412142493556337	0.0395985481045481	0.0112628265192701	0.0814029512674632	0.301771810488393	0.215968234189933	0.265826206700492	0.00755689673259176	0.000303675740373048	0.180673455861311	0.142962203553264	0.484070927715006	0.24462793587526	0.625782306265396	0.122654664483138	0.303694737298488	0.234706530917047	0.0703933237598807	0.0252982322670667	0.0245279637166181	0.0212493946959213	0.010997228380774	0.313069320574215	0.899181594972504	0.690699738246921	0.0112628265192701	0.40574690694261	0.471051986582899	0.0112628265192701	0.385230928787798	0.99933493489679	0.0668721851766611	0.641690804412606	0.205770549285724	0.00494056255417923	0.25843677616087	0.00816395801214845	0.603530890429004	0.443199313036196	0.00265914180291543	0.282495793848186	0.921129560358958	0.0707685500554334	0.647469827265262	0.204904305097951	0.0105403575450504	0.00990878143704917	0.124512901823643	0.141488495050485	0.936726339259649	0.0112628265192701	0.0672604016762764	0.0112628265192701	0.73760767720965	0.0348693232814954	0.0112628265192701	0.551637171024459	0.160147344049779	0.268486065021204	0.0437113029104269	0.0353513365007377	0	0.447176421398826	0.030276972884688	0.585935437697017	0.0112628265192701	0.922716071385215	0.186183325107293	0.0190667975353196	0.076958872449999	0.226035455819316	0.112468204458886	0.353548405478039	0.00838100395582671	0.0909178106270508	0.803881884692578	0.254701034380972	0.0462320576194629	0.187234199695936	0.827213493716595	0.0112628265192701	0.0574872863776481	0.966469168364187	0.0112628265192701	0.066425073366638	0.0579794973428531	0.218856151024384	0.118649298505638	0.363613591703247	0.033823259895923	0.0299673706216389	0.963704474450701	0.988318581609102	0.744783840633928	0.155962350347787	0.0336366828368906	0.0198878763127278	0.119994358489468	0.247265655963234	0.141809205425594	0.509032424883703	0.0630504542641161	0.654456283734623	0.921931926103	0.832356143958618	0.192488286980538	0.498036930940544	0.0112628265192701	0.0331532805954152	0.0734893292069291	0.191548892487605	0.439590311829158	0.018551305081101	0.0112628265192701	0.0406159127982937	0.0112628265192701	0.195906620529171	0.0112628265192701	0.99933493489679	0.0107568396430918	0.00507116264279396	0.0112628265192701	0.00899937529096642	0.278127325507815	0.99933493489679	0.704809789062863	0.17321180856264	0.974622517163637	0.0112628265192701	0.568342866873585	0.00682557202601733	0.145692332230102	0.313016514807273	0.288942737643812	0.202103901021378	0.151057751565259	0.0809673884156035	0.981204766154054	0.104596352195697	0.208447851463308	0.251819110463194	0.242093934449913	0.0112628265192701	0.312433412909997	0.179700818396126	0.305306503841275	0.99933493489679	0.0901864601412461	0.0112628265192701	0.044171544592572	0.903683273001156	0.0154076449736812	0.464175603502848	0.0552841027424422	0.972415188865622	0.963495743726052
"SRR5928370"	0.505031731358719	0.269621569491389	0.421168913193277	0.435316418317445	0.182052147098479	0.373520210438203	0.456275487845523	0.255675738992245	0.287863816754057	0.101872904958342	0.0407457650375547	0.938203266369603	0.93923482672179	0.404431675765169	0.953264365514167	0.386706767185472	0.437109345444318	0.456275487845523	0.00223906323179973	0.346661206350812	0.0599237118229579	0.354814707898115	0.456275487845523	0.422260286870814	0.256206482112606	0.0188200641047658	0.550683591010267	0.456275487845523	0.358268875072641	0.395609634092249	0.0982921724475398	0.953264365514167	0.328200424414549	0.456275487845523	0.512090783681365	0.900570256366187	0.456275487845523	0.159622490959294	0.0587041784855746	0.440594211101117	0.0674396419976742	0.187567893358449	0.456275487845523	0.456275487845523	0.319744846056015	0.12174061395545	0.455536963914148	0.163771794585565	0.212450271979623	0.343582437157712	0.923180732176362	0.919336874930363	0.424000248347597	0.190583205642335	0.105749113923345	0.152910668950756	0.449364227158032	0.166536898470559	0.455909489494532	0.456275487845523	0.934383707137968	0.276788556429828	0.42166521112052	0.37263834661426	0.348809968095577	0.197310450860396	0.397793323714384	0.41755252466858	0.922520847533418	0.386134676060423	0.444706728443992	0.192993911756481	0.315111470534982	0.42279060436991	0.0376232837015271	0.201466720903801	0.188565506545789	0.042389987702291	0.414488643759655	0.456275487845523	0.378755223414955	0.166569093762246	0.254335866472083	0.204206279374255	0.453291019563602	0.446929891426055	0.288445822654714	0.323699076688491	0.0463393154040712	0.225806764085515	0.24250174430057	0.34219397220585	0.164518864947668	0.235769424031545	0.388291742710358	0.426420351650912	0.427058917396932	0.429772231580579	0.456061904120738	0.154468899166426	0.727399487727257	0.343387042512168	0.456275487845523	0.0499656506278975	0.0297825404053364	0.456275487845523	0.0739384423830441	0.953264365514167	0.391322545391143	0.266525410216054	0.264305243792677	0.443157728031994	0.211785040713937	0.440526748370174	0.209623375778855	0.00488954339955179	0.449332475297998	0.18691301477561	0.774233859981373	0.387968222391541	0.275361959402045	0.26514777682223	0.455694395041964	0.455186120344747	0.340515474313003	0.325052560115784	0.808384328887938	0.456275487845523	0.390988843590542	0.456275487845523	0.421263079972389	0.418450690274533	0.456275487845523	0.136063959684473	0.307782935685713	0.201465256474628	0.41102999489753	0.418047602652851	0.447176421398826	0	0.422282770842944	0.18420364432835	0.456275487845523	0.777674148571945	0.283193375804945	0.431574342259667	0.382615674308027	0.244401222734758	0.351346156344552	0.110003314331932	0.440349334951797	0.370439410483703	0.539217041808674	0.215596395566386	0.408904110874974	0.282188594176469	0.583146335520369	0.456275487845523	0.399355565223107	0.875605068171933	0.456275487845523	0.39170673315651	0.398935873393299	0.251495470583674	0.345802514104401	0.0986690422392656	0.419324898644587	0.422540577996729	0.869237236562528	0.926823409149387	0.433572116255687	0.311681604660606	0.419480741358718	0.430896791933025	0.344592142997046	0.223142441857995	0.324758165353194	0.0787301144072276	0.394601633748737	0.286124023033406	0.775972820537724	0.593007759489356	0.277150446671599	0.064355861927113	0.456275487845523	0.419884398514046	0.385619209460526	0.278053012649115	0.00930913657380435	0.431999482922185	0.456275487845523	0.4136342185325	0.456275487845523	0.273859559350483	0.456275487845523	0.953264365514167	0.455868551820077	0.443051269556226	0.456275487845523	0.454453782778563	0.191471511316527	0.953264365514167	0.366352385679699	0.295516954782855	0.894530829443071	0.456275487845523	0.159283089259345	0.441620026928776	0.321186943562215	0.154525765192905	0.180150750413927	0.267866931031477	0.316231971206948	0.379134246200033	0.909971245289007	0.358362491348327	0.261696966693767	0.218527486571421	0.228360115411631	0.456275487845523	0.155153508463769	0.289370280360338	0.16279746105161	0.953264365514167	0.371081054638217	0.456275487845523	0.410642192193192	0.736891634308822	0.434588124436522	0.0211285854181291	0.401231963422875	0.889385401744038	0.868757486470153
"SRR5928239"	0.772243092662091	0.170992381696327	0.00133790550121828	0.0157618094858973	0.258976939865245	0.0572677330474965	0.0415264660166822	0.18546092191164	0.15179285973123	0.333936236248012	0.387820074354023	0.990856456041673	0.99131162370059	0.0212717326817448	0.997475162122922	0.0420400424505044	0.0179454974287779	0.0415264660166822	0.420417996291189	0.0877113977787149	0.371203487841729	0.0785497373967756	0.0415264660166822	2.7020613890747e-05	0.184913556008919	0.437826545793002	0.798195031507809	0.0415264660166822	0.0746475825544155	0.0316519572072531	0.500995002949228	0.997475162122922	0.1082023522824	0.0415264660166822	0.776307147777346	0.974063222730971	0.0415264660166822	0.280460475979395	0.372267868591298	0.0222006733220757	0.476933543210062	0.253630423575535	0.0415264660166822	0.0415264660166822	0.117472733464181	0.315830062400868	0.0406096965127092	0.550225238371038	0.229193052697691	0.0911529537696547	0.984196933363243	0.982483582177143	0.00206573430820372	0.25069689767453	0.330427151624687	0.286809870814713	0.0329727835124929	0.273881482834219	0.041072050369068	0.0415264660166822	0.989168736217165	0.163486626957683	0.000741955165231496	0.0582794123480707	0.085303640216403	0.24412460895184	0.0290906319927075	0.00567191934387002	0.983903070493861	0.0427046015635842	0.0272406673841945	0.248346098340887	0.122522369765676	0.000610454935973025	0.39050117132866	0.240044973372168	0.25266071108295	0.386405552296381	0.00933211004276772	0.0415264660166822	0.0512448994838554	0.273850758707094	0.186841615596266	0.237347903101751	0.0378257207203508	0.0299735566318517	0.151175133965189	0.113146367674524	0.460143912155953	0.215856318031268	0.606322032638924	0.0927018375016037	0.27580562246942	0.205806617306498	0.0401970174148104	0.00498233389820017	0.00575303194921998	0.009033050226884	0.041261265446976	0.285339000683361	0.89176405742801	0.673688040263971	0.0415264660166822	0.379863845542779	0.446774657900833	0.0415264660166822	0.358895416463019	0.997475162122922	0.0366651105962051	0.622807077684145	0.176529118345394	0.0253399793653271	0.229853256092577	0.0221181626283197	0.58328971640852	0.418206278634022	0.0329336180870192	0.254266535042224	0.914876930587164	0.0405734331069653	0.628799312764889	0.175653399325046	0.0408050690995958	0.0401744058380681	0.0945716227397247	0.111661917969925	0.931319584442468	0.0415264660166822	0.0370544794814474	0.0415264660166822	0.722523779933646	0.00459692000106491	0.0415264660166822	0.52969017052931	0.13046601308804	0.240046413381201	0.0134510917778344	0.00507948271411977	0.030276972884688	0.422282770842944	0	0.565097802192513	0.0415264660166822	0.91654879830079	0.156738276839948	0.0112162720436057	0.046784542535043	0.197028100327392	0.082455605165543	0.326562856311644	0.021901201704522	0.0607984207528657	0.791749544870899	0.226065532388394	0.0159761410917892	0.157799511602534	0.816183997922838	0.0415264660166822	0.027254980392532	0.962717161937188	0.0415264660166822	0.0362166822743583	0.0277483893476104	0.189763142820615	0.0886722564171063	0.336828155598477	0.00354970977112677	0.000309866986291108	0.959796345691966	0.98581707921518	0.73000663505518	0.126246694095933	0.00336293472947247	0.0103949901714449	0.0900253452063862	0.2185291104343	0.111984955197833	0.485805235231992	0.0328324960852478	0.636046215151118	0.915722445407392	0.821574210288887	0.163106355895573	0.474496903907288	0.0415264660166822	0.00287902878654088	0.0433030780215196	0.162157411464152	0.414507902359007	0.0117318723483472	0.0415264660166822	0.0103509250645492	0.0415264660166822	0.166559871807523	0.0415264660166822	0.997475162122922	0.0410212330813239	0.0252094547516535	0.0415264660166822	0.0392662742165439	0.249831234226159	0.997475162122922	0.688363962594859	0.143644141525131	0.971333688217772	0.0415264660166822	0.546927414185615	0.0234559650147195	0.115896725984712	0.285285286046768	0.260814144504169	0.172822662542285	0.121303154706667	0.0508076911452545	0.978292869526058	0.0745416507547363	0.179235979454979	0.223144062457608	0.213289004582241	0.0415264660166822	0.284692158905271	0.150193274716941	0.277444324616125	0.997475162122922	0.0600639142076612	0.0415264660166822	0.013912090457447	0.896502245880643	0.0148758620223362	0.439717304177328	0.0250466044131734	0.969000558767493	0.95957584715877
"SRR5928267"	0.351628506693643	0.433550790656958	0.564161510081673	0.576028695693945	0.355045079442645	0.523790586802279	0.59351034730028	0.421201266801731	0.449619046649517	0.281109616480012	0.223370842977351	0.900538602805138	0.901963384331095	0.550051733773925	0.921401497427775	0.53502563429478	0.577528770720461	0.59351034730028	0.186370331151907	0.500756580743083	0.241616171793107	0.507770310238928	0.59351034730028	0.565078905834609	0.421672305540042	0.165925191024333	0.405179257586258	0.59351034730028	0.510735989855055	0.542583750109643	0.0874014903925757	0.921401497427775	0.484807062734845	0.59351034730028	0.35984811946685	0.848973334317789	0.59351034730028	0.334563666645344	0.240459521391225	0.58044194790674	0.118145938373353	0.360058084161421	0.59351034730028	0.59351034730028	0.477469404255293	0.299617852192031	0.592896357502296	0.0210291811664746	0.382557525463349	0.498103321174167	0.8798584077535	0.874587508816101	0.566540827752503	0.362794635791127	0.284730425906081	0.328404657569071	0.587758796172385	0.340894001137011	0.593206083906011	0.59351034730028	0.895268360510657	0.439875234139784	0.564578732349023	0.523037510012696	0.502606783874566	0.368889983065878	0.544434265378696	0.561119302311095	0.878952944390896	0.534539207758227	0.583875605495648	0.364980483810284	0.473439956748204	0.565524567609096	0.220388791583112	0.372648981190062	0.360963776461306	0.224939829909105	0.558539093476161	0.59351034730028	0.528256630126253	0.34092344231572	0.420011749778558	0.37512382033444	0.591028241063531	0.585729894471309	0.450130098907737	0.480903378966072	0.138981346535127	0.39455781119612	0.06085777498324	0.496905877610839	0.339047960196112	0.403474091017877	0.536372804142118	0.568572841182987	0.569108741149173	0.571384588700958	0.593332794267837	0.329835790367316	0.621620414282667	0.169264393290346	0.59351034730028	0.232157387745856	0.155222913913706	0.59351034730028	0.254873582770533	0.921401497427775	0.538946941689277	0.0863116658891706	0.428849734478618	0.582582835023111	0.381958439150772	0.580385583418489	0.0263787976807331	0.188932962856288	0.58773234275518	0.359463381571419	0.681552138802915	0.536097880354784	0.0957303272525888	0.429595312074303	0.593027253917083	0.592604624105705	0.495457576001254	0.482077761025584	0.725966799237667	0.59351034730028	0.53866364445259	0.59351034730028	0.255745381678358	0.561875196596924	0.59351034730028	0.0493031999604581	0.467054092440074	0.372647657658736	0.555623360006484	0.561535986062003	0.585935437697017	0.18420364432835	0.565097802192513	0	0.59351034730028	0.685998885454225	0.445514428488571	0.572895044392102	0.531545148308313	0.411175389155367	0.50478891017175	0.288698822409724	0.580237350298214	0.521158762810694	0.391640735716447	0.385389019776108	0.55382956200288	0.44463054726029	0.443832820550791	0.59351034730028	0.545757344973654	0.815203589463325	0.59351034730028	0.53927306112407	0.54540196920398	0.417488340653476	0.500016835203889	0.278113239855502	0.562610717690162	0.56531446300145	0.806645113584885	0.884861165989366	0.26964570752227	0.470453192315962	0.562741815169826	0.572327252398137	0.498973772542521	0.39216829569067	0.48182236683349	0.106933720191615	0.541729101878486	0.107242375902613	0.683799066695991	0.455670948289464	0.440194183060779	0.121200623715814	0.59351034730028	0.563081347558978	0.534100849334363	0.440989485566411	0.193200840014287	0.573251251903524	0.59351034730028	0.557819093732747	0.59351034730028	0.437292380578098	0.59351034730028	0.921401497427775	0.59317204918847	0.582493962825805	0.59351034730028	0.591995564828556	0.363600290785734	0.921401497427775	0.194507938097395	0.456331333555225	0.840772221792599	0.59351034730028	0.0256285792546999	0.58129885659722	0.478722282667595	0.329888003854413	0.35331483287614	0.432000136107831	0.474414970856041	0.528579682935246	0.861779803157367	0.510816320373185	0.426540286326074	0.38802430692948	0.396845808290704	0.59351034730028	0.330464321161809	0.450941651942454	0.337472274527502	0.921401497427775	0.5217071157419	0.59351034730028	0.555296228353328	0.633676865675301	0.575419111682944	0.163674858670514	0.547345601234983	0.833801123377099	0.806001222811025
"SRR5928467"	0.789918004018251	0.211107412683941	0.0428621292896069	0.0257805448813232	0.29749098567285	0.0985734744819501	0	0.225353219453453	0.192178715481573	0.370623462897448	0.422933222968152	0.99387729845637	0.994298453627036	0.0627460108210006	1	0.0834293689073278	0.0235975263877474	0	0.454473602144294	0.128796151422031	0.406825216843403	0.11970853991261	0	0.0415534427287181	0.224814571131965	0.471285003128532	0.814307209533871	0	0.115835952775654	0.0730879693622319	0.53209815559818	1	0.149098021863205	0	0.793740508590241	0.978328847759373	0	0.318494300745317	0.407857638748481	0.0193425831031976	0.508968625610609	0.292258550331894	0	0	0.158272219562691	0.352997340942746	0.000918227514612389	0.579288883634392	0.268315006107857	0.132208214846732	0.987713759216728	0.9861275139052	0.0394639192461285	0.289386697902839	0.367209340042813	0.324695087160471	0.00856472455289591	0.312066076339471	0.000455146581871004	0	0.992315567839666	0.203710894636597	0.0422671949807137	0.09957896325717	0.126408483099887	0.28295021396529	0.0705368655766861	0.0471879203051778	0.987441711262309	0.0840906559565809	0.0143010309413297	0.287084850056646	0.163266679397202	0.0409169877283617	0.42553032856801	0.27895322831771	0.291309296933554	0.421562797826278	0.0508400251051903	0	0.0925858518296457	0.312036048631359	0.226711821938746	0.276310104656458	0.00370622680179141	0.0115664650107119	0.191569234109308	0.15399156536643	0.492803953859615	0.255228639622088	0.632845377741935	0.133743526792714	0.313946459594652	0.245358655038622	0.0815952387702846	0.0365512527045784	0.0357814829533202	0.0325048963705549	0.000265629117110613	0.323258913919097	0.901844742209181	0.696858257494267	0	0.415223082267023	0.47991742455449	0	0.394880548827371	1	0.0780796401834517	0.648540306477995	0.216560805809361	0.0162025401616356	0.268962464241624	0.0194251027592709	0.61088385682674	0.452336138707827	0.00860392734456794	0.292881202340411	0.923372507542861	0.0819698592337277	0.65424044439537	0.215698424956381	0.000722549739770702	0.0013541873812969	0.135596681575583	0.152522467827146	0.938664650533188	0	0.0784672587498591	0	0.743058159802185	0.0461150972356706	0	0.559626178932729	0.171119552612329	0.278954639376268	0.054948657965531	0.0465966941822048	0.0112628265192701	0.456275487845523	0.0415264660166822	0.59351034730028	0	0.924928259748207	0.197057074337501	0.0303234926490061	0.0881497569069348	0.236730823395616	0.123583632233277	0.363448548832759	0.0196420847064335	0.102082212896504	0.808254328422367	0.265247412473984	0.0574667092234119	0.198103674744165	0.8311847969096	0	0.0687082254771207	0.967812664100625	0	0.0776332130656639	0.0691997755633537	0.229586124485665	0.129748868021474	0.373436426963098	0.0450699203129468	0.0412170984129501	0.965104027563601	0.98921352543248	0.750121982948833	0.166949051189265	0.0448834989284543	0.0311441343087357	0.131090370167521	0.25785234043387	0.152842178661631	0.517501676779081	0.0742636252748115	0.661130607739506	0.924159323729438	0.836237516682085	0.203336043118539	0.506623977745115	0	0.0444004965934228	0.0846861563586812	0.202400574535605	0.448761115614145	0.0298082673261764	0	0.0518564035089643	0	0.206739933810011	0	1	0.000506044602855559	0.0163331107879758	0	0.00226366726524606	0.288539109202013	1	0.710760126486081	0.184136398785737	0.975799778871248	0	0.57613324008585	0.01808708933079	0.156713030827943	0.323206463284583	0.299288489139826	0.212910402138759	0.16206096623668	0.0921510899434204	0.982246828852107	0.115730807222786	0.219226067632672	0.262381249193152	0.252707968331322	0	0.322627279005327	0.190600418876943	0.315547675724785	1	0.101352352190172	0	0.0554084160905273	0.906261043504963	0.0266661143774895	0.473109550115581	0.0665079371450311	0.97363758950137	0.964899522713396
"SRR5928202"	0.432631377591811	0.874621294335483	0.916268829340703	0.919799080969898	0.846837870924259	0.903956500250727	0.924928259748207	0.87039757498589	0.880038702736787	0.818491365617103	0.794709230311877	0.512855835901186	0.517400026932234	0.912019486304239	0.581459440815959	0.907430889266604	0.920242517303225	0.924928259748207	0.778636612758061	0.896714198104656	0.802390161782627	0.898936623288966	0.924928259748207	0.916543150387096	0.870559648653317	0.769457829027361	0.380366788680601	0.924928259748207	0.899871796931051	0.909747193996034	0.732071695524097	0.581459440815959	0.891603223715598	0.924928259748207	0.424915202596181	0.360857773627058	0.924928259748207	0.839208338910072	0.801907886390593	0.921101894527542	0.747129235429962	0.848680316774273	0.924928259748207	0.924928259748207	0.889224862161294	0.82580018882372	0.924749532176753	0.697553077816386	0.856831774140232	0.895869493758955	0.449080093792359	0.433451392385164	0.91697980461668	0.849682011744177	0.819932821391605	0.836881475824478	0.923250001707262	0.841584116774902	0.924839703892321	0.924928259748207	0.496219312192199	0.876764029555253	0.916393617300673	0.903722266631921	0.897301944067237	0.851902890708962	0.910311763977237	0.915357436160742	0.446377798268426	0.907281240324249	0.922111796358825	0.850480067005537	0.8879114501452	0.916676326899051	0.793438776317315	0.853265479357071	0.849012156831171	0.795375955733154	0.914582386975046	0.924928259748207	0.905342106788043	0.84159512886665	0.8699879440436	0.854159669144763	0.924205107304261	0.922655825357062	0.880209574348948	0.89034006071242	0.75702170881112	0.861102222484024	0.65072046732662	0.895487552117317	0.840892942869051	0.864241183790238	0.907844981006334	0.917585734851933	0.917745342145526	0.91842225952866	0.92487658599869	0.837423516499625	0.107569492167983	0.580164676860961	0.924928259748207	0.798427848481131	0.764565217134322	0.924928259748207	0.807873763387984	0.581459440815959	0.908634730287835	0.635094013350119	0.873019683933785	0.921731950827339	0.856617190297128	0.921085289513938	0.671053911509211	0.779771860490598	0.923242261924196	0.848462250044903	0.00794386059682636	0.9077605186772	0.629172953793758	0.873274203981112	0.924787643683947	0.924664574965075	0.895024997675795	0.890720580821413	0.0752573568426339	0.924928259748207	0.90854790968085	0.924928259748207	0.515391666901568	0.915584134471128	0.924928259748207	0.712608395020971	0.885819198346363	0.853265000532478	0.913704264092985	0.915482422805127	0.922716071385215	0.777674148571945	0.91654879830079	0.685998885454225	0.924928259748207	0	0.878663136027834	0.91887072038564	0.906358577525289	0.866929418488935	0.897993769094372	0.821506125488549	0.921041615745884	0.903137166352015	0.394037284306609	0.857844174044612	0.913162820831302	0.878366182428091	0.339491829625273	0.924928259748207	0.910714807883903	0.272904298958867	0.924928259748207	0.908734645209594	0.910606601368027	0.869117322674626	0.89647890921647	0.817294176426086	0.915804566849199	0.916613548617852	0.251886097173138	0.464143481278902	0.504163114540717	0.886934520416592	0.915843840046947	0.918702215417466	0.896146856136961	0.860256096015483	0.890637866145953	0.741702692967876	0.909486113582199	0.62183075821632	0.00394006693349888	0.326394814692286	0.876871729100506	0.748595021575822	0.924928259748207	0.915945531934845	0.907146319624225	0.877140128624074	0.781655117105586	0.918976386884641	0.924928259748207	0.914365772847593	0.924928259748207	0.87589060221453	0.924928259748207	0.581459440815959	0.924829796523387	0.921705821210322	0.924928259748207	0.924487132966924	0.849976369530918	0.581459440815959	0.562112945487225	0.882276029833709	0.338725899027241	0.924928259748207	0.700039001358387	0.921354232098453	0.889632177825615	0.837443276706571	0.846199692633541	0.874093839840218	0.8882297392265	0.905442103991501	0.396475590316974	0.899897090239294	0.87223008104735	0.858783759750625	0.86191045295687	0.924928259748207	0.837661311160898	0.880480739633986	0.840301921814189	0.581459440815959	0.903308050263512	0.924928259748207	0.913605590926794	0.0885770325729935	0.919618703167837	0.76843415500431	0.911197959208184	0.320312940532364	0.250324414539304
"SRR5928379"	0.694675985192796	0.014623122926973	0.155431061134115	0.172099757306019	0.106301517828694	0.100318398279218	0.197057074337501	0.029530921961615	0.00505874181422692	0.186383433963207	0.245110686313036	0.976984229492737	0.977594274053986	0.135893154311687	0.985864501075384	0.115414301148513	0.174222360938461	0.197057074337501	0.281122154398837	0.0699321184823142	0.226895119875657	0.0791055672995437	0.197057074337501	0.156711881151025	0.0289657470457249	0.300505402391072	0.72710911839918	0.197057074337501	0.0830051262607585	0.125673368924875	0.371742389383034	0.985864501075384	0.0493235537487273	0.197057074337501	0.69973646146107	0.954543785433275	0.197057074337501	0.129064254513448	0.228059090047245	0.178354589225512	0.34443908559209	0.100659955234436	0.197057074337501	0.197057074337501	0.0399582904744245	0.16686967241235	0.196172269068155	0.428263147813882	0.0749913246198856	0.0664796372753144	0.968069679166104	0.965779472793432	0.158755612381851	0.0975684712106528	0.182592985636346	0.135820568432288	0.188792366557332	0.122077547549326	0.196618532165279	0.197057074337501	0.974723077989276	0.00691519677801441	0.156013404917746	0.0993130500518336	0.072345407793927	0.0906523719214137	0.12819802814117	0.151192916262148	0.967676781574878	0.114756918366489	0.183242272240791	0.0950930966779795	0.0348459918117457	0.157334557252251	0.248058662087263	0.0863663184609832	0.0996377201241435	0.243556358406291	0.147609460902869	0.197057074337501	0.106297280152518	0.122044952552744	0.0309569548392711	0.0835357208805593	0.193483900492585	0.185889545408701	0.00569009220309217	0.0443321796646669	0.325510585378601	0.0610632925354063	0.493766838158793	0.0649246763744602	0.124119466798294	0.0506053863089293	0.1172367453171	0.161601785217838	0.162353464401767	0.165550630282614	0.196801144757374	0.134254256990121	0.84642117195736	0.574021011287291	0.197057074337501	0.236377036499757	0.310510012508853	0.197057074337501	0.213463485027767	0.985864501075384	0.120726426272553	0.513243332473235	0.0203202315202079	0.181399874728187	0.0756822730347542	0.178274511749679	0.466728623911797	0.278667155373778	0.188754476526123	0.101330685571554	0.87647966077213	0.116864614067825	0.520348831987561	0.019418510908512	0.196360849717512	0.195752071974181	0.063046594413648	0.0458316268945074	0.898008195040822	0.197057074337501	0.120341891907005	0.197057074337501	0.633316592052077	0.152244642422035	0.197057074337501	0.404578726147747	0.0267880493637104	0.0863678303863661	0.143572194088647	0.151772568252723	0.186183325107293	0.283193375804945	0.156738276839948	0.445514428488571	0.197057074337501	0.878663136027834	0	0.167676991522935	0.110718189620155	0.0414964413940517	0.0751977446724251	0.178423617463487	0.178063939668405	0.096808489405118	0.719027689394665	0.0717200516177962	0.141094805760882	0.00108653831171428	0.749756374405011	0.197057074337501	0.130006223075018	0.939455673630777	0.197057074337501	0.121169231724347	0.129520290932692	0.0339763901878865	0.0689685671693615	0.189510337086555	0.153268860037383	0.157040962262861	0.93558106895721	0.970236546403946	0.642486789275403	0.0310704762343375	0.153451500950465	0.166877259926336	0.0676112169272714	0.0638500465285416	0.0455053828618836	0.354481766400373	0.124509084026837	0.528960625781381	0.877583755518858	0.756569040875351	0.00652514861812401	0.341685780243669	0.197057074337501	0.153924649133552	0.114164793575936	0.00555200162415385	0.274565784302596	0.168178963689934	0.197057074337501	0.146611315352908	0.197057074337501	0.0100691045220703	0.197057074337501	0.985864501075383	0.196569486373077	0.181273315270879	0.197057074337501	0.194875256754023	0.0966567264834421	0.985864501075384	0.591740292360131	0.0133777320004601	0.950908633399599	0.197057074337501	0.424449028414998	0.179572623008192	0.0415522677507283	0.134197070372508	0.108242245728166	0.0165053608488017	0.0360810469458595	0.106730881048706	0.960183525431658	0.0831109242746579	0.0231089776620113	0.0686671206660146	0.0583886522098404	0.197057074337501	0.133565667886678	0.00669336517118152	0.125859429904941	0.985864501075384	0.0975389772416652	0.197057074337501	0.143120034943241	0.852563968534648	0.171238203183501	0.302617046840548	0.132180264271683	0.94780411649948	0.935288724914024
"SRR5928371"	0.777121439193402	0.181880205902615	0.0125540001619132	0.00454629421910942	0.269456235576487	0.0684426107697131	0.0303234926490061	0.196292725398712	0.162748233124008	0.343939538848063	0.397408655947554	0.991695217852243	0.992140951927024	0.0324807079233673	0.998176330337283	0.0532326800340366	0.0067305009634051	0.0303234926490061	0.429726272544076	0.0988361161200957	0.38092642449878	0.0896916046770806	0.0303234926490061	0.0112432894490646	0.195747558847793	0.446976055416927	0.802645227797311	0.0303234926490061	0.0857962170127122	0.0428539042329846	0.509515429843702	0.998176330337283	0.119282317696439	0.0303234926490061	0.781119362710914	0.975247067797791	0.0303234926490061	0.290815371100628	0.381982371820127	0.0109869772946188	0.485703382942003	0.264139176184466	0.0303234926490061	0.0303234926490061	0.128529548260177	0.325959106035005	0.0294060360763531	0.558197868610375	0.239828818324549	0.102270773370913	0.985173232238554	0.983495119513582	0.00915073736951814	0.261221558254219	0.340455358922142	0.29712614976406	0.0217640902669868	0.284275500279426	0.0298687342201818	0.0303234926490061	0.990042439873778	0.174401780558352	0.0119581335076123	0.0694529369638841	0.0964330367003433	0.254684255311699	0.040294524527887	0.0168871798280937	0.98488541751157	0.0538965661248844	0.0160290066956357	0.258883376732639	0.133565813488788	0.0106058854837996	0.400067534875869	0.250625881215189	0.263174742213502	0.396005795496656	0.0205463571149841	0.0303234926490061	0.0624273860544098	0.284244956729118	0.197667843420451	0.247942675492547	0.0266200827787345	0.0187632240891425	0.162132552063373	0.124214211623799	0.469080653685286	0.226556120464874	0.61360914767556	0.103816470912954	0.286188291673259	0.216552208899607	0.0513914727563129	0.00623426618206311	0.00546357204820383	0.00218343011128196	0.0300580914988914	0.295664300363498	0.89455549340374	0.680065776432597	0.0303234926490061	0.389517476939521	0.455840103983807	0.0303234926490061	0.368714155957821	0.998176330337283	0.0478628492118086	0.629880341445915	0.187396024151633	0.0141274880495448	0.240485754840919	0.0109044377465102	0.590866187238256	0.42753427372357	0.0217249022092874	0.264771814349045	0.917230920509904	0.0517675230152641	0.635793447875749	0.186523656558876	0.0296015535940899	0.0289704253979707	0.105682342537017	0.122733455451016	0.933355699092674	0.0303234926490061	0.0482518690436646	0.0303234926490061	0.728183604042958	0.0158124243834265	0.0303234926490061	0.537897419054786	0.141487336957799	0.250627313780993	0.024663860154679	0.016294880630035	0.0190667975353196	0.431574342259667	0.0112162720436057	0.572895044392102	0.0303234926490061	0.91887072038564	0.167676991522935	0	0.0579721710736247	0.207811955224626	0.093590377587842	0.336618191559447	0.0106874016371074	0.0719684824896814	0.796307372677406	0.236716649704121	0.0271878259047649	0.16873458451849	0.820329275548708	0.0303234926490061	0.0384601820844529	0.964130887323631	0.0303234926490061	0.0474148189251304	0.0389532461355551	0.200577440684301	0.099795073777122	0.346810740229618	0.0147654282822613	0.0109064407486305	0.961268822322674	0.986760001293167	0.735552105432682	0.137279932346884	0.0145786889980302	0.000821372043435278	0.101145452619887	0.229216378239194	0.123055692861954	0.494484515292813	0.0440334998067322	0.64294366028327	0.918060224808233	0.825626825044029	0.174022862609896	0.48329132955579	0.0303234926490061	0.0140948722704166	0.0544944285135182	0.173077281544288	0.42386864298615	0.000515664195569199	0.0303234926490061	0.0215648397280868	0.0303234926490061	0.177463978426375	0.0303234926490061	0.998176330337283	0.0298178788706964	0.0139969091967219	0.0303234926490061	0.0280616390631599	0.260360554685422	0.998176330337283	0.694531133705527	0.154625842630276	0.972573076731055	0.0303234926490061	0.554938312966797	0.0122427257142798	0.126957604082934	0.295610914297566	0.271283179810239	0.183703642989667	0.132349875950732	0.0619907002812127	0.979390343858668	0.0856904644488938	0.19009242411553	0.2338093347668	0.224000705885875	0.0303234926490061	0.295021411280273	0.161153926316235	0.287817267922451	0.998176330337283	0.0712349994848656	0.0303234926490061	0.0251246710510974	0.899204898084195	0.00366016500411058	0.44884918991948	0.0362532868576716	0.970287303290691	0.96105275194784
"SRR5928459"	0.751006483788028	0.125150526126571	0.0454493156522298	0.062502954523951	0.214641077108318	0.0105097034907423	0.0881497569069348	0.139818667427538	0.105715199054245	0.291438847369964	0.346963031646554	0.987159911376316	0.98765656018657	0.0255367389532903	0.994383856136735	0.00475330280048418	0.0646789099095632	0.0881497569069348	0.380683689327642	0.0410856015917914	0.329812021935067	0.0318754908406017	0.0881497569069348	0.0467575775762917	0.139263407230867	0.398732272380722	0.778794035727257	0.0881497569069348	0.027954964833177	0.0151537142685216	0.464460854723418	0.994383856136735	0.0617119565138562	0.0881497569069348	0.755353650367935	0.968850793905882	0.0881497569069348	0.236599026771122	0.330909870131444	0.0689178165058171	0.439380162706661	0.209183027082926	0.0881497569069348	0.0881497569069348	0.0710558922862532	0.272841482489664	0.0872381780455423	0.51594625256085	0.184268932866309	0.0445472864053666	0.97989586178215	0.978027699385174	0.048845831963311	0.206189409376334	0.287832215134475	0.243096691669577	0.0796416472126149	0.229870283151252	0.0876979232941804	0.0881497569069348	0.985318565011232	0.117548644767105	0.0460440922767309	0.0115244563183804	0.0386643880300342	0.199485329623035	0.0177166139966726	0.0411228979543199	0.97957542575583	0.00408763058253781	0.0739364872462631	0.203791019706185	0.0761488223268728	0.0473937229925662	0.349732751792972	0.195325860564068	0.208193363946468	0.345502021025064	0.0374678351800944	0.0881497569069348	0.0044704485436711	0.229838868945368	0.141219393883336	0.192576841491183	0.0844695142711264	0.0766568835563729	0.105090436031798	0.0666942450576091	0.421911475705948	0.170694868067116	0.574892425642834	0.0461055730756775	0.231837811394482	0.160476964562405	0.00659921052806472	0.0517555172385542	0.0525242633575715	0.0557953908277917	0.0878860654271562	0.24159114641517	0.879530375367865	0.64607698770726	0.0881497569069348	0.338747728109093	0.408020353410207	0.0881497569069348	0.317124544902914	0.994383856136735	0.0101358027126793	0.592271759132933	0.130761419126448	0.0720441021443774	0.184941303277753	0.0688356363782463	0.550654025723925	0.378392675882422	0.07960267573022	0.209832272205551	0.904546947123568	0.00622223048111133	0.598595497078252	0.129873787517659	0.0874324506179096	0.086805326202659	0.047986993853673	0.0651980746633257	0.922376242324085	0.0881497569069348	0.00974597135858423	0.0881497569069348	0.697953753282288	0.0421961672574387	0.0881497569069348	0.494442709269188	0.0841651837404433	0.195327328485739	0.0333532137760116	0.0417143937282275	0.076958872449999	0.382615674308027	0.046784542535043	0.531545148308313	0.0881497569069348	0.906358577525289	0.110718189620155	0.0579721710736247	0	0.151558988356887	0.0358011019351192	0.283861806720381	0.0686195418264906	0.0140515116134494	0.771886507208426	0.181084311679698	0.0308300987017586	0.111792065104896	0.798094057956602	0.0881497569069348	0.0195530378221958	0.956496564788894	0.0881497569069348	0.0105847470547829	0.0190594505209176	0.144183876603427	0.0420519740295178	0.294412008738507	0.0432415944126553	0.0470937666903563	0.953318302792744	0.981662668385556	0.705922945004571	0.0799065375809865	0.043428041297215	0.0571533614892425	0.0434129666620682	0.173413933065088	0.0655236457387074	0.448621332416994	0.0139722546881363	0.606247901904939	0.905463109471958	0.803883294484322	0.117163638314381	0.436843336490149	0.0881497569069348	0.0439110827612781	0.00348811828732047	0.11620293365045	0.374562719202185	0.0584861890201337	0.0881497569069348	0.0364502377219604	0.0881497569069348	0.120660636584109	0.0881497569069348	0.994383856136735	0.0876473936327731	0.0719141360960028	0.0881497569069348	0.0859022292807324	0.205306162736203	0.994383856136735	0.661642594196184	0.0974764005492786	0.96587754468126	0.0881497569069348	0.51249020935312	0.0701680054644669	0.069466839003954	0.241536169218908	0.216517208106823	0.127005015698809	0.0749189455603582	0.00403217318394434	0.973459573483114	0.0278485531648735	0.133505538678159	0.178110303401029	0.168083716721536	0.0881497569069348	0.240929118173183	0.10409746168478	0.233513731887568	0.994383856136735	0.0133146006337096	0.0881497569069348	0.0328926101402754	0.884654504321033	0.0616200249518296	0.400694244851857	0.0217619488152568	0.963336686797601	0.953078403807962
"SRR5928443"	0.671403057967423	0.0268886814718505	0.195738778030544	0.21216950824453	0.065075361833598	0.14126114564227	0.236730823395616	0.011979341610512	0.04654598313576	0.145949856106328	0.205583111140832	0.972615240684618	0.973273615944099	0.176452697494888	0.982202271521584	0.156206333708881	0.214260283310073	0.236730823395616	0.242287000008549	0.111124922880841	0.187056988103031	0.12023039829053	0.236730823395616	0.197002067242458	0.0125448920547133	0.262086212460143	0.705660248571353	0.236730823395616	0.124099091601917	0.166352964051285	0.335113385554878	0.982202271521584	0.0906453058820839	0.236730823395616	0.676742260942655	0.948419612198553	0.236730823395616	0.0880116389904302	0.188240006966862	0.218329560744508	0.307075247962673	0.0593971223539645	0.236730823395616	0.236730823395616	0.0813277586198579	0.1261960221597	0.235860870258378	0.39334866143249	0.033593313886693	0.107696337681431	0.962998157398167	0.96052858977489	0.199017565343552	0.0562866057887489	0.142110400724482	0.0948273561000722	0.228602519093385	0.0809673059273904	0.236299649949576	0.236730823395616	0.970175234357163	0.0345905906864647	0.196313166754332	0.140265210893195	0.113520961128741	0.0493306585706569	0.168848712485016	0.191557745279814	0.962574456749303	0.155555879635765	0.223141099971046	0.0537965355074805	0.0762386338963956	0.197616175270544	0.208583850374696	0.0450218036691976	0.0583685104313452	0.204001244559064	0.188021505445462	0.236730823395616	0.147182435243416	0.0809344511448701	0.0105522500563438	0.0421769414105709	0.233217261744529	0.225746370341813	0.0471760452425126	0.0856802100437182	0.287672875648458	0.019613646749445	0.461167468892226	0.106151837929071	0.0830256671528516	0.00912699132864309	0.158009395686284	0.201823886809274	0.202564937645736	0.205716414097089	0.236479195924756	0.0932469511530496	0.832455219660128	0.544742152963042	0.236730823395616	0.196697240148424	0.272317399868599	0.236730823395616	0.1734133914878	0.982202271521584	0.161461249696319	0.481400651531301	0.0211930361634369	0.221327618917075	0.0342872211412794	0.218250715577213	0.433130780550191	0.239781479983975	0.228565242411664	0.0600720816003916	0.864591933723618	0.157641242922784	0.488790035069824	0.0220946942074107	0.236046290442966	0.235447705587546	0.1042861413357	0.0871719662251185	0.88765701783428	0.236730823395616	0.161080929483263	0.236730823395616	0.606836313015306	0.192595427067215	0.236730823395616	0.368913978137325	0.0682130945128509	0.045023323382582	0.184036253895811	0.192129667293075	0.226035455819316	0.244401222734758	0.197028100327392	0.411175389155367	0.236730823395616	0.866929418488935	0.0414964413940517	0.207811955224626	0.151558988356887	0	0.116352327537874	0.137888449094181	0.218043381641619	0.137783762475647	0.6971159590533	0.0303085423843167	0.181590164638673	0.0404116186893745	0.72963423282635	0.236730823395616	0.170635900045958	0.932176143696192	0.236730823395616	0.161899188306168	0.170155638088262	0.00753004755683546	0.110168133497584	0.149118049685076	0.193605886170813	0.197326623872137	0.928008052971154	0.965335149321031	0.616465667411032	0.0724789290692738	0.193786065187459	0.207023855763798	0.108820186852309	0.0224095113549766	0.086847410433346	0.317381161954894	0.165201846710168	0.497751509365654	0.865773853205726	0.736854554983414	0.0349802110201455	0.304251206254807	0.236730823395616	0.19425282371148	0.154969967269041	0.0359522388261486	0.235596791409759	0.208306601186681	0.236730823395616	0.187036336116083	0.236730823395616	0.0314397059079421	0.236730823395616	0.982202271521584	0.236251427351194	0.221203036296324	0.236730823395616	0.234585521395937	0.0553693919901889	0.982202271521584	0.563266876220511	0.0548455058783398	0.944504283285575	0.236730823395616	0.389410614025635	0.21952878985813	0.0829140953319489	0.0931892536557713	0.067029287926764	0.0250072076628277	0.0774682765429172	0.147611752283749	0.954496318443657	0.124204035834237	0.0184040810679346	0.0272437734227749	0.0169308362511965	0.236730823395616	0.0925522277318344	0.0481772070839043	0.0847799012781841	0.982202271521584	0.138507559305867	0.236730823395616	0.183589842413611	0.83901637699114	0.211320774886105	0.264245005993851	0.172784350895042	0.941161402243178	0.927693618161819
"SRR5928257"	0.733781831232978	0.0897279648776701	0.0811261264517136	0.0980973709717752	0.180143391756559	0.0253003617718277	0.123583632233277	0.104510144243864	0.0701641343445673	0.258174113065778	0.314844331306304	0.984106578033123	0.984637374548494	0.0612850848353532	0.991829025638616	0.0405479076887605	0.100261412639344	0.123583632233277	0.349365877292905	0.00529182870348812	0.297316422178712	0.00392983372544473	0.123583632233277	0.0824287574734819	0.1039502996864	0.367875810556688	0.763024417618415	0.123583632233277	0.00785353786261042	0.0509288005579078	0.4354779148463	0.991829025638616	0.0259648687247935	0.123583632233277	0.738352918409146	0.964551418070576	0.123583632233277	0.202412290458943	0.298437781973714	0.104476201019569	0.409646447908309	0.174613201636278	0.123583632233277	0.123583632233277	0.0353394373951308	0.239240760318842	0.122678512688501	0.488643780300572	0.149395819514925	0.0087593380696256	0.976345180078229	0.974349745455874	0.0845077861115664	0.171580886916655	0.254500448240608	0.209008342738674	0.115133652294815	0.195584729729191	0.123135007180778	0.123583632233277	0.982138788042078	0.0820727564431443	0.0817183573140819	0.0242860803568485	0.00286702284766092	0.164792381797139	0.0534857732724572	0.0768175130290798	0.976002895252603	0.0398832369304231	0.109464763515324	0.169151939076533	0.0404515570018377	0.0830621233999232	0.31767684048234	0.160582084613921	0.173610677417952	0.313350415449201	0.0731765136210903	0.123583632233277	0.0313353755228917	0.195552861500533	0.105922528997055	0.157800125169481	0.119929127191441	0.112168135875442	0.0695356672624313	0.03096275446628	0.391681024606205	0.13567444167695	0.549745011152155	0.0103205112269439	0.197580829789816	0.125353976900156	0.0423908823586357	0.0874041294166585	0.0881692558356332	0.0914245384124024	0.123321814934683	0.20747974127455	0.869508919585127	0.623862947002636	0.123583632233277	0.306445935420713	0.377410209774236	0.123583632233277	0.284363316354411	0.991829025638616	0.0459212146246928	0.567807023034789	0.0953807459423399	0.107583929052023	0.150075815302107	0.104394499897532	0.52459051001098	0.347017933705798	0.11509493595454	0.175270920561505	0.896068597025068	0.0420145199479361	0.574384523423563	0.094486344720066	0.122871413323903	0.122248708550438	0.0122056359586739	0.0294617235057823	0.915025879507419	0.123583632233277	0.0455321145535447	0.123583632233277	0.678106919634601	0.0778864826104184	0.123583632233277	0.466415545139482	0.0485016890841872	0.160583570263743	0.0690766514827693	0.0774066487121362	0.112468204458886	0.351346156344552	0.082455605165543	0.50478891017175	0.123583632233277	0.897993769094372	0.0751977446724251	0.093590377587842	0.0358011019351192	0.116352327537874	0	0.250457289062921	0.104179662746823	0.0217598973140743	0.755749938294247	0.146175502754128	0.0665620249454947	0.076278414753263	0.783368173670185	0.123583632233277	0.0553176786163342	0.951370504802391	0.123583632233277	0.046369304128619	0.0548253280496784	0.108912127214413	0.00625974559818042	0.261203211824254	0.0789276473276049	0.0827634810663126	0.94798140358882	0.978232592999757	0.686456976610127	0.0442245592690127	0.0791133263274025	0.0927757207780402	0.00762302047297941	0.138422003765971	0.02978833933726	0.419159086301637	0.0497499245353741	0.582347836345004	0.89704214838821	0.789475793454685	0.0816851539741871	0.407036152141941	0.123583632233277	0.0795943675363422	0.0392846010346476	0.0807180155310668	0.343093625427264	0.0941017656462902	0.123583632233277	0.0721626720396653	0.123583632233277	0.0852061025856274	0.123583632233277	0.991829025638616	0.123084835493425	0.107454747498714	0.123583632233277	0.121351930056266	0.170686340720618	0.991829025638616	0.640118456540616	0.0618786242791184	0.961378176754695	0.123583632233277	0.485069053201447	0.1057190472767	0.0337447568656146	0.207423925107362	0.182044793363186	0.0915960615253244	0.0392168850362859	0.0317732474493167	0.969471501580235	0.00796002132207067	0.098146133842976	0.143168787713742	0.133036401013797	0.123583632233277	0.206807624120553	0.0685368604880527	0.199281297945963	0.991829025638616	0.0224965984109542	0.123583632233277	0.0686176293405944	0.874945361787885	0.0972191852303357	0.369889309987141	0.0575208543717711	0.958666932046391	0.947725620664242
"SRR5928163"	0.584462154909156	0.164203890536489	0.325358798369183	0.340673590040661	0.0734335196996779	0.274122114661958	0.363448548832759	0.149635062039721	0.183326556244318	0.00821711343005951	0.0695510761040701	0.955367886469993	0.956214964096258	0.307301092962374	0.967719124203629	0.288248903246583	0.342617804954251	0.363448548832759	0.107789248984128	0.245471795434442	0.050392372412163	0.254151587300572	0.363448548832759	0.326538548712344	0.150188723484494	0.12857274934906	0.62503615153913	0.363448548832759	0.257833304572606	0.297809319072952	0.20619625136932	0.967719124203629	0.225875491707765	0.363448548832759	0.590759843239632	0.92435190951869	0.363448548832759	0.050453328932464	0.051612962078679	0.346398889280271	0.176212085748068	0.0791013308427368	0.363448548832759	0.363448548832759	0.216925691583471	0.0118871908338492	0.362644275361914	0.269208546530453	0.104752011665573	0.242198252306077	0.943013237750647	0.93984637941091	0.328419984762491	0.082202565938847	0.00430131324509601	0.0435978556982789	0.355927037285339	0.057525866067124	0.363049950124642	0.363448548832759	0.952229974658653	0.171707902283795	0.325895250663768	0.273178803824882	0.247757778939694	0.0891286349022365	0.300157100346347	0.321451556259909	0.942469738867264	0.287635186577813	0.350864657408848	0.0846833881800203	0.212028371961439	0.327111910674197	0.0726631910895688	0.093412670058655	0.0801271528105076	0.0679114994506037	0.318143651239829	0.363448548832759	0.279725588564563	0.0575588217621525	0.148237609852477	0.0962385039105153	0.360199171700312	0.353280443388827	0.183937877434881	0.221109024773714	0.15559582169082	0.118576756824771	0.343867957208957	0.240722656289804	0.0554606159586704	0.128914218598897	0.289949597928331	0.331038043986345	0.331729071137473	0.334666364681193	0.363215936835587	0.0451885728885474	0.778731945872169	0.437818532770969	0.363448548832759	0.0603499911875038	0.139355973220777	0.363448548832759	0.0363431986610423	0.967719124203629	0.293203300148268	0.366413590602771	0.158644966373172	0.349182135199831	0.104064481093192	0.346325664970914	0.312834408717606	0.105167031938546	0.355892507860878	0.0784280522693822	0.818592238618563	0.28960241011656	0.37467903719892	0.159525526730085	0.362815711487245	0.362262242025673	0.23893941412176	0.222541741747532	0.847432414901045	0.363448548832759	0.292844952040035	0.363448548832759	0.509054817295954	0.322421672621109	0.363448548832759	0.242647632292435	0.204292274135184	0.0934111599490268	0.314412171675186	0.321986270893658	0.353548405478039	0.110003314331932	0.326562856311644	0.288698822409724	0.363448548832759	0.821506125488549	0.178423617463487	0.336618191559447	0.283861806720381	0.137888449094181	0.250457289062921	0	0.346133104877252	0.270827429478807	0.614879204239644	0.108004909821428	0.312119975591681	0.177369455800375	0.653667920520926	0.363448548832759	0.301837415075022	0.903654051281211	0.363448548832759	0.293615894951323	0.301385947480361	0.14527646780724	0.244558561504473	0.0114513020990236	0.323366093777222	0.326841582117421	0.898358962539264	0.946012225352205	0.520213722535034	0.208406249594224	0.323534471908989	0.3358842620689	0.243271597151484	0.115815902233512	0.222230077604659	0.187206833080371	0.296725946867082	0.384725706594994	0.820065359460201	0.662329661225296	0.172087114486181	0.173204636037085	0.363448548832759	0.323970624191858	0.287082279335032	0.173033009532559	0.100791361621147	0.337078763363413	0.363448548832759	0.317221566087987	0.363448548832759	0.168639784780686	0.363448548832759	0.967719124203629	0.363005368004948	0.34906652092476	0.363448548832759	0.361464894008624	0.0831165611930713	0.967719124203629	0.458940948697199	0.191371251682204	0.919353792130614	0.363448548832759	0.264915824187033	0.347512445876799	0.218450931557571	0.0452466343632996	0.071481232515207	0.162368486978932	0.213212257375766	0.280131534022859	0.932120622385399	0.257933126086306	0.155919967409683	0.111037429311533	0.121224084414096	0.363448548832759	0.0458876203619322	0.184909055717677	0.0536996298500105	0.967719124203629	0.271513439634701	0.363448548832759	0.313993951787964	0.786839653121092	0.339884058435068	0.130845553938059	0.303856380238001	0.915091014833	0.897959772917454
"SRR5928217"	0.78169583943222	0.192215802278429	0.0232384660603627	0.00614138838279267	0.27938607066038	0.0790755500296811	0.0196420847064335	0.206572086184737	0.173152057278709	0.353403786576746	0.406470530572055	0.992478245762362	0.992915165972682	0.043154004518166	0.998830819905112	0.0638858592386031	0.00395716868910848	0.0196420847064335	0.438517376483378	0.109414695149186	0.390118398722943	0.100288489202568	0.0196420847064335	0.0219282100997968	0.206029122426421	0.455614139518166	0.806815956705791	0.0196420847064335	0.0964003896390876	0.0535182267145551	0.517549223248463	0.998830819905112	0.129813898663889	0.0196420847064335	0.7856313794799	0.976352624123941	0.0196420847064335	0.300623006329724	0.391166173112726	0.000299608782868708	0.493976407275909	0.27409801582287	0.0196420847064335	0.0196420847064335	0.139037120143721	0.335545873924118	0.0187241751692188	0.565707606084482	0.249913079924147	0.112842043440928	0.986084780850884	0.984439602202513	0.0198363124008155	0.271196073675023	0.349943851212869	0.306895937847736	0.0110791150913336	0.29412151832935	0.0191870996362183	0.0196420847064335	0.990858115640159	0.184764918570213	0.0226428104268963	0.0800843672012334	0.10701658875597	0.264693277296481	0.0509612621829583	0.0275698963522473	0.985802618587972	0.0645489588880171	0.00534246679851657	0.268870332058547	0.144059588406423	0.0212910147924907	0.409107916040684	0.260655895606927	0.273138782368538	0.405078953710628	0.0312273022528636	0.0196420847064335	0.0730688852868981	0.294091152038725	0.207941621510517	0.257986388436676	0.0159369503015543	0.00807734757212113	0.172538450124823	0.134733200994878	0.477514016199844	0.236703876088461	0.620465328810116	0.114384374514057	0.296023171744252	0.226745494341909	0.0620467867248534	0.0169206062970073	0.0161500857541214	0.0128705489583095	0.0193765507802163	0.305442926176219	0.897166673493266	0.686058134333586	0.0196420847064335	0.398642313379199	0.464397258521976	0.0196420847064335	0.377999040017573	0.998830819905112	0.0585220640350689	0.636533084039806	0.197710589558682	0.00344057554193083	0.250566782359392	0.000217059927701456	0.597997958208495	0.436344399281278	0.0110399140945502	0.274727232527461	0.919431872366693	0.062422406512324	0.642370963715877	0.196841588701409	0.0189197877958819	0.0182883553580299	0.116246118493391	0.133256276564427	0.935258808100609	0.0196420847064335	0.0589106660808485	0.0196420847064335	0.733496153299813	0.0264956100245457	0.0196420847064335	0.545631391162176	0.151958382049903	0.260657320820656	0.0353424900467883	0.0269778585590541	0.00838100395582671	0.440349334951797	0.021901201704522	0.580237350298214	0.0196420847064335	0.921041615745884	0.178063939668405	0.0106874016371074	0.0686195418264906	0.218043381641619	0.104179662746823	0.346133104877252	0	0.0825960664537409	0.80057953260899	0.246816115247912	0.0378648680433634	0.179117848093942	0.8242128170283	0.0196420847064335	0.0491285697315635	0.965451424664944	0.0196420847064335	0.0580745111404598	0.0496211969177192	0.210839281716249	0.110371635957701	0.356254827075559	0.0254490485822003	0.0215914726871278	0.962644319459176	0.987640357902184	0.740756526162827	0.147763206647872	0.0252623845054133	0.0115086785558687	0.111719143444227	0.239351689790562	0.133577683866231	0.502670627147021	0.0546966648349391	0.649429288845712	0.920245982619828	0.829423139465699	0.184387366307443	0.491587959828048	0.0196420847064335	0.0247787593673903	0.0651461054691891	0.183445180743331	0.432710364684869	0.0101717902243081	0.0196420847064335	0.0322452439167795	0.0196420847064335	0.187815974281411	0.0196420847064335	0.998830819905112	0.019136219200527	0.00330997377274623	0.0196420847064335	0.0173791450270488	0.27033966362955	0.998830819905112	0.700323920941587	0.16505641631155	0.973730567234874	0.0196420847064335	0.562484604542314	0.00155551571459755	0.137469378231678	0.305389862053376	0.28120291864763	0.194032354249211	0.142847028512999	0.072632792645798	0.980415153598892	0.0962948306873756	0.200396487007164	0.243922828642378	0.234160281955194	0.0196420847064335	0.304803910237048	0.171563105232443	0.297642605086315	0.998830819905112	0.081863718069623	0.0196420847064335	0.0358030206191723	0.901732785040999	0.00702749547159729	0.457470302117813	0.046923569973863	0.971489077234738	0.96243239174916
"SRR5928439"	0.744351028321613	0.11128327886046	0.0594650696954102	0.0764912117275715	0.201160827015704	0.00354230067756412	0.102082212896504	0.126000241313256	0.0917920745254626	0.278461054722955	0.334446804922422	0.98598606129001	0.986495850515244	0.0395748795707303	0.993401807140564	0.0188036318736566	0.0786631064215385	0.102082212896504	0.368488128649495	0.0270487933273593	0.317144402494141	0.0178314993245036	0.102082212896504	0.0607714941422746	0.125443028783372	0.386720890291666	0.772704387387297	0.102082212896504	0.0139085974571983	0.0291993716312249	0.453194259992406	0.993401807140564	0.0476993907217672	0.102082212896504	0.748785321913142	0.967197254972505	0.102082212896504	0.223246352407383	0.318251705177376	0.0828937437516388	0.427815651375347	0.195673062533875	0.102082212896504	0.102082212896504	0.0570580215073655	0.25972754829048	0.101172914741505	0.505344355744358	0.17063342279787	0.0305137591809628	0.978530593942388	0.976613437587165	0.062856721889408	0.192663484606797	0.274827296908797	0.229784237170957	0.0935945378132878	0.216477146955035	0.101631512478079	0.102082212896504	0.984096055521049	0.103658346362749	0.0600590165488233	0.00252744066705003	0.0246254736290166	0.185924529666117	0.031760680875053	0.0551444066217793	0.978201747419079	0.0181381612533346	0.0879020111572307	0.190252480601095	0.0621599363960646	0.0614067297489563	0.33724171337246	0.181744025210598	0.194678096639657	0.332972590525908	0.0514938202252369	0.102082212896504	0.00958162979064996	0.216445546681902	0.127405929264753	0.178981356897937	0.0984110436461086	0.0906164905975178	0.0911656818113577	0.0526892265870359	0.410149472356776	0.156997919182283	0.565139453653511	0.0320736264784352	0.21845638142966	0.146737005328677	0.020648919256496	0.0657619979783433	0.0665295418488048	0.0697953791360476	0.101819183406387	0.228269272373591	0.875668751865402	0.637474589805565	0.102082212896504	0.326158000304588	0.39610716449312	0.102082212896504	0.304350006813787	0.993401807140564	0.0241840711817626	0.582787022547926	0.116912171270855	0.0860136268675462	0.171308964106543	0.0828117284478472	0.540540606160171	0.366174362273363	0.0935556555400412	0.196325800598336	0.901281682909915	0.0202720732227441	0.589210391914797	0.116021636449614	0.1013667030945	0.100741138192264	0.0339570414137931	0.0511907205759532	0.919546478774121	0.102082212896504	0.0237944148058473	0.102082212896504	0.690276482155371	0.0562162944629062	0.102082212896504	0.483554495775112	0.0701918345095736	0.181745500474514	0.0473838157551124	0.0557351448133705	0.0909178106270508	0.370439410483703	0.0607984207528657	0.521158762810694	0.102082212896504	0.903137166352015	0.096808489405118	0.0719684824896814	0.0140515116134494	0.137783762475647	0.0217598973140743	0.270827429478807	0.0825960664537409	0	0.765654241337528	0.167433946615912	0.0448633105737719	0.0978853330746525	0.792409794170098	0.102082212896504	0.0335958582565188	0.954524561089751	0.102082212896504	0.024632809033242	0.0331026147310877	0.130381084588338	0.0280160497560415	0.281456839111959	0.0572603467427275	0.0611072037730785	0.951265049052408	0.980343824718841	0.698394272820834	0.0659247222062832	0.0574465453918529	0.0711510706668188	0.0293783293297353	0.159728898013101	0.0515167948338141	0.437164619359173	0.0280185867586246	0.596984810445669	0.902220010993807	0.798322613054436	0.103272213328103	0.42524963532207	0.102082212896504	0.057928939463909	0.0175388204875237	0.102308714691333	0.362306683633731	0.0724816139321721	0.102082212896504	0.050477406222361	0.102082212896504	0.106779588932209	0.102082212896504	0.993401807140564	0.101581109209956	0.0858839321218608	0.102082212896504	0.0998402688453259	0.191775574681737	0.993401807140564	0.65331010171604	0.0835326183501653	0.964146978503842	0.102082212896504	0.501841453877291	0.0841414033071357	0.0554663057080946	0.228213952354739	0.203047355525543	0.113143624906505	0.0609278268720009	0.0100198729693864	0.971925913574356	0.0138021269778526	0.11966539864562	0.164446309801819	0.154375512199652	0.102082212896504	0.227603121274028	0.0901701386330736	0.22014235469141	0.993401807140564	0.000737040816719515	0.102082212896504	0.0469237011152017	0.880913635610582	0.0756098942105246	0.388703411440855	0.0358031518743441	0.96154048785856	0.951019028486854
"SRR5928210"	0.0459734418378534	0.71144800265112	0.791200782251454	0.798133038434437	0.660242659801369	0.767237230650536	0.808254328422367	0.703563115447189	0.721614995298445	0.609561988243655	0.568208169544399	0.761917144927194	0.764651810413728	0.782892868672905	0.802395250842679	0.773966024896452	0.799005751247728	0.808254328422367	0.540841274447775	0.753294751488108	0.58145063129551	0.757561285320658	0.808254328422367	0.791738472779555	0.703865002945018	0.525417453489007	0.0159166960432627	0.808254328422367	0.759359756240117	0.778466523934636	0.464084704973863	0.802395250842679	0.743522775044929	0.808254328422367	0.0366568948687984	0.665760325166825	0.808254328422367	0.646449578030287	0.580615993606165	0.800698305927194	0.488503800093326	0.663590618592697	0.808254328422367	0.808254328422367	0.738994300524573	0.622482372299356	0.807900663345388	0.409494404101217	0.678483374183303	0.751675881821336	0.722703402596176	0.712849912916291	0.792594691118551	0.665413630927472	0.612102191115874	0.642265485582392	0.804936211400267	0.65073246515359	0.808079085685862	0.808254328422367	0.751838946300708	0.715462088836581	0.791445355771589	0.766784533148663	0.754422059705821	0.669462535708254	0.779565234055087	0.789415570945491	0.72100668553594	0.773675663244604	0.802689417590479	0.666867450654221	0.736498631205926	0.79199956887818	0.566028127428078	0.67195151617934	0.664194324363979	0.569353406991735	0.787898864188535	0.808254328422367	0.769917581435122	0.650752342547609	0.702800352871846	0.673586895263631	0.806823798452419	0.803762959614122	0.721936661845317	0.741116187322739	0.504753117086197	0.686338344935116	0.33837677817726	0.750944392354101	0.649485332992575	0.692135446321392	0.774769734436335	0.793783533027382	0.794096819189813	0.795426136184127	0.808152069369854	0.643239229821554	0.298375988289726	0.237180660752477	0.808254328422367	0.574605934656731	0.517255937609347	0.808254328422367	0.5909706841765	0.802395250842679	0.776303589488987	0.315366644461157	0.708453795957502	0.801940252152903	0.678089636061639	0.800665586601114	0.368849903069073	0.542759190694725	0.80492092348207	0.663194015044427	0.387234721289955	0.774605771499853	0.306738744131767	0.708929268763228	0.807976072184222	0.807732575545489	0.750058929901781	0.741840802524723	0.456547068077379	0.808254328422367	0.776134899728167	0.808254328422367	0.150045981582964	0.789859450378786	0.808254328422367	0.433070269300823	0.732530538235701	0.671950640884849	0.786182045330274	0.789660283093154	0.803881884692578	0.539217041808674	0.791749544870899	0.391640735716447	0.808254328422367	0.394037284306609	0.719027689394665	0.796307372677406	0.771886507208426	0.6971159590533	0.755749938294247	0.614879204239644	0.80057953260899	0.765654241337528	0	0.680342258872613	0.785124312320989	0.718469662980165	0.062405916931383	0.808254328422367	0.780350023432087	0.605621254279791	0.808254328422367	0.776497741390481	0.780139293653663	0.701180329150763	0.752843669295516	0.607455207967893	0.790291169452217	0.791876485514597	0.590718467615104	0.732108218187743	0.135464912423531	0.734644677069239	0.790368097638605	0.79597620413861	0.752207277156885	0.684779093869439	0.741683264984539	0.47966008976639	0.777958670028356	0.296108464583288	0.390668307657337	0.0769624531162106	0.715664097126713	0.49090106939898	0.808254328422367	0.790567307092161	0.773413920246559	0.716167628912933	0.545945830635886	0.796515074691233	0.808254328422367	0.787475204402289	0.808254328422367	0.713824715000263	0.808254328422367	0.802395250842679	0.808059481133808	0.801888728774218	0.808254328422367	0.807381558664246	0.665949717044406	0.802395250842679	0.212365041642395	0.725831573726332	0.65095573403029	0.808254328422367	0.413362711247003	0.801195599526415	0.739768995670744	0.643274738607155	0.659084564266911	0.710461346182068	0.737103092603305	0.770111178998167	0.689140988553366	0.759408424863989	0.706979571503379	0.682069281833166	0.687829104820651	0.808254328422367	0.643666593296632	0.722447255999513	0.648419650564109	0.802395250842679	0.7659842771389	0.808254328422367	0.785989235096155	0.315839862297164	0.797778167385851	0.523706402749729	0.781291261748967	0.638473222812658	0.589602681049899
"SRR5928408"	0.653618084174776	0.0571533675494778	0.22479164393287	0.241018717421694	0.0348315053395643	0.170880818831046	0.265247412473984	0.042273432220079	0.0767525734899513	0.116124984740414	0.176308954505008	0.969208349762429	0.96990426417614	0.205725294829432	0.979344669231147	0.185687122357733	0.243082492830747	0.265247412473984	0.213454353959884	0.140986360502298	0.157589690657605	0.150024190737167	0.265247412473984	0.226039811854793	0.0428380982364984	0.233524284121188	0.689231450444916	0.265247412473984	0.153862726529839	0.195732296682301	0.307747961232566	0.979344669231147	0.120641769843389	0.265247412473984	0.65916398497924	0.943651782694492	0.265247412473984	0.0578483920931214	0.158784448058613	0.247098519062791	0.279213525385463	0.0291379706980803	0.265247412473984	0.265247412473984	0.111377802417987	0.096234053127823	0.264389816954056	0.367161622626496	0.00328792356825198	0.137582032941369	0.959045986019284	0.956437321494515	0.228030999613997	0.0260198590197937	0.112257119375627	0.064693886083636	0.257232921106079	0.0507760882974416	0.264822369100265	0.265247412473984	0.966629454017197	0.0648351317259098	0.22535916844679	0.169893692155314	0.143365052321818	0.0190489330691038	0.198202203009053	0.220660018873319	0.958598393818853	0.185042974625629	0.251845897873434	0.0235241081714568	0.106315866544608	0.226646536820986	0.179342851228912	0.0147321895544359	0.0281067857948721	0.17470981903853	0.217164801656352	0.265247412473984	0.176748586696064	0.0507431097367403	0.0408484914009573	0.0118827014945533	0.261783501115539	0.254415887159672	0.0773804102822109	0.115705837075545	0.259494669130737	0.010700885248113	0.436604958665654	0.136048243715392	0.0528423278562644	0.0211870695328909	0.187472578664437	0.230803092741225	0.231535031398061	0.234647412609029	0.264999363699688	0.0631063387925657	0.821666560613444	0.522557153974665	0.265247412473984	0.16732796140387	0.243904321794925	0.265247412473984	0.143816574225442	0.979344669231147	0.190890217426294	0.45737559124009	0.0514704490681391	0.250056751167169	0.00398257563707863	0.247020714482114	0.407863680525887	0.210916203350072	0.257196157864998	0.0298146512471304	0.855388884573535	0.18710803552312	0.464967321755937	0.0523702153744102	0.264572606806055	0.263982506440991	0.134195305253383	0.117188977884589	0.879631107798306	0.265247412473984	0.190513699854552	0.265247412473984	0.586687904252146	0.221685529750816	0.265247412473984	0.342208203376424	0.0983302221050007	0.0147337118627091	0.213224940462579	0.221225240317959	0.254701034380972	0.215596395566386	0.226065532388394	0.385389019776108	0.265247412473984	0.857844174044612	0.0717200516177962	0.236716649704121	0.181084311679698	0.0303085423843167	0.146175502754128	0.108004909821428	0.246816115247912	0.167433946615912	0.680342258872613	0	0.210806269598667	0.0706386963392369	0.714196815837766	0.265247412473984	0.19997067009174	0.926515004259099	0.265247412473984	0.19132376721819	0.199495456433312	0.0378304605116135	0.1400364073191	0.119317262312945	0.222684079190439	0.226360469164593	0.922120320409021	0.961514955807892	0.596653806890357	0.102575305686581	0.222862128530393	0.235938471634225	0.138698003916594	0.00790408583844301	0.116866307228768	0.28969650657181	0.194592980526161	0.474178550325859	0.85663032853079	0.72172255267915	0.0652236433282641	0.276342049241783	0.265247412473984	0.223323361601847	0.184462722467051	0.0661928674374059	0.206677830416679	0.23720505079011	0.265247412473984	0.216190935938128	0.265247412473984	0.0616928961597016	0.265247412473984	0.979344669231147	0.264774831445454	0.249933833513444	0.265247412473984	0.263132507865245	0.0251005114633613	0.979344669231147	0.541665281556626	0.0850209759034543	0.93951963668129	0.265247412473984	0.363137593650786	0.248281878037534	0.112955364185517	0.0630483832589081	0.036791122155841	0.0552763020547278	0.107539074190244	0.177173946418254	0.950066875431477	0.153966840927176	0.0486870524150367	0.0030671536053066	0.013384172951642	0.265247412473984	0.0624085211292984	0.0783779897457692	0.0546034683364187	0.979344669231147	0.168151448927149	0.265247412473984	0.212783557897576	0.828546293924788	0.240180874500024	0.235713976862813	0.202096378689543	0.935992389617461	0.921788835301008
"SRR5928374"	0.765155509414715	0.155416001264226	0.0146385302025988	0.0317304272573381	0.243951166225711	0.0413271938798417	0.0574667092234119	0.169958939809188	0.136127550073716	0.31956537527311	0.374025957597077	0.98963097948896	0.990099915940192	0.00529728664537363	0.996450542860555	0.0260803945563899	0.0339124838512409	0.0574667092234119	0.407015924650471	0.0718300307818072	0.357222048024463	0.0626476210435582	0.0574667092234119	0.0159491269606546	0.169408643773266	0.424647182072335	0.79172517997091	0.0574667092234119	0.0587373980250588	0.0156832834416463	0.488701889455523	0.996450542860555	0.092376569035153	0.0574667092234119	0.76931491473006	0.972334307746655	0.0574667092234119	0.265604895370848	0.358298174577289	0.0381640691631949	0.464288391544298	0.238564477987972	0.0574667092234119	0.0574667092234119	0.101676265953453	0.301285314644113	0.0565512914403708	0.538707932663012	0.213954561969938	0.0752800360697549	0.982770752006552	0.981005989451262	0.0180413147779013	0.235609280070802	0.316021808540385	0.272007281308431	0.0489246578904003	0.258972290419511	0.0570129667379484	0.0574667092234119	0.987892263144508	0.147874151329933	0.0152343559580327	0.0423403903686778	0.0694165746320264	0.228989387463673	0.0131202323595999	0.0103051009928228	0.982468064832737	0.0267456417416105	0.0431991065683934	0.233241302684851	0.10674296393531	0.0165864437156468	0.376738070990097	0.224880863407395	0.237587572579957	0.372595160234381	0.00664496387371982	0.0574667092234119	0.0352959668099347	0.258941319015868	0.171347064930356	0.222164972680249	0.0537712657853459	0.0459289890289249	0.135507148519619	0.0973358955657999	0.447263656286825	0.200531317174851	0.595779855153381	0.0768328391588769	0.26091197335336	0.190419997445794	0.0242355309216802	0.0209569043106888	0.0217272927288157	0.0250057934810091	0.0572019022697257	0.270524026202297	0.88769599751852	0.664445474866299	0.0574667092234119	0.365978981956889	0.433713384974421	0.0574667092234119	0.344780669679827	0.996450542860555	0.0207003866888968	0.612569943987616	0.160980458506037	0.0413003774446806	0.21461918823807	0.0380816332661752	0.572335410992507	0.404776577754676	0.0488855406683521	0.239205323398701	0.911444337279607	0.0246123138077768	0.61867514432139	0.160100293181225	0.0567463780779684	0.0561166337405201	0.0787074523127819	0.0958467710412305	0.928349261973332	0.0574667092234119	0.0210900940436319	0.0574667092234119	0.714311311822678	0.0113800080224871	0.0574667092234119	0.517840181421531	0.114715008123988	0.224882313524047	0.00252556033977713	0.010897491048917	0.0462320576194629	0.408904110874974	0.0159761410917892	0.55382956200288	0.0574667092234119	0.913162820831302	0.141094805760882	0.0271878259047649	0.0308300987017586	0.181590164638673	0.0665620249454947	0.312119975591681	0.0378648680433634	0.0448633105737719	0.785124312320989	0.210806269598667	0	0.142160823396086	0.810154661090431	0.0574667092234119	0.0112834654105458	0.96065312676247	0.0574667092234119	0.0202515742179769	0.0117771641901242	0.174284507598633	0.0727932124135507	0.32248599477039	0.0124270948956714	0.0162859321651963	0.957646695346772	0.984439597417909	0.721958548546392	0.110480366142656	0.012613844469261	0.0263670082711651	0.0741496197369938	0.20322101396543	0.096170819904948	0.473287811485113	0.0168646843159695	0.626060149529401	0.912313416205777	0.815678835638251	0.147492096982285	0.461817094833201	0.0574667092234119	0.0130976795466595	0.0273447492409066	0.146538721574799	0.401032335588469	0.0277031243995564	0.0574667092234119	0.00562609204630643	0.0574667092234119	0.150961969004953	0.0574667092234119	0.996450542860555	0.0569622243445003	0.0411699833702734	0.0574667092234119	0.0552098043573059	0.23473727138497	0.996450542860555	0.679423176957244	0.12794446340781	0.969523783352036	0.0574667092234119	0.535355805094817	0.0394181976918715	0.100095091352983	0.270469860527013	0.245802375823651	0.157255342889447	0.105519558782359	0.0348581917498818	0.976689918008058	0.0586312536059009	0.16370121022679	0.207865664633084	0.197947970757831	0.0574667092234119	0.269871758776072	0.134521059956681	0.262564001926768	0.996450542860555	0.0441276436385295	0.0574667092234119	0.00206448268154496	0.892563093916981	0.0308451007813132	0.426562688605628	0.00907388208874432	0.967121611686777	0.957419744427059
"SRR5928261"	0.694082727713953	0.0135367871299099	0.156492714731797	0.173155808382619	0.105226423178184	0.101394530303076	0.198103674744165	0.028445243034116	0.00614524832187348	0.185332235036716	0.244085355507847	0.976874089137268	0.977485354726153	0.136960651432359	0.985772210286556	0.116487085171958	0.175277657800798	0.198103674744165	0.280116178781692	0.0710135761497796	0.225861010028491	0.080185616215832	0.198103674744165	0.157773124405425	0.0278800349217867	0.299510944161512	0.726563052608354	0.198103674744165	0.0840845241862496	0.126743611647919	0.370796870471792	0.985772210286556	0.0504075484496786	0.198103674744165	0.699150425185331	0.954389260434873	0.198103674744165	0.127994616656816	0.227025520858938	0.179408391375413	0.343473581028776	0.0995836721570361	0.198103674744165	0.198103674744165	0.0410431509547593	0.165811441021118	0.197219226304973	0.427363854062576	0.0739104567595245	0.0675615805484698	0.967941783121053	0.965647041526656	0.159816193927142	0.0964915645239578	0.181540359683504	0.13475275434822	0.189842237648344	0.121006122000093	0.197665309630244	0.198103674744165	0.974608418514019	0.00582869970233912	0.157074872362712	0.100389388488616	0.0734265115432066	0.0895741409603383	0.129267612468035	0.152255903739212	0.96754810672251	0.11582985789285	0.184294261336363	0.094015704764658	0.035931249192082	0.158395599804509	0.247034815942277	0.0852873159528875	0.098561228678393	0.242530251974958	0.148673547546332	0.198103674744165	0.107372141915749	0.12097351889757	0.0298713625773277	0.0824562294413505	0.194531932090952	0.186940532119851	0.00677659106623319	0.0454166581293157	0.324532121638559	0.0599805012869656	0.492929304392166	0.0660068303949916	0.123048553382439	0.0495214118346246	0.118309093622186	0.162661431012003	0.163412860297013	0.166608950356806	0.197847848541581	0.133186011782159	0.846067276189087	0.573271130696544	0.198103674744165	0.235347411705559	0.309521800015334	0.198103674744165	0.212423336947604	0.985772210286556	0.121797921290411	0.512425857837267	0.0192340930621601	0.182452552985981	0.0746015109268479	0.179328343197048	0.465864531702843	0.27765977591112	0.189804362290127	0.100254540375231	0.87617878363707	0.117937051895721	0.519538868946785	0.0183323367922081	0.197407731036512	0.196799198110212	0.0641289963799942	0.0469159653887407	0.897746430240805	0.198103674744165	0.121413482171272	0.198103674744165	0.632639954006296	0.153307302314231	0.198103674744165	0.403659265612276	0.0278738237721735	0.0852888281438081	0.144637487635691	0.15283537546335	0.187234199695936	0.282188594176469	0.157799511602534	0.44463054726029	0.198103674744165	0.878366182428091	0.00108653831171428	0.16873458451849	0.111792065104896	0.0404116186893745	0.076278414753263	0.177369455800375	0.179117848093942	0.0978853330746525	0.718469662980165	0.0706386963392369	0.142160823396086	0	0.749244540426575	0.198103674744165	0.131075327837524	0.939271887061487	0.198103674744165	0.122240616687806	0.130589525229835	0.0328909951623877	0.0700501628172786	0.188460337516481	0.154331198738667	0.15810209954601	0.935389843445214	0.970112951246106	0.641822121895383	0.0321559924056725	0.154513782150826	0.167935127463461	0.0686930037253728	0.0627676083457895	0.0465897522018698	0.353523435410426	0.125579625986952	0.528159905414945	0.877284861133732	0.756067710186411	0.00543864661270758	0.340718345052656	0.198103674744165	0.154986781055162	0.115237872411875	0.00446548867653012	0.273556087080835	0.169236383694248	0.198103674744165	0.147675703484795	0.198103674744165	0.00898265874331882	0.198103674744165	0.985772210286556	0.197616283615483	0.182326040614367	0.198103674744165	0.195922734165237	0.0955796396162439	0.985772210286556	0.591011543739795	0.0144640723538382	0.950747015745351	0.198103674744165	0.423546409386653	0.180625977906648	0.0426369935457188	0.133128809519074	0.107167574962223	0.0154190829030957	0.0371662133395425	0.107805647846348	0.960040057973023	0.0841903041048502	0.022022960013806	0.067585330259023	0.0573055370467493	0.198103674744165	0.132497234735189	0.00777985020875272	0.124788959623529	0.985772210286556	0.0986156748788882	0.198103674744165	0.144185461583261	0.852220757038156	0.172294557762968	0.30162388981324	0.133248783587482	0.947636462996231	0.935096939373831
"SRR5928174"	0.10808737183508	0.742801367331053	0.81568476325306	0.821989096900436	0.6956598759203	0.793853968918208	0.8311847969096	0.7355599994144	0.752129086958298	0.64873173942907	0.610239480552453	0.73229629103868	0.735282815599927	0.808122910641199	0.776605268563084	0.799989837969508	0.822782411875404	0.8311847969096	0.584666599085663	0.781125279276277	0.622585291700863	0.785022501957034	0.8311847969096	0.816173925434677	0.735837367214835	0.570218719890902	0.0465327413006248	0.8311847969096	0.786664736789672	0.804091174381053	0.512514557185923	0.776605268563084	0.772192110130395	0.8311847969096	0.0988498933377573	0.627918613038261	0.8311847969096	0.682914741504618	0.621807716151791	0.824320759486579	0.535537404743389	0.698750470229942	0.8311847969096	0.8311847969096	0.768049017136064	0.660721071376781	0.830863650497723	0.460812314078812	0.712484218649958	0.779646049206326	0.689581255837278	0.678880272721189	0.816952806279061	0.700432851761414	0.651090281271861	0.679044605440098	0.828171271739717	0.686874360770539	0.831025668919826	0.8311847969096	0.721298573174935	0.74648537328044	0.815907266866963	0.793440995345739	0.782155189580788	0.704168175517163	0.805092121642144	0.814060461314126	0.68773768280115	0.799725158103949	0.826130088764379	0.70177427234557	0.765764830568512	0.816411446094688	0.60820526711334	0.706463539919042	0.699307643352667	0.611307908049938	0.812680206464299	0.8311847969096	0.79629868989427	0.686892733364413	0.734859147309883	0.707971352411919	0.829885722302322	0.827105451945364	0.752424025837838	0.769990590524424	0.550822054205079	0.719718580713375	0.392969285354784	0.778977567758975	0.685721558957916	0.725053546777479	0.80072241629543	0.818034142470014	0.818319074465389	0.819527969282244	0.831091941644003	0.679945447796587	0.240181059999596	0.295468711633854	0.8311847969096	0.616206371853419	0.562563341054334	0.8311847969096	0.631449266541037	0.776605268563084	0.802120335944768	0.37089944990366	0.74005228927678	0.825449367277161	0.712121420118811	0.824291023957695	0.42210723531875	0.58646138513186	0.828157384603635	0.69838441552346	0.332392017134614	0.800572970047992	0.362609012790204	0.740488898270912	0.830932126741506	0.830711013504999	0.778168302399376	0.770653523205784	0.405006122584274	0.8311847969096	0.801966607833635	0.8311847969096	0.21059514537499	0.814464362257173	0.8311847969096	0.483180598313662	0.76213167088701	0.706462732826635	0.811117559036842	0.814283135682961	0.827213493716595	0.583146335520369	0.816183997922838	0.443832820550791	0.8311847969096	0.339491829625273	0.749756374405011	0.820329275548708	0.798094057956602	0.72963423282635	0.783368173670185	0.653667920520926	0.8242128170283	0.792409794170098	0.062405916931383	0.714196815837766	0.810154661090431	0.749244540426575	0	0.8311847969096	0.805807005064198	0.563259651115807	0.8311847969096	0.802297264267897	0.805615052457946	0.733370414445828	0.780713133375819	0.646775108513365	0.814857178762031	0.816299477300951	0.547310003600256	0.699807052224184	0.196308233107547	0.764067564566389	0.814927172885682	0.820028154075116	0.780131637440087	0.718283034283187	0.770509400574922	0.527206786492099	0.803628467378582	0.352383154402524	0.335974913769376	0.0146226644085643	0.746670726255505	0.537794140148168	0.8311847969096	0.815108423420468	0.79948655823758	0.747132724134557	0.589442576178898	0.820518126956104	0.8311847969096	0.812294619603097	0.8311847969096	0.744982842898048	0.8311847969096	0.776605268563084	0.831007866943441	0.825402548984319	0.8311847969096	0.830392253181935	0.700927517129937	0.776605268563084	0.271384471183739	0.755994456073793	0.611957261005363	0.8311847969096	0.464486631733084	0.824772689588222	0.76875793411937	0.679978296247863	0.694590533062718	0.741895588678475	0.766318128899447	0.796475239754816	0.653185077837987	0.786709172873769	0.738698414885974	0.715787605997061	0.721090833354899	0.8311847969096	0.680340784235016	0.752892172135653	0.684736353457742	0.776605268563084	0.792710909879546	0.8311847969096	0.810942044461991	0.258226298966099	0.821666489153007	0.568614370254386	0.806664318427752	0.598521844498383	0.546117001862986
"SRR5928224"	0.789918004018251	0.211107412683941	0.0428621292896069	0.0257805448813232	0.29749098567285	0.0985734744819501	0	0.225353219453453	0.192178715481573	0.370623462897448	0.422933222968152	0.99387729845637	0.994298453627036	0.0627460108210006	1	0.0834293689073278	0.0235975263877474	0	0.454473602144294	0.128796151422031	0.406825216843403	0.11970853991261	0	0.0415534427287181	0.224814571131965	0.471285003128532	0.814307209533871	0	0.115835952775654	0.0730879693622319	0.53209815559818	1	0.149098021863205	0	0.793740508590241	0.978328847759373	0	0.318494300745317	0.407857638748481	0.0193425831031976	0.508968625610609	0.292258550331894	0	0	0.158272219562691	0.352997340942746	0.000918227514612389	0.579288883634392	0.268315006107857	0.132208214846732	0.987713759216728	0.9861275139052	0.0394639192461285	0.289386697902839	0.367209340042813	0.324695087160471	0.00856472455289591	0.312066076339471	0.000455146581871004	0	0.992315567839666	0.203710894636597	0.0422671949807137	0.09957896325717	0.126408483099887	0.28295021396529	0.0705368655766861	0.0471879203051778	0.987441711262309	0.0840906559565809	0.0143010309413297	0.287084850056646	0.163266679397202	0.0409169877283617	0.42553032856801	0.27895322831771	0.291309296933554	0.421562797826278	0.0508400251051903	0	0.0925858518296457	0.312036048631359	0.226711821938746	0.276310104656458	0.00370622680179141	0.0115664650107119	0.191569234109308	0.15399156536643	0.492803953859615	0.255228639622088	0.632845377741935	0.133743526792714	0.313946459594652	0.245358655038622	0.0815952387702846	0.0365512527045784	0.0357814829533202	0.0325048963705549	0.000265629117110613	0.323258913919097	0.901844742209181	0.696858257494267	0	0.415223082267023	0.47991742455449	0	0.394880548827371	1	0.0780796401834517	0.648540306477995	0.216560805809361	0.0162025401616356	0.268962464241624	0.0194251027592709	0.61088385682674	0.452336138707827	0.00860392734456794	0.292881202340411	0.923372507542861	0.0819698592337277	0.65424044439537	0.215698424956381	0.000722549739770702	0.0013541873812969	0.135596681575583	0.152522467827146	0.938664650533188	0	0.0784672587498591	0	0.743058159802185	0.0461150972356706	0	0.559626178932729	0.171119552612329	0.278954639376268	0.054948657965531	0.0465966941822048	0.0112628265192701	0.456275487845523	0.0415264660166822	0.59351034730028	0	0.924928259748207	0.197057074337501	0.0303234926490061	0.0881497569069348	0.236730823395616	0.123583632233277	0.363448548832759	0.0196420847064335	0.102082212896504	0.808254328422367	0.265247412473984	0.0574667092234119	0.198103674744165	0.8311847969096	0	0.0687082254771207	0.967812664100625	0	0.0776332130656639	0.0691997755633537	0.229586124485665	0.129748868021474	0.373436426963098	0.0450699203129468	0.0412170984129501	0.965104027563601	0.98921352543248	0.750121982948833	0.166949051189265	0.0448834989284543	0.0311441343087357	0.131090370167521	0.25785234043387	0.152842178661631	0.517501676779081	0.0742636252748115	0.661130607739506	0.924159323729438	0.836237516682085	0.203336043118539	0.506623977745115	0	0.0444004965934228	0.0846861563586812	0.202400574535605	0.448761115614145	0.0298082673261764	0	0.0518564035089643	0	0.206739933810011	0	1	0.000506044602855559	0.0163331107879758	0	0.00226366726524606	0.288539109202013	1	0.710760126486081	0.184136398785737	0.975799778871248	0	0.57613324008585	0.01808708933079	0.156713030827943	0.323206463284583	0.299288489139826	0.212910402138759	0.16206096623668	0.0921510899434204	0.982246828852107	0.115730807222786	0.219226067632672	0.262381249193152	0.252707968331322	0	0.322627279005327	0.190600418876943	0.315547675724785	1	0.101352352190172	0	0.0554084160905273	0.906261043504963	0.0266661143774895	0.473109550115581	0.0665079371450311	0.97363758950137	0.964899522713396
"SRR5928469"	0.760050648830023	0.144370917944196	0.0259179647640109	0.0429993970590352	0.233272295377622	0.0300569255735973	0.0687082254771207	0.158962510751069	0.125024902274495	0.309332136269485	0.364189688890413	0.988743243962278	0.989222144009564	0.0059865156843826	0.99570817902303	0.0148010302828698	0.0451796712693591	0.0687082254771207	0.397451132483089	0.0605928061664616	0.347256495820515	0.0513983655537745	0.0687082254771207	0.0272279786590834	0.158410291437765	0.415237082311931	0.787062074758282	0.0687082254771207	0.0474835642887692	0.00440055126452089	0.479910160686199	0.99570817902303	0.0811727691391249	0.0687082254771207	0.764278194591075	0.971082434874258	0.0687082254771207	0.255041118280766	0.348340719828563	0.0494274934791782	0.45525054721814	0.227858535538418	0.0687082254771207	0.0687082254771207	0.090490551495647	0.290933105658734	0.0677940251896802	0.530460486956745	0.203132839075311	0.0640477956844848	0.9817378070061	0.97993585684359	0.0293191604268872	0.22488874972033	0.305764947068205	0.261479458233503	0.0601768441193731	0.248372192704441	0.0682550886854609	0.0687082254771207	0.986967626817956	0.136805614594797	0.0265135300591709	0.031070901730455	0.0581760139656314	0.218236857388681	0.00183702301645863	0.0215862030607541	0.981428736665648	0.0154665711930726	0.05445757823797	0.22250921807718	0.0955678785827063	0.0278649987984141	0.366923237292056	0.214108944931933	0.226876787094152	0.362747647042486	0.0179271636670226	0.0687082254771207	0.0240215092992389	0.248341053909873	0.160355516090864	0.211380436045371	0.0650175879982169	0.0571845506122551	0.12440278099978	0.0861415108692564	0.438061790300009	0.189651904069894	0.588219651068325	0.0656029248314876	0.250322399972406	0.179499672287178	0.0129554013232711	0.0322331929577507	0.0330031398221746	0.0362796205668771	0.0684437725406428	0.259987795402076	0.884756763298273	0.657805612618031	0.0687082254771207	0.356080045227167	0.424385436007487	0.0687082254771207	0.334723307505317	0.99570817902303	0.00941899276003134	0.605225342382785	0.149953457927561	0.0525607799509036	0.203800421896238	0.0493451341933503	0.564484367860253	0.39519261705339	0.0601377721991469	0.2285025690557	0.908962730789524	0.0133323346335653	0.61141045402183	0.149070388320901	0.0679888538543012	0.0673599393572713	0.0674804145273264	0.0846495042046134	0.926200927647204	0.0687082254771207	0.00980882646129316	0.0687082254771207	0.708403938138697	0.0226607336592213	0.0687082254771207	0.509359037375223	0.103557754827695	0.214110401828056	0.0138086552340293	0.0221783886979381	0.0574872863776481	0.399355565223107	0.027254980392532	0.545757344973654	0.0687082254771207	0.910714807883903	0.130006223075018	0.0384601820844529	0.0195530378221958	0.170635900045958	0.0553176786163342	0.301837415075022	0.0491285697315635	0.0335958582565188	0.780350023432087	0.19997067009174	0.0112834654105458	0.131075327837524	0.805807005064198	0.0687082254771207	0	0.959159046225936	0.0687082254771207	0.00897003878065657	0.000493760560630854	0.163303421617835	0.0615573538044302	0.312272428095005	0.0237074302490346	0.0275646281846552	0.956090760660474	0.983441881648294	0.716168284548464	0.0993134719799438	0.0238941077681955	0.0376399296225582	0.0629157183167176	0.192352851890374	0.084974176228786	0.46433919529613	0.00558221909717796	0.618893201449241	0.909848790712843	0.81142717684512	0.136422404460281	0.452755053562482	0.0687082254771207	0.0243777527200749	0.0160659512684495	0.135466158499862	0.391416565725308	0.0389751184643026	0.0687082254771207	0.0169085467823898	0.0687082254771207	0.139902887863458	0.0687082254771207	0.99570817902303	0.0682044137558061	0.0524305156685985	0.0687082254771207	0.0664542901652544	0.224012472212589	0.99570817902303	0.672997650819146	0.116819792734184	0.968213361465707	0.0687082254771207	0.527070184455952	0.0506804387081574	0.0889061718786306	0.259933323584861	0.235132951947112	0.146216163699482	0.0943418568102987	0.0235834602864417	0.975529123542875	0.0473773001288581	0.152683291927067	0.197017295418924	0.187057897123898	0.0687082254771207	0.259331845570212	0.123413975952105	0.251983455684024	0.99570817902303	0.0328595835566389	0.0687082254771207	0.0133476553302946	0.889716643399515	0.0421147649314622	0.417169798147864	0.00220979635317114	0.965761284831109	0.955859148503828
"SRR5928188"	0.634948974516276	0.936952185309364	0.962546607799038	0.964695747073273	0.919627747839475	0.955026371848023	0.967812664100625	0.934331502368522	0.940306722663594	0.901741562608431	0.886568500322813	0.276372959208326	0.281986144664366	0.959955512026141	0.362755107730259	0.957152398732136	0.964965478396068	0.967812664100625	0.876226622266002	0.950584788227446	0.891485763191635	0.951949192892971	0.967812664100625	0.962713721484023	0.934432149670141	0.870288565234814	0.595105928905399	0.967812664100625	0.952522941984199	0.958568068340068	0.845858668779996	0.362755107730259	0.947442217396599	0.967812664100625	0.6291273833183	0.0969425850251	0.967812664100625	0.914834718385055	0.891177488383683	0.965488074740803	0.855745350229415	0.920782897539045	0.967812664100625	0.967812664100625	0.945977549897196	0.906373877840367	0.967704165946995	0.822949130242999	0.925882822621988	0.950065870011247	0.199157755584416	0.18067009316186	0.962979687618565	0.921410548842803	0.902656291643407	0.913369857047629	0.966793545416917	0.916328887712051	0.967758906491207	0.967812664100625	0.255950982373521	0.938279909015565	0.962622629761886	0.95488293019564	0.950945743939543	0.922801182355279	0.958912912892485	0.961991259081932	0.195949135177448	0.957060889908305	0.966101968205478	0.921910411911745	0.94516808601202	0.962794844430415	0.885753613200889	0.923653741376284	0.920990854332793	0.886995970668093	0.961518824560931	0.967812664100625	0.95587461292243	0.916335809921779	0.934077092138213	0.924212961541886	0.967373618383282	0.966432562762017	0.940412404919767	0.94666450454946	0.862205821777634	0.928547627655588	0.791310298188772	0.94983117575188	0.915894350774683	0.930503321170699	0.957405581926162	0.963348679774566	0.963445860046323	0.963857943813804	0.967781295921246	0.913711223974614	0.370239955113673	0.742393478490841	0.967812664100625	0.888951137267999	0.867113808293703	0.967812664100625	0.89498648142603	0.362755107730259	0.957888327853131	0.780607832303278	0.935958984096926	0.965871100056691	0.925748793550043	0.96547797882531	0.805126797287817	0.876959429810442	0.966788843804091	0.920646224109018	0.2802760441478	0.957353943674286	0.776533204953795	0.936116863369803	0.967727302550101	0.967652589096359	0.949546896655589	0.946898829015075	0.201544439501094	0.967812664100625	0.957835265244714	0.967812664100625	0.696106906134783	0.962129415203871	0.967812664100625	0.832983378736869	0.943877699180635	0.923653441866201	0.960983376885696	0.96206743095728	0.966469168364187	0.875605068171933	0.962717161937188	0.815203589463325	0.967812664100625	0.272904298958867	0.939455673630777	0.964130887323631	0.956496564788894	0.932176143696192	0.951370504802391	0.903654051281211	0.965451424664944	0.954524561089751	0.605621254279791	0.926515004259099	0.96065312676247	0.939271887061487	0.563259651115807	0.967812664100625	0.959159046225936	0	0.967812664100625	0.957949391007536	0.959092970061898	0.933536228341283	0.950440264109765	0.900981416254198	0.962263740201647	0.962756604319588	0.0224727440802902	0.217136253204262	0.687944291660821	0.9445657096491	0.962287670838633	0.964028337323935	0.950236279274935	0.928020016251968	0.946847896450156	0.85218972441906	0.958408570590881	0.771465763317418	0.276564360841934	0.55292500927475	0.938346612429758	0.856704348676474	0.967812664100625	0.962349633715053	0.956978382364173	0.938512831818924	0.878174295277859	0.964195190957984	0.967812664100625	0.961386759255627	0.967812664100625	0.93773884289351	0.967812664100625	0.362755107730259	0.967752892124885	0.965855217271162	0.967812664100625	0.967544859594881	0.921594939854465	0.362755107730259	0.729629094366301	0.94168988645446	0.0720968455267179	0.967812664100625	0.824610513891775	0.965641488432473	0.94622849069743	0.913723667099439	0.919227422675846	0.936625170469526	0.945364290365243	0.955935810285979	0.137588611522081	0.952538456860828	0.93546908456391	0.927101476811384	0.929051433199258	0.967812664100625	0.913860957843647	0.940580102199961	0.915522678658084	0.362755107730259	0.954629235120684	0.967812664100625	0.960923197315727	0.353436832860309	0.964586013504414	0.869624866967564	0.959454045608496	0.0516607170498138	0.0241321471281376
"SRR5928418"	0.789918004018251	0.211107412683941	0.0428621292896069	0.0257805448813232	0.29749098567285	0.0985734744819501	0	0.225353219453453	0.192178715481573	0.370623462897448	0.422933222968152	0.99387729845637	0.994298453627036	0.0627460108210006	1	0.0834293689073278	0.0235975263877474	0	0.454473602144294	0.128796151422031	0.406825216843403	0.11970853991261	0	0.0415534427287181	0.224814571131965	0.471285003128532	0.814307209533871	0	0.115835952775654	0.0730879693622319	0.53209815559818	1	0.149098021863205	0	0.793740508590241	0.978328847759373	0	0.318494300745317	0.407857638748481	0.0193425831031976	0.508968625610609	0.292258550331894	0	0	0.158272219562691	0.352997340942746	0.000918227514612389	0.579288883634392	0.268315006107857	0.132208214846732	0.987713759216728	0.9861275139052	0.0394639192461285	0.289386697902839	0.367209340042813	0.324695087160471	0.00856472455289591	0.312066076339471	0.000455146581871004	0	0.992315567839666	0.203710894636597	0.0422671949807137	0.09957896325717	0.126408483099887	0.28295021396529	0.0705368655766861	0.0471879203051778	0.987441711262309	0.0840906559565809	0.0143010309413297	0.287084850056646	0.163266679397202	0.0409169877283617	0.42553032856801	0.27895322831771	0.291309296933554	0.421562797826278	0.0508400251051903	0	0.0925858518296457	0.312036048631359	0.226711821938746	0.276310104656458	0.00370622680179141	0.0115664650107119	0.191569234109308	0.15399156536643	0.492803953859615	0.255228639622088	0.632845377741935	0.133743526792714	0.313946459594652	0.245358655038622	0.0815952387702846	0.0365512527045784	0.0357814829533202	0.0325048963705549	0.000265629117110613	0.323258913919097	0.901844742209181	0.696858257494267	0	0.415223082267023	0.47991742455449	0	0.394880548827371	1	0.0780796401834517	0.648540306477995	0.216560805809361	0.0162025401616356	0.268962464241624	0.0194251027592709	0.61088385682674	0.452336138707827	0.00860392734456794	0.292881202340411	0.923372507542861	0.0819698592337277	0.65424044439537	0.215698424956381	0.000722549739770702	0.0013541873812969	0.135596681575583	0.152522467827146	0.938664650533188	0	0.0784672587498591	0	0.743058159802185	0.0461150972356706	0	0.559626178932729	0.171119552612329	0.278954639376268	0.054948657965531	0.0465966941822048	0.0112628265192701	0.456275487845523	0.0415264660166822	0.59351034730028	0	0.924928259748207	0.197057074337501	0.0303234926490061	0.0881497569069348	0.236730823395616	0.123583632233277	0.363448548832759	0.0196420847064335	0.102082212896504	0.808254328422367	0.265247412473984	0.0574667092234119	0.198103674744165	0.8311847969096	0	0.0687082254771207	0.967812664100625	0	0.0776332130656639	0.0691997755633537	0.229586124485665	0.129748868021474	0.373436426963098	0.0450699203129468	0.0412170984129501	0.965104027563601	0.98921352543248	0.750121982948833	0.166949051189265	0.0448834989284543	0.0311441343087357	0.131090370167521	0.25785234043387	0.152842178661631	0.517501676779081	0.0742636252748115	0.661130607739506	0.924159323729438	0.836237516682085	0.203336043118539	0.506623977745115	0	0.0444004965934228	0.0846861563586812	0.202400574535605	0.448761115614145	0.0298082673261764	0	0.0518564035089643	0	0.206739933810011	0	1	0.000506044602855559	0.0163331107879758	0	0.00226366726524606	0.288539109202013	1	0.710760126486081	0.184136398785737	0.975799778871248	0	0.57613324008585	0.01808708933079	0.156713030827943	0.323206463284583	0.299288489139826	0.212910402138759	0.16206096623668	0.0921510899434204	0.982246828852107	0.115730807222786	0.219226067632672	0.262381249193152	0.252707968331322	0	0.322627279005327	0.190600418876943	0.315547675724785	1	0.101352352190172	0	0.0554084160905273	0.906261043504963	0.0266661143774895	0.473109550115581	0.0665079371450311	0.97363758950137	0.964899522713396
"SRR5928362"	0.755933226466785	0.135566182293952	0.0348803681419293	0.0519505688475952	0.224745052196759	0.0210922412726944	0.0776332130656639	0.150194121699791	0.116177542062992	0.301148882887525	0.356315655131254	0.988024100201824	0.988511065156501	0.0149557982701853	0.995106719384025	0.00583172052087238	0.0541290551304985	0.0776332130656639	0.3897895642173	0.0516491996676492	0.339281543019604	0.042446753312531	0.0776332130656639	0.0361896950065233	0.149640461117097	0.407696870561385	0.783299023843765	0.0776332130656639	0.0385289773689329	0.00456965735642299	0.472856757454443	0.995106719384025	0.0722522653193206	0.0776332130656639	0.760215405195789	0.970068648673907	0.0776332130656639	0.246602278542304	0.34037208239409	0.0583731635906249	0.448003096712107	0.219310557379861	0.0776332130656639	0.0776332130656639	0.0815828649724646	0.282657617382528	0.0767201350253556	0.52383737481884	0.194496489301493	0.0551075671402266	0.980901142368048	0.979069100717393	0.0382797200383083	0.216329608619321	0.29756336099677	0.253068308157464	0.0691117566867142	0.239905414621877	0.0771806342936614	0.0776332130656639	0.986218615478794	0.127983455236886	0.0354756246868202	0.0221066642730807	0.0492301645931817	0.209653256501493	0.00713312643791954	0.0305506719462703	0.980586906742868	0.00649738116749195	0.0633984570530602	0.213941240818333	0.0866677949512273	0.0368263705961203	0.359065953212904	0.205510543123074	0.218325102124486	0.354864828569894	0.0268931304929888	0.0776332130656639	0.0150545248582924	0.239874147149759	0.151590785702447	0.202772409831072	0.0739470197210637	0.0661226535061046	0.115554155347847	0.0772276590245669	0.430685226845269	0.180971745104487	0.582141745328746	0.0566642826487847	0.241863713740868	0.170788557576458	0.00398579867287752	0.0411920175877458	0.0419614820988526	0.0452357983339273	0.0773690862129716	0.251570167336892	0.882380433182953	0.652460522064935	0.0776332130656639	0.34815706953252	0.416909747871569	0.0776332130656639	0.326676805616912	0.995106719384025	0.000448989697679108	0.59931885407253	0.141162201604294	0.0615035156455714	0.195166321748186	0.0582908792029461	0.558175499475704	0.387516024812247	0.0690727273972589	0.219957031483901	0.906955461720131	0.00436278712288415	0.605567541694369	0.140276964601721	0.0769147257052736	0.0762865771304584	0.0585437420593025	0.0757336110123759	0.924462658434681	0.0776332130656639	0.000838857175878226	0.0776332130656639	0.703643916833315	0.031624719719014	0.0776332130656639	0.502550990900182	0.0946705192964248	0.205512005191951	0.0227760376998137	0.0311425939038398	0.066425073366638	0.39170673315651	0.0362166822743583	0.53927306112407	0.0776332130656639	0.908734645209594	0.121169231724347	0.0474148189251304	0.0105847470547829	0.161899188306168	0.046369304128619	0.293615894951323	0.0580745111404598	0.024632809033242	0.776497741390481	0.19132376721819	0.0202515742179769	0.122240616687806	0.802297264267897	0.0776332130656639	0.00897003878065657	0.957949391007536	0.0776332130656639	0	0.00847631356872242	0.154546542277634	0.0526146700280917	0.304104448482541	0.0326709272496672	0.036526163299402	0.95483109991231	0.98263372576894	0.711501937598656	0.0904192768428565	0.0328575156021803	0.0465951555212362	0.0539743606926499	0.183681223119304	0.0760587240416213	0.457162054232413	0.00338797941757734	0.613128080600457	0.907855223249565	0.807994564667903	0.127599388343228	0.445488545001591	0.0776332130656639	0.0333409268044109	0.00709687548188992	0.126641015317812	0.383715049017773	0.0479293797065312	0.0776332130656639	0.025874890389872	0.0776332130656639	0.131087744569927	0.0776332130656639	0.995106719384025	0.0771300215528942	0.0613733766590724	0.0776332130656639	0.0753820191642797	0.215450065952731	0.995106719384025	0.667823604205935	0.107956269817829	0.96715221930291	0.0776332130656639	0.520416845628057	0.059624955270095	0.0799962022186583	0.251515459675611	0.226612950160416	0.137415825030838	0.0854398973375014	0.0146163328660243	0.97458901450353	0.0384226360768563	0.143898819288867	0.188360689565629	0.178369662264543	0.0776332130656639	0.25091138082392	0.114563352492943	0.243531712530305	0.995106719384025	0.0238961767141835	0.0776332130656639	0.0223151784312724	0.88741511034343	0.0510666392871918	0.409643098864518	0.0111796264784701	0.964659782456839	0.954595719659368
"SRR5928266"	0.759825378445801	0.143886815063059	0.0264114070775049	0.0434922881654978	0.232803782717292	0.0295635781304959	0.0691997755633537	0.158480462499252	0.12453838060106	0.308882796964773	0.363757518541266	0.988703970834014	0.989183311463345	0.00648025820908488	0.995675334579219	0.0143073681740641	0.0456724724963788	0.0691997755633537	0.397030735404844	0.0601007386681602	0.346818727132123	0.0509058214279258	0.0691997755633537	0.0277213883042972	0.157928161823273	0.414823403113488	0.786856237257394	0.0691997755633537	0.0469908410859957	0.00390679869671293	0.479523389786633	0.995675334579219	0.0806820533827326	0.0691997755633537	0.764055920809866	0.971027063167753	0.0691997755633537	0.25457754349764	0.347903301606143	0.0499201069004913	0.454853057254668	0.227388863300654	0.0691997755633537	0.0691997755633537	0.0900005772836626	0.290478634861092	0.0682856334997272	0.530097458073165	0.202658217390641	0.0635559276083058	0.981692113373044	0.979888519106121	0.0298125146169835	0.224418452960624	0.305314588265797	0.261017428336416	0.0606689073446686	0.247907058359194	0.0687466677283046	0.0691997755633537	0.986926722007848	0.136320524396373	0.027006957718656	0.0305775828715339	0.0576838135680829	0.217765191554646	0.00134326360305096	0.0220797420353817	0.981382760821135	0.0149729182969524	0.0549499475726259	0.222038426840892	0.0950783424277611	0.028358391981421	0.366491995696702	0.213636450196297	0.226406907494946	0.362314989544256	0.0184207706982894	0.0691997755633537	0.0235280114975994	0.247875912379691	0.159873674341185	0.210907402114171	0.0655093683712446	0.0576767777858987	0.1239161873203	0.0856511804965119	0.437657163347277	0.189174823377498	0.587886660579691	0.0651111501400577	0.249857717413181	0.179020851339605	0.0124617158212966	0.03272646309127	0.0334963864275769	0.0367727608856882	0.0689353395492971	0.259525404147288	0.884626880985077	0.657512934404756	0.0691997755633537	0.355645160437994	0.423975326829984	0.0691997755633537	0.334281566957476	0.995675334579219	0.00892527128330643	0.604901787500095	0.149470117731959	0.0530532440912506	0.203325926375359	0.049837751415436	0.564138657790482	0.394771387976588	0.0606298376188416	0.228033033335368	0.908853041491125	0.0128386536518029	0.611090397689733	0.148586925550731	0.0684804498212054	0.0678515750414093	0.0669887555747441	0.0841590556974852	0.926105951300102	0.0691997755633537	0.00931510837993128	0.0691997755633537	0.708143402121229	0.0231542502833675	0.0691997755633537	0.508985808647501	0.103068956562041	0.213637907382175	0.0143023239761865	0.0226719154877621	0.0579794973428531	0.398935873393299	0.0277483893476104	0.54540196920398	0.0691997755633537	0.910606601368027	0.129520290932692	0.0389532461355551	0.0190594505209176	0.170155638088262	0.0548253280496784	0.301385947480361	0.0496211969177192	0.0331026147310877	0.780139293653663	0.199495456433312	0.0117771641901242	0.130589525229835	0.805615052457946	0.0691997755633537	0.000493760560630854	0.959092970061898	0.0691997755633537	0.00847631356872242	0	0.16282202282272	0.0610653408629659	0.311823938021033	0.0242009240694476	0.0280580291770064	0.956021951296648	0.983397745599194	0.715912891650758	0.098824274349984	0.0243875974145408	0.0381330228816786	0.0624237836742945	0.191876250327743	0.0844837532523768	0.463945590157823	0.00508847174239578	0.618577425252034	0.909739850929593	0.811239450992052	0.135937265667024	0.452356510380861	0.0691997755633537	0.0248712314015081	0.0155723070216801	0.134980899040759	0.390993956215345	0.0394681638596279	0.0691997755633537	0.0174021705443822	0.0691997755633537	0.139418195442641	0.0691997755633537	0.995675334579219	0.0686959960250403	0.0529229861970562	0.0691997755633537	0.0669459823969221	0.223541992746162	0.995675334579219	0.672714372919742	0.11633235031006	0.96815540189834	0.0691997755633537	0.526705488859396	0.0511729935299232	0.0884160658786079	0.259470919173358	0.234664844116988	0.14573230970866	0.0938522126822483	0.0230899528902167	0.975477777826928	0.046884572263853	0.152200335232587	0.196541537273443	0.186580362659664	0.0691997755633537	0.258869296065705	0.122927268566268	0.251519160715582	0.995675334579219	0.0323663174517398	0.0691997755633537	0.0138413299984978	0.889590854264349	0.0426076912454763	0.416756866678193	0.00270355413626792	0.965701119601997	0.955790133177887
"SRR5928420"	0.675716474730628	0.0193623252240839	0.188470291581371	0.204947764964257	0.0725719252905302	0.133865171823052	0.229586124485665	0.00444967198626317	0.0390288157305018	0.153321246602004	0.212802975318802	0.973432540559488	0.97408189095452	0.169134248763845	0.982887560018971	0.148841130853726	0.207044763757287	0.229586124485665	0.249388637005853	0.103676560913565	0.194329305271614	0.112796503839599	0.229586124485665	0.189737038247629	0.00501529058164743	0.269116182440973	0.709639816534233	0.229586124485665	0.1166717007982	0.159010463286069	0.341831244446802	0.982887560018971	0.0831687096748347	0.229586124485665	0.681004724090204	0.949564403305696	0.229586124485665	0.0954821044914619	0.195509119519785	0.21112633297137	0.313921825113533	0.0668989965665877	0.229586124485665	0.229586124485665	0.0738402890950553	0.133606526006484	0.228713295630054	0.399763812501034	0.041113568992254	0.10024283350915	0.963946599798643	0.961510500887361	0.191758099547506	0.0637911956437645	0.149489825420699	0.102288631221855	0.22143137161616	0.0884465791634935	0.229153524403973	0.229586124485665	0.971025928800693	0.0270671813918606	0.18904624951347	0.132867299431842	0.106076291926709	0.0568408254727868	0.161512020190097	0.184277977954118	0.963528647356687	0.14818927141389	0.215952710435636	0.0613032005693344	0.0687457462217818	0.190352835215853	0.215794762537564	0.0525350815106094	0.0658712978393153	0.211225776702611	0.180732391235181	0.229586124485665	0.139798272869074	0.0884137638146814	0.00302242862760173	0.049692129060814	0.226061014583555	0.218566152806503	0.039659263061664	0.0781976662163559	0.294602042773235	0.0271399201462818	0.46716999611773	0.0986960718916765	0.0905024393915285	0.0166559610543374	0.150648119983353	0.194572263394003	0.195315403844858	0.198475854174894	0.229333664126026	0.10071041585344	0.83505659220781	0.550147374283949	0.229586124485665	0.203942867673401	0.279308169773259	0.229586124485665	0.18072123844908	0.982887560018971	0.154107621327678	0.487267563836831	0.0136650419308715	0.214133598085044	0.0418071053738952	0.21104724740109	0.439311724712755	0.246891792061136	0.221393975809072	0.0675733484465392	0.866808395681574	0.150279161608315	0.494605986771125	0.0145669286176817	0.228899327835468	0.228298768978955	0.0968276882614013	0.0796911725486844	0.889588359229577	0.229586124485665	0.153726450232267	0.229586124485665	0.611734348842103	0.185318436298071	0.229586124485665	0.375461951190096	0.0607124098337035	0.0525366001731427	0.176736819353109	0.184851428380123	0.218856151024384	0.251495470583674	0.189763142820615	0.417488340653476	0.229586124485665	0.869117322674626	0.0339763901878865	0.200577440684301	0.144183876603427	0.00753004755683546	0.108912127214413	0.14527646780724	0.210839281716249	0.130381084588338	0.701180329150763	0.0378304605116135	0.174284507598633	0.0328909951623877	0.733370414445828	0.229586124485665	0.163303421617835	0.933536228341283	0.229586124485665	0.154546542277634	0.16282202282272	0	0.102718319727667	0.156482653703474	0.186331613850587	0.19006248681458	0.929422790837738	0.96625184170705	0.62128021494548	0.0649822748687277	0.186512279131986	0.1997870603147	0.101368349826857	0.0299348026891346	0.0793662332924475	0.324181713282126	0.157856696764896	0.503504630492114	0.867975884795773	0.740515862652547	0.0274569731711106	0.311110134308717	0.229586124485665	0.186980299487447	0.147602098281682	0.0284294380915557	0.242721395017186	0.201073522763654	0.229586124485665	0.179744649642769	0.229586124485665	0.0239149892697897	0.229586124485665	0.982887560018971	0.229105142414855	0.214008630325085	0.229586124485665	0.227433750467701	0.0628747564606433	0.982887560018971	0.568526440682427	0.0473338646175784	0.945701304238894	0.229586124485665	0.395847739134424	0.212329229513639	0.0754283899097815	0.100652797624651	0.0745239183279865	0.017480259426336	0.0699766643080339	0.140228465675639	0.955559625380806	0.116776824416146	0.0108754526172121	0.0347671053121122	0.0244579478366607	0.229586124485665	0.100016643756011	0.0406610486105008	0.0922544947130006	0.982887560018971	0.131106262658829	0.229586124485665	0.176289265911084	0.841540333243562	0.204096522901725	0.271266827562123	0.16545699829329	0.942402848071986	0.929112469191578
"SRR5928471"	0.73068223682451	0.083512385584203	0.0873441076054098	0.104296813313591	0.17406846693757	0.0315554017938938	0.129748868021474	0.0983109568134938	0.0639308273097844	0.252298286242701	0.309158291367171	0.983551780837477	0.984088770836807	0.0675204409604074	0.991364669251498	0.0467964693709937	0.106458247396867	0.129748868021474	0.343814104426896	0.000967947085153737	0.291567617332552	0.0101893433123628	0.129748868021474	0.0886454357871115	0.09775044443716	0.362401850431388	0.760183436599986	0.129748868021474	0.0141126302014015	0.0571713846848806	0.430322687088276	0.991364669251498	0.0197081392153139	0.129748868021474	0.73529307592614	0.963770801219786	0.129748868021474	0.196386839103256	0.292692883538438	0.110667798949301	0.404363024109294	0.168526899791828	0.129748868021474	0.129748868021474	0.0290857501176194	0.233310003352268	0.128845094153756	0.483777352761043	0.143262222531655	0.00249972152657608	0.975700206676102	0.973681704747978	0.0907223436865958	0.165488500323711	0.248613631375483	0.20299867150536	0.121311076048293	0.189543486508174	0.129300911161998	0.129748868021474	0.9815610596039	0.0758497023272808	0.0879357486179442	0.03054145416298	0.00339278008280051	0.158686767271572	0.0597266902248713	0.0830396611964855	0.975353961630707	0.0461321381083594	0.115649893118282	0.163054756892226	0.0341999654517176	0.0892781610295184	0.312001285120978	0.15446853972835	0.167522351843212	0.307658884063491	0.0794020127673849	0.129748868021474	0.0375881788982993	0.189511545862515	0.0997250427987001	0.151681455262617	0.126099737185662	0.118349637879268	0.0633018656378249	0.024707517876705	0.386313113654532	0.129518267855809	0.545251998549671	0.00406101265774672	0.191544146425214	0.119182287958629	0.0486384754809445	0.0936156477363433	0.0943799547896986	0.0976316743051001	0.129487440967544	0.201466367257302	0.867696039689452	0.619882551109634	0.129748868021474	0.30072936768737	0.37197791684212	0.129748868021474	0.278570467667437	0.991364669251498	0.0521668406922488	0.563432902410551	0.089171130302451	0.113771531788856	0.143943395033831	0.110586201326589	0.519938389116394	0.34145658092442	0.121272413618183	0.169185952867161	0.894533289075015	0.0482623141152208	0.570054663531352	0.0882757603668411	0.129037708804124	0.128415925648247	0.0059463181409217	0.023206007591096	0.913693858647004	0.129748868021474	0.0517779646206022	0.129748868021474	0.674543176511556	0.0841076173216215	0.129748868021474	0.461424285962129	0.0422540226612283	0.154470028139527	0.0753057371129154	0.0836282400024891	0.118649298505638	0.345802514104401	0.0886722564171063	0.500016835203889	0.129748868021474	0.89647890921647	0.0689685671693615	0.099795073777122	0.0420519740295178	0.110168133497584	0.00625974559818042	0.244558561504473	0.110371635957701	0.0280160497560415	0.752843669295516	0.1400364073191	0.0727932124135507	0.0700501628172786	0.780713133375819	0.129748868021474	0.0615573538044302	0.950440264109765	0.129748868021474	0.0526146700280917	0.0610653408629659	0.102718319727667	0	0.255336566987335	0.0851477820126398	0.0889798213771481	0.947013027964474	0.97760948211546	0.682960487884978	0.037974712193037	0.0853332813292549	0.0989813411121844	0.00136333612991791	0.132270172569901	0.0235327254590354	0.41392194991222	0.0559932513691997	0.578072251918247	0.89551717539379	0.7868775418481	0.0754617397901827	0.401740214814082	0.129748868021474	0.0858138551428162	0.0455338035253641	0.0744937106451016	0.337516406921683	0.100305877727967	0.129748868021474	0.0783890764927929	0.129748868021474	0.0789860243488047	0.129748868021474	0.991364669251498	0.129250814054397	0.113642518570618	0.129748868021474	0.127520466393337	0.164592179866815	0.991364669251498	0.636259239120579	0.0556391710923165	0.960561348306631	0.129748868021474	0.480182153975828	0.111909061079077	0.0274904789207069	0.201410416407838	0.175973863763262	0.085382411325548	0.0329647590939902	0.0380258718481668	0.968747269242968	0.0142190998083464	0.0919395731067783	0.137024669171208	0.126876141607557	0.129748868021474	0.200792630760675	0.0623022824155694	0.19324853627894	0.991364669251498	0.028752531549085	0.129748868021474	0.0748471041966061	0.873188610024585	0.103419670032354	0.36442405940781	0.063758983783803	0.957819259746317	0.946754372500747
"SRR5928243"	0.576644772288097	0.175344746151138	0.335632664437049	0.350836187489287	0.0848176648119584	0.28473184595239	0.373436426963098	0.160826884930668	0.194393604783801	0.0032344752409008	0.0581433768323163	0.953741112227712	0.954605816027103	0.317699726889382	0.966350937598702	0.298771629111173	0.352765918985241	0.373436426963098	0.0964500424460869	0.256244882603801	0.0389622402357474	0.264877038058781	0.373436426963098	0.33680402125183	0.161378692697445	0.117284038956787	0.617748047421134	0.373436426963098	0.268538062667232	0.308270744384157	0.19517888373127	0.966350937598702	0.236750199949854	0.373436426963098	0.58302223956657	0.922090735133317	0.373436426963098	0.0618709731080067	0.0401840226024899	0.35651860533353	0.165074419728728	0.0904754670872379	0.373436426963098	0.373436426963098	0.227844077044218	0.0233355019981931	0.372638511848897	0.258507609694436	0.116072214218879	0.25298888682678	0.941131198978369	0.937899455347755	0.33867201007456	0.0935709332227786	0.00715032047118556	0.0550232922157567	0.365973839951886	0.0689344109146731	0.37304098118565	0.373436426963098	0.950538045134422	0.182820729640648	0.336165303734854	0.283794192981753	0.258518476493134	0.100483371500052	0.31060317333841	0.331753008996077	0.940576548577627	0.298161780853795	0.360950440512899	0.0960469917037153	0.222969931583576	0.337373293212376	0.0612598845641333	0.104758459288206	0.0914994036997838	0.0565015701008859	0.328468204437966	0.373436426963098	0.290301318893249	0.0689673216897928	0.159434082208865	0.107578175326418	0.370212653819544	0.363347693034387	0.195002437162848	0.232007207980472	0.144386753998042	0.129862026736221	0.333653736423898	0.251521125567545	0.0668719291918773	0.140170684986422	0.300461561842921	0.341271231530392	0.341957262130737	0.344873203567371	0.373205655346917	0.0566122914536792	0.773777671649494	0.428389521097871	0.373436426963098	0.0489305286930183	0.128097146681084	0.373436426963098	0.0249016545863881	0.966350937598702	0.303694502555526	0.356370226509443	0.169805806434827	0.359280752797765	0.115386313722955	0.356445933872787	0.302403132865208	0.0938221185140259	0.365939578255144	0.089803413629115	0.814328435037882	0.300116576045328	0.364701088742022	0.170683245341892	0.372808593805135	0.372259493930111	0.249747289454279	0.233432919911928	0.843690122326385	0.373436426963098	0.303338452106928	0.373436426963098	0.500349820691096	0.332716306353581	0.373436426963098	0.23180279453536	0.215269394546681	0.104756952402013	0.324762503037152	0.332283967573928	0.363613591703247	0.0986690422392656	0.336828155598477	0.278113239855502	0.373436426963098	0.817294176426086	0.189510337086555	0.346810740229618	0.294412008738507	0.149118049685076	0.261203211824254	0.0114513020990236	0.356254827075559	0.281456839111959	0.607455207967893	0.119317262312945	0.32248599477039	0.188460337516481	0.646775108513365	0.373436426963098	0.312272428095005	0.900981416254198	0.373436426963098	0.304104448482541	0.311823938021033	0.156482653703474	0.255336566987335	0	0.333654069827611	0.337104893882299	0.895582592741313	0.944191837952222	0.511632211167165	0.219364618725028	0.333821258981315	0.346082193704731	0.254056503423784	0.127108476438718	0.233122783341302	0.176111013918285	0.307194416740011	0.374829278700989	0.815827747526554	0.655559990235168	0.183198493393513	0.162055980064362	0.373436426963098	0.334254328624272	0.297612351835434	0.184140762034798	0.0894372564025113	0.347267928127829	0.373436426963098	0.327552516966905	0.373436426963098	0.179764217804519	0.373436426963098	0.966350937598702	0.372996751501662	0.359166018227031	0.373436426963098	0.371468429419766	0.094483188789418	0.966350937598702	0.44971502955	0.202404907823909	0.916992386722741	0.373436426963098	0.254190591126117	0.357623740411601	0.229361994692992	0.0566702891922741	0.0828686652017216	0.173516014201843	0.224148261910666	0.290704775076004	0.93001634179258	0.268637319109744	0.167090361785129	0.122342258794314	0.132502196623133	0.373436426963098	0.0573105667340227	0.195969645112665	0.0651132311040091	0.966350937598702	0.282138771022727	0.373436426963098	0.324347153816005	0.782022974727185	0.350052514480236	0.119562932803391	0.314278024521931	0.912644563248895	0.895175607928207
"SRR5928365"	0.770682581264094	0.167538422127912	0.00221181416050746	0.0193105019591041	0.255648515559768	0.0537283072669368	0.0450699203129468	0.182024043466362	0.148318397947466	0.330755690518833	0.384769110098482	0.990587336861362	0.991045529641319	0.0177232829831891	0.997250169693944	0.0384957417712505	0.0214939180019484	0.0450699203129468	0.417454882878988	0.0841863680740829	0.368110486215697	0.0750197232029269	0.0450699203129468	0.00352268947537588	0.181476005845666	0.43491326986858	0.79677096823258	0.0450699203129468	0.0711156158727728	0.028105220718045	0.498279656241404	0.997250169693944	0.104690503548768	0.0450699203129468	0.774767704405765	0.973683470632375	0.0450699203129468	0.27717058306347	0.369177504146322	0.0257484725092036	0.474139643478278	0.250292890841743	0.0450699203129468	0.0450699203129468	0.113967771076831	0.312610346089839	0.0441534133077301	0.54768273407221	0.225816326676423	0.0876299415718596	0.983883713811247	0.982159064977515	0.00561540530859048	0.247354448720017	0.327238842640829	0.283531958025901	0.0365184687395295	0.270579461663172	0.044615635480164	0.0450699203129468	0.988888412374736	0.160024358535383	0.00280776156873514	0.0547403653796986	0.0817772461510227	0.240771354999726	0.0255434058148786	0.00212224980506247	0.983587911834684	0.0391604812699843	0.0307875740350491	0.244999751365918	0.119021400380467	0.00416015621897475	0.387457163422431	0.236685158002504	0.249321546851938	0.38335093737362	0.00578258063572826	0.0450699203129468	0.0477033602033697	0.270548681577299	0.183406440428365	0.233983811176971	0.0413702002305658	0.0335199083339374	0.14770005352265	0.109638119948123	0.457297503053335	0.212459889934803	0.603996336272274	0.0891797591474967	0.272507118396387	0.202396130237572	0.0366522319240938	0.00853190159121203	0.0093025628460587	0.0125823801186085	0.0448047962554581	0.282058288584559	0.890869641836391	0.671650675277196	0.0450699203129468	0.376792522095197	0.443887790482388	0.0450699203129468	0.355772471670078	0.997250169693944	0.0331194595045943	0.6205491171719	0.173081529700719	0.0288872425483233	0.22647753633102	0.0256659750150106	0.58087244249565	0.415236979136637	0.0364793124045787	0.25093007595986	0.914122438051418	0.0370287447872763	0.626566426888436	0.172204789355764	0.0443487304244251	0.0437182453036752	0.0910506930896818	0.108152571850896	0.930666827941683	0.0450699203129468	0.033508919725294	0.0450699203129468	0.720714529745528	0.00104722631993705	0.0450699203129468	0.527073589762739	0.126971670540243	0.236686600307877	0.00990182717210302	0.00152979891481124	0.033823259895923	0.419324898644587	0.00354970977112677	0.562610717690162	0.0450699203129468	0.915804566849199	0.153268860037383	0.0147654282822613	0.0432415944126553	0.193605886170813	0.0789276473276049	0.323366093777222	0.0254490485822003	0.0572603467427275	0.790291169452217	0.222684079190439	0.0124270948956714	0.154331198738667	0.814857178762031	0.0450699203129468	0.0237074302490346	0.962263740201647	0.0450699203129468	0.0326709272496672	0.0242009240694476	0.186331613850587	0.0851477820126398	0.333654069827611	0	0.00385957276015177	0.959324099816186	0.985514560955337	0.728233756327638	0.122748779071706	0.000186777141032482	0.0139442154727964	0.0865016632539725	0.215136535322287	0.108475846849189	0.483039846143578	0.0292860000670082	0.633843976792186	0.914973139860058	0.820276953984604	0.15964367655367	0.471695266172017	0.0450699203129468	0.000670687438373946	0.0397591227038281	0.158693710918846	0.411528332013827	0.0152809829259112	0.0450699203129468	0.00680145059738023	0.0450699203129468	0.163100959854917	0.0450699203129468	0.997250169693944	0.0445648327356622	0.0287567415326442	0.0450699203129468	0.0428103655295142	0.246487345548428	0.997250169693944	0.686393462455033	0.140161724130932	0.970936133955796	0.0450699203129468	0.544372822564302	0.0270035577763215	0.112390552310643	0.282004471994591	0.257488894321541	0.169370786299165	0.11780120559892	0.0472660078869247	0.977940802747078	0.0710096324890669	0.175791580210139	0.219758252722269	0.209888920616524	0.0450699203129468	0.281410220350683	0.146717216189399	0.274148835463143	0.997250169693944	0.0565255521134745	0.0450699203129468	0.0103628625460693	0.895636221181599	0.0184246557205484	0.436809563639424	0.0214986943807744	0.968587827581814	0.95910218254673
"SRR5928157"	0.77237893312903	0.17129370295313	0.00164777184429834	0.0154520135591044	0.259267216614898	0.0575766380067547	0.0412170984129501	0.185760737248759	0.152095990748345	0.334213540672026	0.388086028727815	0.990879863858576	0.991334768355968	0.0215814657266508	0.997494731350634	0.0423493899897424	0.0176357227803342	0.0412170984129501	0.420676262019874	0.0880190122717227	0.371473122938779	0.0788577971242158	0.0412170984129501	0.000336887597525958	0.185213430540048	0.438080451588695	0.798318982626272	0.0412170984129501	0.0749558170449084	0.0319615290324583	0.501231603878007	0.997494731350634	0.108508793700482	0.0412170984129501	0.776441152316433	0.974096255351384	0.0412170984129501	0.280747369932227	0.37253727274655	0.0218909481310403	0.477177010153224	0.253921500344445	0.0412170984129501	0.0412170984129501	0.117778563677642	0.316110800507415	0.0403003070216954	0.55044673903263	0.229487573810775	0.091460388357208	0.984224177664048	0.982511809340365	0.00175586838018485	0.250988406312632	0.330705136457441	0.287095713443387	0.0326632307548174	0.274169441317706	0.0407626718551529	0.0412170984129501	0.989193118758525	0.163788681316764	0.00105182192382898	0.0585882831105516	0.0856113764648174	0.244417066928295	0.0294002494418815	0.00598177643116383	0.983930483490445	0.0430139326115603	0.0269310144411048	0.248637949436464	0.122827845956515	0.000300588003219189	0.390766516724898	0.240338007957987	0.252951931166941	0.386671826271408	0.00964195077625199	0.0412170984129501	0.0515539956661492	0.27413872210274	0.18714128084391	0.237641313555786	0.0375162677697892	0.0296639490624381	0.1514783196384	0.11345248936929	0.460391970044691	0.216152571945163	0.606524603817188	0.0930091888670687	0.276093272225191	0.206104108387836	0.0405064093409979	0.00467247370411237	0.00544317409943171	0.00872320623072924	0.0409518914613335	0.28562508894979	0.891841881233989	0.673865453880405	0.0412170984129501	0.380131582389692	0.447026253877504	0.0412170984129501	0.359167674072601	0.997494731350634	0.0369745820453691	0.623003737177412	0.176829877751978	0.0250302974350695	0.230147688731865	0.0218084363778193	0.583500281766091	0.418465085626323	0.0326240645797586	0.25455751750142	0.914942574048562	0.0408828161287161	0.628993784112835	0.1759542487875	0.0404956842318538	0.0398650061264901	0.0948788717760941	0.111968137160424	0.931376373113745	0.0412170984129501	0.0373639425207319	0.0412170984129501	0.722681301309577	0.00490678040631572	0.0412170984129501	0.529918141705451	0.130770902250838	0.240339447765204	0.0137609047589345	0.0053893417133648	0.0299673706216389	0.422540577996729	0.000309866986291108	0.56531446300145	0.0412170984129501	0.916613548617852	0.157040962262861	0.0109064407486305	0.0470937666903563	0.197326623872137	0.0827634810663126	0.326841582117421	0.0215914726871278	0.0611072037730785	0.791876485514597	0.226360469164593	0.0162859321651963	0.15810209954601	0.816299477300951	0.0412170984129501	0.0275646281846552	0.962756604319588	0.0412170984129501	0.036526163299402	0.0280580291770064	0.19006248681458	0.0889798213771481	0.337104893882299	0.00385957276015177	0	0.959837425991504	0.98584339254634	0.730160985563145	0.126551899646877	0.00367279811208145	0.0100851537722035	0.090332839500277	0.218825025394899	0.112291153281336	0.486046209910453	0.0331420455931312	0.636238012217907	0.915787637381975	0.821687114453895	0.163408446521678	0.474741047323146	0.0412170984129501	0.00318889309417595	0.0436123939975626	0.162459592224553	0.414767608063172	0.0114220444589411	0.0412170984129501	0.0106607598551081	0.0412170984129501	0.166861629970427	0.0412170984129501	0.997494731350634	0.0407118533548146	0.0248997709081355	0.0412170984129501	0.0389568535381275	0.250122869346563	0.997494731350634	0.6885355444542	0.14394797563455	0.97136826969798	0.0412170984129501	0.547149970555446	0.0231462564320283	0.116202663643458	0.285571383259743	0.261104142496196	0.173123800047058	0.121608717737316	0.0511168003847591	0.978323493475265	0.074849889865652	0.179536457668517	0.223439382356789	0.213585580148642	0.0412170984129501	0.284978354795786	0.15049654680644	0.277731709739521	0.997494731350634	0.0603727231946574	0.0412170984129501	0.0142218997164725	0.89657759807162	0.0145660582561433	0.439970725794222	0.0253562861037045	0.969036460726221	0.95961705090618
"SRR5928183"	0.620817157367585	0.93297637991843	0.959618709786725	0.961857181516565	0.914959333884759	0.951787518712438	0.965104027563601	0.93025006039941	0.936466584822491	0.896372210587343	0.880615775052343	0.297108214592075	0.302653026696515	0.956920187229099	0.382293432626451	0.954001197009498	0.962138139337962	0.965104027563601	0.869882180607862	0.947163474251357	0.88572096720146	0.94858383444966	0.965104027563601	0.959792762371004	0.930354758976921	0.863721372323045	0.579935928750665	0.965104027563601	0.94918113853556	0.955475344315616	0.838391633698302	0.382293432626451	0.943892341972598	0.965104027563601	0.614839515916344	0.119170875466919	0.965104027563601	0.909977064194944	0.885400878850116	0.96268249600348	0.848639264994459	0.916160245783037	0.965104027563601	0.965104027563601	0.942367907115195	0.901184684236863	0.964990999307795	0.814662468595365	0.921462924333689	0.94662329667467	0.22070043703165	0.202369190958583	0.960069774550414	0.916812787110582	0.897322438740881	0.908454572240691	0.964042378700996	0.911530116331436	0.965048025357014	0.965104027563601	0.276923941182415	0.934357740307693	0.95969788817994	0.95163817059636	0.947539224958203	0.918258630301813	0.955834447170208	0.959040310889966	0.21751998774328	0.953905911291447	0.963321966996245	0.917332485302082	0.941525453539914	0.95987725415977	0.879769848930413	0.919145079765367	0.91637644731467	0.881059539605124	0.958548278530437	0.965104027563601	0.952670706527917	0.911537311567366	0.929985411624569	0.919726547449853	0.964646653722233	0.963666342616154	0.936576549400206	0.943082881696287	0.855337959257825	0.92423413615639	0.781930174318242	0.94637899129234	0.911078444665288	0.926268124173095	0.954264831935904	0.960454096875494	0.960555315623545	0.960984528889886	0.96507134962032	0.908809360634274	0.350513204168579	0.731410391146513	0.965104027563601	0.883089337046563	0.860428169380696	0.965104027563601	0.889356136716857	0.382293432626451	0.954767514233846	0.770867909731555	0.931943107658682	0.963081477865322	0.921323551843817	0.962671979589062	0.79621869824614	0.870642586929879	0.964037480987318	0.916018154800525	0.259341346761951	0.954211061755608	0.766657639228152	0.932107353663758	0.965015101884517	0.964937269164804	0.946083073807224	0.943326768783781	0.179838642886991	0.965104027563601	0.954712259740793	0.965104027563601	0.683704785133392	0.959184199992384	0.965104027563601	0.825052826572072	0.940182537897808	0.919144768343603	0.95799063120353	0.959119643517036	0.963704474450701	0.869237236562528	0.959796345691966	0.806645113584885	0.965104027563601	0.251886097173138	0.93558106895721	0.961268822322674	0.953318302792744	0.928008052971154	0.94798140358882	0.898358962539264	0.962644319459176	0.951265049052408	0.590718467615104	0.922120320409021	0.957646695346772	0.935389843445214	0.547310003600256	0.965104027563601	0.956090760660474	0.0224727440802902	0.965104027563601	0.95483109991231	0.956021951296648	0.929422790837738	0.947013027964474	0.895582592741313	0.959324099816186	0.959837425991504	0	0.238513133895746	0.675301760691586	0.940898546447095	0.959349023720129	0.96116200755075	0.946800686034843	0.923685431697154	0.943273757485653	0.844953325140654	0.955309253615496	0.761422533650705	0.255587326458665	0.536731915120213	0.93442714046041	0.849633507553742	0.965104027563601	0.959413558552447	0.953819998690766	0.934600080768474	0.871903259232352	0.961335800409586	0.965104027563601	0.958410736601425	0.965104027563601	0.933794806921528	0.965104027563601	0.382293432626451	0.965041759874712	0.96306493328371	0.965104027563601	0.964825042428823	0.917004493657513	0.382293432626451	0.718245204092564	0.937905835106323	0.0944255381975811	0.965104027563601	0.816382503553907	0.962842300001297	0.942629080984279	0.908822293082092	0.914543163482674	0.932636166658812	0.94172965149511	0.95273442641725	0.159596713871451	0.949197290573567	0.931433459276489	0.922730200342746	0.924758094699897	0.965104027563601	0.908964983213929	0.936751042925496	0.91069212343605	0.382293432626451	0.951374031443497	0.965104027563601	0.9579279573959	0.333457905917236	0.961742881659164	0.8630328750813	0.956397964906371	0.0740525120337661	0.00166025082449341
"SRR5928204"	0.754180804384535	0.968552298255764	0.985703292769169	0.987136622362614	0.956857329824637	0.980679511904403	0.98921352543248	0.966787655356156	0.970808769249295	0.944709760403628	0.93434587057553	0.0627843061228595	0.0688173629022898	0.983973808283572	0.15728388208779	0.982101082266856	0.987316440488493	0.98921352543248	0.927250647698824	0.977706302931673	0.937710541012131	0.978620120370383	0.98921352543248	0.985814783957106	0.966855455765145	0.923165230294354	0.724136715045935	0.98921352543248	0.97900426449193	0.98304709829702	0.906268351115983	0.15728388208779	0.975599924325165	0.98921352543248	0.749818023622828	0.122624071451183	0.98921352543248	0.953609440094647	0.937499770021378	0.987664785579123	0.913123755188112	0.957639290198249	0.98921352543248	0.98921352543248	0.974617423198273	0.94786303279366	0.989141266710678	0.890291750764642	0.961087891785238	0.977358642580459	0.0187416166555916	0.0378648134347475	0.985992212194787	0.958064038534407	0.945332826932169	0.95261573925363	0.98853469673011	0.954622505813456	0.989177723718619	0.98921352543248	0.0409580338611144	0.969445718531074	0.985754012199125	0.980583562242016	0.97794809650492	0.959004790540393	0.983277470057406	0.985332741843736	0.0220713373745329	0.982039916071086	0.988073906851922	0.958402243560597	0.974074222049356	0.985868903463428	0.933787725269515	0.959581317134175	0.95778003025543	0.934638597336174	0.985017459236855	0.98921352543248	0.981246813239303	0.95462719794617	0.966616263090795	0.959959387179815	0.988921108729956	0.988294191746736	0.970879815543495	0.975078294784931	0.91759070434487	0.962887445602608	0.868015732710473	0.97720138385752	0.95432793802955	0.964207085295788	0.982270304637585	0.986238343257596	0.986303160838751	0.986577989765696	0.98919263480317	0.952847353159251	0.546043086267782	0.833082285831509	0.98921352543248	0.935976920964904	0.920977522544017	0.98921352543248	0.9401024462493	0.15728388208779	0.982592921358253	0.860424172257312	0.967883710714653	0.987920057854528	0.96099733785129	0.98765805657139	0.877773979876351	0.927754240423704	0.988531564467309	0.957546787488247	0.470454076410288	0.982235791895517	0.85752638873231	0.967990004630387	0.989156675689256	0.989106916088084	0.977010883501713	0.975235476115486	0.402111354214416	0.98921352543248	0.982557462484007	0.98921352543248	0.799463966248125	0.985424931716692	0.98921352543248	0.89730515129136	0.973207979751509	0.959581114625945	0.984660062802305	0.985383570933151	0.988318581609102	0.926823409149387	0.98581707921518	0.884861165989366	0.98921352543248	0.464143481278902	0.970236546403946	0.986760001293167	0.981662668385556	0.965335149321031	0.978232592999757	0.946012225352205	0.987640357902184	0.980343824718841	0.732108218187743	0.961514955807892	0.984439597417909	0.970112951246106	0.699807052224184	0.98921352543248	0.983441881648294	0.217136253204262	0.98921352543248	0.98263372576894	0.983397745599194	0.96625184170705	0.97760948211546	0.944191837952222	0.985514560955337	0.98584339254634	0.238513133895746	0	0.793477532155532	0.973669891849015	0.98553052839862	0.986691618136099	0.977472818720855	0.962531278304723	0.97520131238949	0.91066100949677	0.982940537398781	0.853916719705213	0.467278933941668	0.691850502205816	0.969490592270524	0.913787467958468	0.98921352543248	0.985571871811141	0.98198476485666	0.969602409448607	0.928588826364765	0.986802879501226	0.98921352543248	0.98492931539344	0.98921352543248	0.969081686313546	0.98921352543248	0.15728388208779	0.98917371820533	0.987909473226086	0.98921352543248	0.989035165369966	0.958188803405698	0.15728388208779	0.823866699450168	0.971738415746879	0.147209306799869	0.98921352543248	0.891454669697675	0.987767034166499	0.974785789658518	0.95285579517531	0.956586263471212	0.968332188723106	0.974205901337993	0.981287735504516	0.0818500887558396	0.979014651170983	0.967553843924586	0.961911058530132	0.963227482339867	0.98921352543248	0.952948937435664	0.970992546972792	0.954075950630899	0.15728388208779	0.980413851352119	0.98921352543248	0.984619890524373	0.532121799878479	0.987063463030672	0.922708078780057	0.98363891644709	0.167241954955832	0.24008386789812
"SRR5928215"	0.0900193385798633	0.633467488414876	0.729339443940903	0.737775391040482	0.573035561966692	0.70030529101543	0.750121982948833	0.624105351823784	0.645569900854415	0.514065679993448	0.466557120171735	0.817896438882278	0.820128152352796	0.719251275542535	0.850785660116986	0.70843798903647	0.738838583150352	0.750121982948833	0.435413177771076	0.683502990103957	0.481711555245312	0.68863763266538	0.750121982948833	0.729993172468181	0.624463417656831	0.417963318176271	0.151074898613405	0.750121982948833	0.690803891175243	0.713886127516594	0.349296125549356	0.850785660116986	0.671765980796501	0.750121982948833	0.0992721754125399	0.738512167798695	0.750121982948833	0.556904219343689	0.480754778345817	0.740901308172751	0.37649808867548	0.576960433005215	0.750121982948833	0.750121982948833	0.666337835325246	0.529020639520371	0.749689960594548	0.289131176014236	0.59446394142089	0.681556347755765	0.785738003569732	0.777610988192749	0.731034375603021	0.579099122774533	0.517001666622638	0.552023043843397	0.746070418994018	0.561906533423634	0.7499079083752	0.750121982948833	0.809659529080263	0.638241581754336	0.729636786054867	0.699758697681407	0.684859069888193	0.583853035921336	0.715217240332513	0.727169684569093	0.784339909292259	0.70808672622	0.743329156297149	0.580805468743063	0.663349310032214	0.730310651210635	0.464067608716576	0.586778071150226	0.577668557653431	0.467865528701818	0.725327130781317	0.750121982948833	0.703543018401244	0.561929763659577	0.623200781485144	0.588701065109846	0.74837477538004	0.744638742422476	0.645953365039632	0.668880414619383	0.394699579816423	0.603725272767409	0.212064608154847	0.68067704517909	0.560449296652241	0.610573346585326	0.709410421145413	0.732480484761483	0.732861647782934	0.734479352896898	0.749997063133552	0.553158510220787	0.417935111484792	0.104888903530165	0.750121982948833	0.473871709990796	0.408759463579469	0.750121982948833	0.492640342247577	0.850785660116986	0.711266892205994	0.187441608926661	0.629909873043948	0.742415505448984	0.594000242770926	0.740861423560826	0.244907143176859	0.437588183790598	0.746051760631694	0.576495296481397	0.498097587837628	0.70921201954243	0.178247722108686	0.630474614250105	0.74978207320926	0.749484646855703	0.679612898825522	0.669749042692794	0.559434513871068	0.750121982948833	0.711062682439682	0.750121982948833	0.0148655732562573	0.727709076359862	0.750121982948833	0.31500576209473	0.658601901619243	0.58677704215223	0.723242429183445	0.727467044583717	0.744783840633928	0.433572116255687	0.73000663505518	0.26964570752227	0.750121982948833	0.504163114540717	0.642486789275403	0.735552105432682	0.705922945004571	0.616465667411032	0.686456976610127	0.520213722535034	0.740756526162827	0.698394272820834	0.135464912423531	0.596653806890357	0.721958548546392	0.641822121895383	0.196308233107547	0.750121982948833	0.716168284548464	0.687944291660821	0.750121982948833	0.711501937598656	0.715912891650758	0.62128021494548	0.682960487884978	0.511632211167165	0.728233756327638	0.730160985563145	0.675301760691586	0.793477532155532	0	0.661130587757315	0.72832725599696	0.735148933713421	0.682195236711954	0.601885234495009	0.669560180436326	0.366625677471043	0.713270990690595	0.166949018122693	0.501160409075218	0.210362321343934	0.638481979471187	0.379178301784961	0.750121982948833	0.728569387633178	0.707770109342708	0.639081261214313	0.441204510365126	0.735804985687822	0.750121982948833	0.724812594158051	0.750121982948833	0.636293546195938	0.750121982948833	0.850785660116986	0.749883960336516	0.742352676838787	0.750121982948833	0.749055922887106	0.579728245732275	0.850785660116986	0.0790411393032784	0.650599308041941	0.726130206306418	0.750121982948833	0.293365389354938	0.741507550968397	0.667265948034798	0.553199922210469	0.571678758112645	0.632294846386634	0.66407295045224	0.703776969471581	0.757979262870496	0.690862527833185	0.628159346575393	0.5986893514312	0.605485236293488	0.750121982948833	0.553656948430004	0.646562124226871	0.559204478948089	0.850785660116986	0.698792628454578	0.750121982948833	0.723008366639753	0.433827778482889	0.73734314079276	0.416032041319304	0.717309199768474	0.715656739031506	0.674353403016435
"SRR5928182"	0.711290960081987	0.0456740596665728	0.124928657008624	0.141742931039544	0.13694610866946	0.0694517517034251	0.166949051189265	0.060549087777512	0.0260155845881757	0.216274631446628	0.274214830898259	0.980043206134083	0.980619284179547	0.105241073023991	0.98842706328405	0.0846295743399204	0.143885255769869	0.166949051189265	0.309646010635668	0.0389413115188351	0.256264545387913	0.0481465142282678	0.166949051189265	0.126220078896607	0.0599853916758193	0.32868628051624	0.742387710512385	0.166949051189265	0.0520610717195094	0.0949519935582765	0.398479240195315	0.98842706328405	0.0182794542574562	0.166949051189265	0.716146730722692	0.9588383159717	0.166949051189265	0.15953236763147	0.25741213257039	0.148056643736224	0.371763433232547	0.131343646679587	0.166949051189265	0.166949051189265	0.00889821615830108	0.196978536581849	0.166054792201624	0.453649872551173	0.105829622432233	0.0354781617151024	0.971622725704908	0.969458759492916	0.128280928281508	0.128272807019153	0.212528178715472	0.166230533860831	0.158597852423433	0.152603016260375	0.166505817585027	0.166949051189265	0.977907778326099	0.0379779898484043	0.125515809036727	0.0684414253530637	0.0413624744869323	0.121400886158853	0.0974931965699167	0.120656124292781	0.971251505351487	0.0839683440623433	0.152991954610335	0.125813563247782	0.00377936837006856	0.126847944266361	0.277118088383516	0.11714081886574	0.130328299158387	0.272683880628137	0.117044423383174	0.166949051189265	0.0754614703658057	0.152570682229264	0.0619713065755584	0.114326798755663	0.16333798534772	0.155665616505603	0.0253846096798315	0.0132789255103535	0.353217411583814	0.0919694725778773	0.517363856571126	0.0339186247224967	0.154628464793938	0.0815551224318962	0.0864628182604324	0.131151352988691	0.131909517307587	0.135134641184358	0.166690382338362	0.164677937607382	0.856288030032	0.595097936877406	0.166949051189265	0.265610743885251	0.338505490236372	0.166949051189265	0.243016342596222	0.98842706328405	0.0899737264350976	0.536261808667742	0.0513601755098333	0.151131437294708	0.106516909897158	0.1479757977611	0.491093582968822	0.307232923501561	0.158559575220523	0.132009824888671	0.884860872522866	0.0860884658347339	0.543150960742071	0.0504603209831687	0.166245383839903	0.165630121811153	0.0320352052863739	0.0147809692052796	0.905295260851756	0.166949051189265	0.089586817734763	0.166949051189265	0.652301342889585	0.12171628476469	0.166949051189265	0.430553155639126	0.00428578560079832	0.11714232181227	0.112976244994838	0.12124041669368	0.155962350347787	0.311681604660606	0.126246694095933	0.470453192315962	0.166949051189265	0.886934520416592	0.0310704762343375	0.137279932346884	0.0799065375809865	0.0724789290692738	0.0442245592690127	0.208406249594224	0.147763206647872	0.0659247222062832	0.734644677069239	0.102575305686581	0.110480366142656	0.0321559924056725	0.764067564566389	0.166949051189265	0.0993134719799438	0.9445657096491	0.166949051189265	0.0904192768428565	0.098824274349984	0.0649822748687277	0.037974712193037	0.219364618725028	0.122748779071706	0.126551899646877	0.940898546447095	0.973669891849015	0.661130587757315	0	0.12293290243398	0.136473049674813	0.0366131608663053	0.0947435467362943	0.014454149011846	0.381594932534643	0.093780206174485	0.551496762878086	0.885909464315805	0.770583721623668	0.0375884494146966	0.369067026451252	0.166949051189265	0.123409900231403	0.0833727755593428	0.0366165304145313	0.303200804199291	0.137786412453099	0.166949051189265	0.11603854566227	0.166949051189265	0.0411274656737598	0.166949051189265	0.98842706328405	0.166456247822432	0.151003640538324	0.166949051189265	0.164744006087455	0.127367044988809	0.98842706328405	0.612212452108637	0.0176996713310016	0.955400763202078	0.166949051189265	0.449932532283649	0.149286413871835	0.0104945489139723	0.164621249054635	0.138872959588211	0.0475528753117329	0.00501586525568978	0.075897389628396	0.964170083935184	0.0521672891301655	0.054142850159009	0.0995376384541121	0.0893065772964965	0.166949051189265	0.16399533318725	0.024381885425644	0.156354202595474	0.98842706328405	0.0666587133558077	0.166949051189265	0.112520683958498	0.862131203783685	0.140873448519379	0.330759267399344	0.101502293817116	0.952464438121044	0.940621821305242
"SRR5928230"	0.770764891948354	0.167720257535243	0.00202503780717556	0.019123789763251	0.255823790959301	0.0539145749730141	0.0448834989284543	0.182204987923822	0.148501301578485	0.330923218403292	0.384929840031693	0.990601541670141	0.991059574796666	0.0179100043004393	0.997262045627944	0.0386822570313402	0.0213072214028035	0.0448834989284543	0.41761100081619	0.0843718960524957	0.368273422164813	0.0752055081318926	0.0448834989284543	0.00333591440100161	0.181656985353811	0.435066770484426	0.796846088016682	0.0448834989284543	0.071301501263952	0.0282918580202199	0.49842275662227	0.997262045627944	0.104875349788353	0.0448834989284543	0.774848904884081	0.973703513864551	0.0448834989284543	0.27734384118923	0.369340301720944	0.025561811118568	0.474286872414917	0.250468642914844	0.0448834989284543	0.0448834989284543	0.114152260270826	0.312779927461218	0.0439669775720233	0.547816746479478	0.225994128870462	0.0878153653868723	0.983900246002384	0.982176193381984	0.00542863352862247	0.247530458041518	0.327406777568796	0.283704588706984	0.0363319249337531	0.270753354882644	0.044429206945279	0.0448834989284543	0.988903208515341	0.160206627032167	0.00262098572191125	0.0549266137469482	0.0819628445225263	0.240947929621744	0.0257300673715375	0.00230902608429843	0.983604546359239	0.0393469874299775	0.0306009625815964	0.245175964639741	0.119205682344199	0.00397338198497121	0.387617528246555	0.236862075846449	0.249497384298156	0.383511858908467	0.00596935170620764	0.0448834989284543	0.0478897355805977	0.270722577726776	0.183587296002984	0.234160952697569	0.0411837227245884	0.0333333276921522	0.147882989363289	0.109822779540451	0.457447491067803	0.212638721988004	0.604118942805172	0.0893651347217128	0.272680827455399	0.202575696819465	0.0368387716081337	0.0083451369717472	0.00911580061843175	0.0123956304066292	0.0446183706891226	0.28223106588536	0.890916836557587	0.671758104457909	0.0448834989284543	0.376954320503706	0.444039903949023	0.0448834989284543	0.355936978573662	0.997262045627944	0.0333060426527999	0.620668159018131	0.173263032891436	0.0287006112137054	0.226655285912107	0.0254793128811373	0.580999867521109	0.415393421903825	0.0362927680974043	0.251105771849424	0.914162252516624	0.0372152795801785	0.626684149013887	0.172386345811837	0.0441622977223374	0.043531802857295	0.0912360093023069	0.108337288389489	0.930701275609334	0.0448834989284543	0.0336954982972082	0.0448834989284543	0.720809945339546	0.0012340032337026	0.0448834989284543	0.527211497670477	0.127155608312837	0.236863518031711	0.0100885867450243	0.00171657559401953	0.0336366828368906	0.419480741358718	0.00336293472947247	0.562741815169826	0.0448834989284543	0.915843840046947	0.153451500950465	0.0145786889980302	0.043428041297215	0.193786065187459	0.0791133263274025	0.323534471908989	0.0252623845054133	0.0574465453918529	0.790368097638605	0.222862128530393	0.012613844469261	0.154513782150826	0.814927172885682	0.0448834989284543	0.0238941077681955	0.962287670838633	0.0448834989284543	0.0328575156021803	0.0243875974145408	0.186512279131986	0.0853332813292549	0.333821258981315	0.000186777141032482	0.00367279811208145	0.959349023720129	0.98553052839862	0.72832725599696	0.12293290243398	0	0.0137574720692037	0.0866871216572557	0.215315166017222	0.108660551061593	0.4831855767671	0.0294726254127562	0.63396008579004	0.915012680714784	0.82034538974033	0.159825966463393	0.471842901734101	0.0448834989284543	0.000483910354418903	0.0399456205355826	0.158876054040797	0.411685314077881	0.0150942463490046	0.0448834989284543	0.00698821937954456	0.0448834989284543	0.163283053425825	0.0448834989284543	0.997262045627944	0.0443784034056606	0.0285701088793412	0.0448834989284543	0.0426239092972711	0.246663430200966	0.997262045627944	0.686497370726664	0.14034504183117	0.970957116600324	0.0448834989284543	0.544507470671595	0.0268169079882615	0.11257510434129	0.282177254635309	0.257664003590738	0.169552513082578	0.117985538420799	0.0474523905829923	0.97795938500382	0.0711955205327169	0.175972917045518	0.219936529803937	0.210067943705801	0.0448834989284543	0.281583061887921	0.146900202949392	0.274322386648801	0.997262045627944	0.0567117654904581	0.0448834989284543	0.0105496204607905	0.895681918516887	0.0182379376750287	0.436962773514093	0.0216853895322176	0.96860961109266	0.95912718131036
"SRR5928367"	0.776766914824852	0.181084305788457	0.0117327420325147	0.00536764738971125	0.268690856917304	0.067624818274926	0.0311441343087357	0.195501032327032	0.161947244894063	0.343209459692369	0.396709212395009	0.991634391639693	0.992080810094427	0.0316601311850675	0.998125485544267	0.0524134658184825	0.00755183369753236	0.0311441343087357	0.429047491746722	0.09802223673397	0.380217065421164	0.0888763976442502	0.0311441343087357	0.0104220080290363	0.194955700791543	0.446308965444536	0.802321899928999	0.0311441343087357	0.0849804837204236	0.0420339253012293	0.50889458845123	0.998125485544267	0.118471874816447	0.0311441343087357	0.780769658133993	0.975161202496301	0.0311441343087357	0.290059236908438	0.38127363537931	0.011808249001468	0.485064218276372	0.263371606009892	0.0311441343087357	0.0311441343087357	0.12772087202769	0.32521971921397	0.0302267206982913	0.557617220872212	0.239051785593128	0.101457426067489	0.985102427397437	0.983421757829124	0.00832942427375588	0.260452804126858	0.339723437070154	0.296372882082701	0.0225850821579809	0.283516460557418	0.0306893973378381	0.0311441343087357	0.989979078675027	0.173603824141987	0.0111368644605479	0.0686352515834122	0.0956187958911808	0.253912896215412	0.0394743826313405	0.0160660176114584	0.984814173833617	0.0530774064953606	0.0168501698544416	0.25811368329439	0.132758155065397	0.00978459369780758	0.399369730271413	0.249852938223836	0.262406779219373	0.395305491623808	0.0197252985112519	0.0311441343087357	0.061608988516773	0.283485903592549	0.196876568545944	0.247168699302346	0.0274408898810542	0.0195843119408882	0.161331409500782	0.123404694498492	0.468429218305925	0.225774307476451	0.613078715779839	0.103003369017524	0.285430094915538	0.215766973114122	0.0505721107206387	0.00541292023694828	0.00464221962020374	0.00136206036786472	0.0308787457205262	0.29491036318839	0.894352866471961	0.679601842666427	0.0311441343087357	0.3888132336646	0.455179200712825	0.0311441343087357	0.367997721370481	0.998125485544267	0.0470432185388038	0.629365558436836	0.186601696146982	0.0149486967637663	0.239708965790901	0.0117257109032076	0.590314569404271	0.426854040318476	0.0225458954431813	0.264004502633549	0.917060085565525	0.0509481907443735	0.635284453419465	0.18572907677927	0.0304222291695862	0.0297911299626636	0.104869541807325	0.121923656422968	0.933207956718918	0.0311441343087357	0.0474322670424001	0.0311441343087357	0.727772088551498	0.0149912356691239	0.0311441343087357	0.537299564515604	0.140681358851813	0.249854371344242	0.0238429429070995	0.0154737035894895	0.0198878763127278	0.430896791933025	0.0103949901714449	0.572327252398137	0.0311441343087357	0.918702215417466	0.166877259926336	0.000821372043435278	0.0571533614892425	0.207023855763798	0.0927757207780402	0.3358842620689	0.0115086785558687	0.0711510706668188	0.79597620413861	0.235938471634225	0.0263670082711651	0.167935127463461	0.820028154075116	0.0311441343087357	0.0376399296225582	0.964028337323935	0.0311441343087357	0.0465951555212362	0.0381330228816786	0.1997870603147	0.0989813411121844	0.346082193704731	0.0139442154727964	0.0100851537722035	0.96116200755075	0.986691618136099	0.735148933713421	0.136473049674813	0.0137574720692037	0	0.100331928976193	0.228435501515824	0.122245954891876	0.493852005477298	0.0432135993953447	0.642441737772447	0.917890567693587	0.825332450198975	0.173224804308043	0.482650357800468	0.0311441343087357	0.0132736449197846	0.0536753186249019	0.172278969958525	0.423185997040026	0.00133703570578553	0.0311441343087357	0.0207438136482675	0.0311441343087357	0.176666853542938	0.0311441343087357	0.998125485544266	0.0306385443680944	0.0148181208340617	0.0311441343087357	0.0288823842882956	0.259591453685365	0.998125485544267	0.69408258102026	0.153822865534962	0.972483180436622	0.0311441343087357	0.554354859393695	0.0130639740636052	0.126148618202934	0.294856952735459	0.270518564257089	0.182908257379282	0.131541968197537	0.0611722609987328	0.979310746364952	0.0848747171969439	0.189298881767179	0.233030100290637	0.223218003844707	0.0311441343087357	0.294267180723796	0.160352539648837	0.287059793517081	0.998125485544267	0.0704175068869827	0.0311441343087357	0.0243037712551365	0.8990087248771	0.00448152436162445	0.448183397171495	0.0354329082728461	0.970193970021928	0.960945615724281
"SRR5928457"	0.730003619381826	0.0821578570751281	0.0886974987624553	0.105646005101916	0.172743730248695	0.0329174045315916	0.131090370167521	0.0969598570509444	0.0625726263321373	0.251016247156015	0.307917155855409	0.983430095132047	0.983968443109253	0.0688778071058813	0.991262814574712	0.0481569126214228	0.107806850760833	0.131090370167521	0.342601975391852	0.00233128031836356	0.290312939851209	0.0115525283362299	0.131090370167521	0.0899985307271929	0.0963992045587649	0.361206551194446	0.759561308053715	0.131090370167521	0.0154756859710375	0.058530425262527	0.42919643862942	0.991262814574712	0.0183452672032558	0.131090370167521	0.734623139573741	0.963599609859867	0.131090370167521	0.195072680586875	0.291439048518459	0.112015221900742	0.403208983654115	0.167199734904963	0.131090370167521	0.131090370167521	0.0277234490968492	0.232016155284994	0.130186897817015	0.482713790558531	0.141924986922048	0.00113638904316713	0.975558750228701	0.973535191260828	0.0920749568635019	0.164160037560847	0.247329228316091	0.201687892505425	0.122655311647558	0.188225948427186	0.130642563017479	0.131090370167521	0.981434346107319	0.0744936194294543	0.0892890056405431	0.031903539494844	0.00475609549867444	0.157355485066674	0.061085342924257	0.084394001195547	0.975211636974629	0.0474926617630105	0.116995860266859	0.161725271643637	0.0328380709787243	0.0906311103741379	0.310762412914064	0.15313556869974	0.166194755231482	0.306416563242953	0.0807571175497632	0.131090370167521	0.038949635653836	0.188193992289863	0.0983743001124744	0.150347393465634	0.127442443901639	0.119694789532952	0.0619435630222454	0.0233449221702397	0.385140770574372	0.128176242399675	0.544269614169597	0.00269769059105941	0.190227583916503	0.117836980010961	0.0499986898675051	0.0949675713240741	0.0957316926254257	0.0989826051075017	0.130829030546393	0.200154795049143	0.867298743205459	0.619011783832402	0.131090370167521	0.299481644024173	0.370791634696115	0.131090370167521	0.277306295396726	0.991262814574712	0.053526592370326	0.562476388925668	0.0878178464778822	0.115118055288309	0.142606409436944	0.111933647591258	0.518921400507542	0.340242380802432	0.122616661321794	0.167859072630074	0.894196758515285	0.0496225759464151	0.569107783902819	0.0869222741220345	0.130379448382998	0.129757871756811	0.00458301699409856	0.0218433221565813	0.91340184744236	0.131090370167521	0.053137768862647	0.131090370167521	0.673763252830665	0.0854617263434267	0.131090370167521	0.460333616315845	0.0408929045981952	0.153137057698762	0.076661662445876	0.084982453065965	0.119994358489468	0.344592142997046	0.0900253452063862	0.498973772542521	0.131090370167521	0.896146856136961	0.0676112169272714	0.101145452619887	0.0434129666620682	0.108820186852309	0.00762302047297941	0.243271597151484	0.111719143444227	0.0293783293297353	0.752207277156885	0.138698003916594	0.0741496197369938	0.0686930037253728	0.780131637440087	0.131090370167521	0.0629157183167176	0.950236279274935	0.131090370167521	0.0539743606926499	0.0624237836742945	0.101368349826857	0.00136333612991791	0.254056503423784	0.0865016632539725	0.090332839500277	0.946800686034843	0.977472818720855	0.682195236711954	0.0366131608663053	0.0866871216572557	0.100331928976193	0	0.130929067317816	0.022170059055945	0.412777941518444	0.057352465134577	0.577137187905164	0.895182907845213	0.786308458446932	0.0741055822040738	0.400583462807566	0.131090370167521	0.087167589065718	0.0468943986269922	0.0731373683851757	0.336298777247778	0.101656124493764	0.131090370167521	0.0797443881908019	0.131090370167521	0.0776305594305007	0.131090370167521	0.991262814574712	0.130592482620571	0.11498907995013	0.131090370167521	0.128862708191864	0.16326333876384	0.991262814574712	0.635414882369577	0.0542797117927965	0.960382219755085	0.131090370167521	0.479114145167143	0.113256127283023	0.0261280648274059	0.200098815350486	0.174649980205992	0.0840282850451334	0.0316027602785333	0.0393872853563505	0.968588437509238	0.0155821515195666	0.0905869281812818	0.135685199603005	0.125533250959792	0.131090370167521	0.199480711697422	0.0609438203611279	0.19193281298599	0.991262814574712	0.0301147561672542	0.131090370167521	0.0762031187203292	0.872803599022316	0.104769097192378	0.363230644702623	0.0651169903173005	0.957633370853399	0.946541401084724
"SRR5928392"	0.658319823567637	0.0492702389379003	0.217251011960744	0.23353352866436	0.0427245158469757	0.163184262048287	0.25785234043387	0.0343801627821552	0.0688878374777912	0.12392197259148	0.183971642948778	0.970114859577179	0.970800798241105	0.198124551525809	0.980105180703459	0.178029061955829	0.235604637801152	0.25785234043387	0.221007349316888	0.133222059661974	0.165299907779162	0.142278962977359	0.25785234043387	0.218503304657919	0.0349451534052682	0.241009505470763	0.693577850211838	0.25785234043387	0.146125968509635	0.188102219153105	0.314930744357794	0.980105180703459	0.112838996786181	0.25785234043387	0.663811611648057	0.944919751850892	0.25785234043387	0.0657241820125709	0.166491786905696	0.239635117878311	0.286522220475564	0.0370340255749845	0.25785234043387	0.25785234043387	0.103559557853407	0.104063608304098	0.256991405139463	0.374043623833542	0.0111917355480377	0.129810863966416	0.960097366923043	0.957525647922963	0.220501120867672	0.0339173768374673	0.120060900161368	0.0725630348907303	0.249807067222671	0.0586580078019712	0.25742564041746	0.25785234043387	0.967572870113357	0.0569585296690858	0.217820409063165	0.162194685319055	0.135605653117585	0.0269491983756593	0.19057923693666	0.213105899511607	0.959656120847474	0.177383171277034	0.244399894023849	0.0314226927281501	0.0984897091959864	0.219112043063616	0.186997347264888	0.0226337937917693	0.0360033404832202	0.182376770696822	0.209599471774993	0.25785234043387	0.169066894232886	0.0586250560821529	0.032954423932533	0.0197850376499245	0.254375006985653	0.246979442077833	0.0695163581097668	0.107894661255505	0.266883339764744	0.00279702216234908	0.443069358766942	0.128274036903222	0.0607225334295033	0.0132850784933532	0.179819381799731	0.223282540762556	0.224016961227755	0.227139985196882	0.257603324539721	0.0709770897818201	0.824528579040098	0.528406252866447	0.25785234043387	0.175014101251854	0.251352150756748	0.25785234043387	0.151558443052362	0.980105180703459	0.183246463012481	0.46370127155381	0.0435830580972965	0.242604151168437	0.0118863091708706	0.239557030982888	0.414509545473532	0.21847734481986	0.249770164997871	0.0377103695446785	0.857831958223778	0.179453841781359	0.471240713277108	0.0444834671891759	0.257174905915178	0.256582512274808	0.126417475336743	0.109380288702585	0.881762750682379	0.25785234043387	0.182868896618743	0.25785234043387	0.592007104208934	0.214134734271736	0.25785234043387	0.349222882445731	0.090492358870082	0.0226353156767345	0.205647192971117	0.213672951004508	0.247265655963234	0.223142441857995	0.2185291104343	0.39216829569067	0.25785234043387	0.860256096015483	0.0638500465285416	0.229216378239194	0.173413933065088	0.0224095113549766	0.138422003765971	0.115815902233512	0.239351689790562	0.159728898013101	0.684779093869439	0.00790408583844301	0.20322101396543	0.0627676083457895	0.718283034283187	0.25785234043387	0.192352851890374	0.928020016251968	0.25785234043387	0.183681223119304	0.191876250327743	0.0299348026891346	0.132270172569901	0.127108476438718	0.215136535322287	0.218825025394899	0.923685431697154	0.962531278304723	0.601885234495009	0.0947435467362943	0.215315166017222	0.228435501515824	0.130929067317816	0	0.109057074262369	0.29696034322239	0.186959653366316	0.480387358669432	0.859057662265158	0.725728549019684	0.0573473947230981	0.28366274827567	0.25785234043387	0.215777907281783	0.176801354370634	0.0583175103993661	0.2142523620678	0.22970647768536	0.25785234043387	0.208622515038317	0.25785234043387	0.0538135181092192	0.25785234043387	0.980105180703459	0.257377917648775	0.242480782106051	0.25785234043387	0.255729219558657	0.0329984330097065	0.980105180703459	0.547362818199525	0.0771657168132504	0.940845155006075	0.25785234043387	0.370041612486853	0.240822781851547	0.105139663794699	0.0709191920292678	0.0446829733197589	0.0473917123593872	0.0997147939231174	0.169493351481562	0.951245007336517	0.14623031570089	0.0407977493871029	0.00483704264678581	0.00548063303392868	0.25785234043387	0.0702799645178129	0.0705150362244426	0.0624821629526537	0.980105180703459	0.160448153356335	0.25785234043387	0.205204433721739	0.831324191882359	0.232692726616324	0.243191442961545	0.19448481014056	0.937366835676442	0.923358468376656
"SRR5928473"	0.718786929058329	0.0600908556168208	0.110662661098471	0.127534806516454	0.151118603741993	0.0550496365296445	0.152842178661631	0.0749414809431691	0.0404554097951792	0.230051639452368	0.287595678999476	0.981407263367463	0.981968161241348	0.0909171444813046	0.989569342493727	0.070256345335186	0.129685060398575	0.152842178661631	0.322740072980479	0.0245001470738466	0.269777795571085	0.0337144569206266	0.152842178661631	0.111958253566313	0.0743788191194626	0.34161228910632	0.7492714709422	0.152842178661631	0.0376335874213538	0.080602003864443	0.410706056935315	0.989569342493727	0.00382625713301208	0.152842178661631	0.723548786676542	0.960755099681349	0.152842178661631	0.173609577973817	0.270917177685458	0.133872247956833	0.384273318835979	0.145537640437617	0.152842178661631	0.152842178661631	0.00555660576936461	0.210867388792436	0.151944029719635	0.465231665589356	0.120110774904206	0.021034168983335	0.973207679388753	0.971100181421858	0.114025852848683	0.14247822424197	0.226327687922577	0.180276834321262	0.144455505918859	0.166710926750588	0.152397014288271	0.152842178661631	0.979328030272655	0.0524050523325993	0.111251703647903	0.0540376105659646	0.0269234815216928	0.135630941889391	0.0831493744790039	0.106376655570952	0.972846154658582	0.0695937255804073	0.138826867142181	0.140027944724751	0.0106753297383384	0.112588163076469	0.290476707108587	0.13138550651876	0.144526098237954	0.286076359415008	0.102753955071777	0.152842178661631	0.0610700407220399	0.16667873293016	0.0763610518966068	0.128580882064261	0.149215539373737	0.141511267694123	0.0398250000843302	0.00117543592867902	0.365912553408075	0.106290580229949	0.528099571376207	0.0194734650892663	0.168727535932899	0.0959028250761647	0.0720935039865545	0.116905872674079	0.117666608982224	0.120902849492373	0.152582382369747	0.178731510783899	0.860711606259418	0.604654926475011	0.152842178661631	0.279056138548796	0.351341027140194	0.152842178661631	0.256621746784573	0.989569342493727	0.0756121656115386	0.54672575822034	0.0657683527051622	0.136958992641694	0.120795945614775	0.133791091241723	0.502191270866505	0.32034758887142	0.144417070521647	0.146201306781492	0.888613729600811	0.0717183447068378	0.553513474134435	0.0648699206240114	0.15213544857881	0.151517519720655	0.0175887247682376	0.000326885951247907	0.908555293650629	0.152842178661631	0.0752243859598406	0.152842178661631	0.660888377075102	0.107440112532133	0.152842178661631	0.442414888540373	0.0187388416095713	0.131387004389836	0.0986738140331059	0.106962760982976	0.141809205425594	0.324758165353194	0.111984955197833	0.48182236683349	0.152842178661631	0.890637866145953	0.0455053828618836	0.123055692861954	0.0655236457387074	0.086847410433346	0.02978833933726	0.222230077604659	0.133577683866231	0.0515167948338141	0.741683264984539	0.116866307228768	0.096170819904948	0.0465897522018698	0.770509400574922	0.152842178661631	0.084974176228786	0.946847896450156	0.152842178661631	0.0760587240416213	0.0844837532523768	0.0793662332924475	0.0235327254590354	0.233122783341302	0.108475846849189	0.112291153281336	0.943273757485653	0.97520131238949	0.669560180436326	0.014454149011846	0.108660551061593	0.122245954891876	0.022170059055945	0.109057074262369	0	0.394002871620045	0.0794274319381632	0.561734700071609	0.889637298854271	0.776890307492518	0.0520159887576699	0.381604419413125	0.152842178661631	0.10913905794666	0.0689969157986582	0.0510452415615544	0.316349546723703	0.12356397434037	0.152842178661631	0.101745077413257	0.152842178661631	0.0555505212802617	0.152842178661631	0.989569342493727	0.152347228929588	0.136830694007944	0.152842178661631	0.150627581388314	0.14157578287579	0.989569342493727	0.621488347112293	0.0321460767701353	0.957406041721753	0.152842178661631	0.46156034337816	0.135106766907612	0.00396016571862888	0.178675086540297	0.153037864313766	0.0619669205815644	0.00943892809860067	0.0615067734150347	0.965948997088925	0.0377399347391247	0.0685464895006109	0.113837574401445	0.103634765014345	0.152842178661631	0.178052083217255	0.0388231517557788	0.170445654831865	0.989569342493727	0.0522519675566579	0.152842178661631	0.0982169415733038	0.866419361948537	0.126662141716408	0.343666391576611	0.087168560732277	0.954545063087946	0.943004037684807
"SRR5928208"	0.442882344753812	0.341525556394794	0.484763999752801	0.497976726160959	0.257309711256259	0.440065262661758	0.517501676779081	0.328185634857934	0.358934459904402	0.179249349271633	0.119116089138019	0.923717141022868	0.924901822544692	0.469097908125361	0.941033213165149	0.452466151451338	0.499649271308518	0.517501676779081	0.0809557403838848	0.414733440068453	0.138040626177346	0.422433729934136	0.517501676779081	0.48578421883646	0.328693814076207	0.0599937499565647	0.492039726443246	0.517501676779081	0.425693163110853	0.460825257608082	0.0197056420508473	0.941033213165149	0.397265218804528	0.517501676779081	0.450460844578213	0.880630757191082	0.517501676779081	0.235565189592441	0.136838802395358	0.502898921990567	0.011347200811948	0.262646048471908	0.517501676779081	0.517501676779081	0.389248667440884	0.198677724516816	0.516814683738114	0.0860868149675257	0.286665679611161	0.411823443076071	0.906486755408886	0.902084586096941	0.48741040857573	0.265561463396882	0.183044302319296	0.229044487453779	0.51106980588726	0.242276005848596	0.517161225247502	0.517501676779081	0.919332314788152	0.348370642971384	0.485227960251318	0.439235099499277	0.416763643628429	0.27206120497277	0.462873937145324	0.481382245547126	0.905730832460402	0.451928635172735	0.506731769395821	0.267891378450314	0.384851699100479	0.486279903292346	0.116029787499997	0.276073725047492	0.263610752997009	0.120740687986344	0.478515775268796	0.517501676779081	0.444991191119926	0.242307237271407	0.326902550789637	0.278717200509339	0.514725004124958	0.508802805222845	0.359489119733216	0.392998809819051	0.0325024499132043	0.299523114963102	0.166769607113417	0.410510667255932	0.240318094661679	0.309097232742403	0.453955106076937	0.48967159121029	0.490268093197148	0.492802064945861	0.517303003448121	0.230558918696882	0.685640799120045	0.271569855909171	0.517501676779081	0.128220838194355	0.049055879214604	0.517501676779081	0.151836328362228	0.941033213165149	0.456801350080058	0.191580474807852	0.336443401427636	0.505288373696894	0.286024648943898	0.502836028166489	0.132959379974176	0.083589359674329	0.51104024173147	0.262012696112804	0.737852254683381	0.453651212873909	0.200729271841371	0.337249084967677	0.516961136129599	0.516488294965491	0.408923317077718	0.394281943226923	0.776166688645742	0.517501676779081	0.456488029716414	0.517501676779081	0.35357453830294	0.482222301564539	0.517501676779081	0.0579180344132349	0.377891056272778	0.276072311696527	0.475278454246595	0.481845306357741	0.509032424883703	0.0787301144072276	0.485805235231992	0.106933720191615	0.517501676779081	0.741702692967876	0.354481766400373	0.494484515292813	0.448621332416994	0.317381161954894	0.419159086301637	0.187206833080371	0.502670627147021	0.437164619359173	0.47966008976639	0.28969650657181	0.473287811485113	0.353523435410426	0.527206786492099	0.517501676779081	0.46433919529613	0.85218972441906	0.517501676779081	0.457162054232413	0.463945590157823	0.324181713282126	0.41392194991222	0.176111013918285	0.483039846143578	0.486046209910453	0.844953325140654	0.91066100949677	0.366625677471043	0.381594932534643	0.4831855767671	0.493852005477298	0.412777941518444	0.29696034322239	0.394002871620045	0	0.459879361099535	0.211888162206861	0.739798272906303	0.537924777378124	0.348716090135587	0.0144431568546988	0.517501676779081	0.48356302683322	0.451444283303924	0.34957756741863	0.0879785378405594	0.494881363072805	0.517501676779081	0.477716176710306	0.517501676779081	0.345574061180213	0.517501676779081	0.941033213165149	0.517123143926579	0.5051891613516	0.517501676779081	0.51580695049246	0.266420094424998	0.941033213165149	0.295651534912834	0.366224267125977	0.873740136602785	0.517501676779081	0.0815154873012972	0.503855189491442	0.390616583269128	0.230614179782285	0.255469162616687	0.339848639578459	0.385915299398858	0.445347691355037	0.89136988161895	0.425781478993028	0.333948575476038	0.292518929487815	0.301978211301426	0.517501676779081	0.231224175524019	0.360370044638603	0.238647518306203	0.941033213165149	0.437768848250379	0.517501676779081	0.474915367591189	0.696191759422212	0.497297208886939	0.0576918901382827	0.466098671752782	0.867874726149464	0.844408433274004
"SRR5928403"	0.757494538905914	0.138894095313974	0.0314958932676254	0.0485706387753407	0.227969589679876	0.0244785736459902	0.0742636252748115	0.153508551241272	0.11952122556746	0.304244581331422	0.359295237306161	0.988297126551124	0.988781030308439	0.0115683707752808	0.995335074800223	0.0092195284235526	0.0507498388892591	0.0742636252748115	0.392689256070719	0.0550281124811863	0.342299044492794	0.0458285272296083	0.0742636252748115	0.03280550287457	0.152955425825096	0.410550899693622	0.784726163274838	0.0742636252748115	0.0419118054456412	0.00118169516488886	0.475527435576367	0.995335074800223	0.0756228146022428	0.0742636252748115	0.761756035371485	0.970453501515729	0.0742636252748115	0.249793752286414	0.34338721152133	0.0549954250283689	0.450746891744529	0.222542843610444	0.0742636252748115	0.0742636252748115	0.084948736244662	0.285787904776968	0.0733501073477591	0.526345797057706	0.197761767031045	0.0584852651132397	0.981218774320839	0.979398153491256	0.0348960019084823	0.219566065364694	0.300665936371815	0.256249417779184	0.0657382705478275	0.243107341945673	0.0738108278020081	0.0742636252748115	0.98650297852865	0.131317821182082	0.0320912769986923	0.0254928459047433	0.0526098818231759	0.212898848583897	0.00374523224300754	0.027165340006625	0.980906499126121	0.00988515569623278	0.0600226168350429	0.217180998200745	0.0900308831768215	0.0334423199046528	0.362039240008643	0.208761661043155	0.22155877332232	0.357847712281573	0.0235071677605726	0.0742636252748115	0.0184416186250549	0.243076122611495	0.154903856556131	0.206027120079167	0.0705756886933347	0.0627479097598428	0.118898306158002	0.0805957829056719	0.433477649553317	0.184253353676254	0.584444378356263	0.0600414088938413	0.245062613758593	0.174081693332931	0.00737368433504499	0.0378090064353241	0.0385786667792252	0.0418538586001028	0.0739993706285217	0.254753701949611	0.88328212281051	0.654486269050493	0.0742636252748115	0.351155043599217	0.419739490675432	0.0742636252748115	0.329721178368668	0.995335074800223	0.00383696361958838	0.601556745737644	0.144485117438959	0.0581269406648291	0.198430760393833	0.0549131108985612	0.560565334334116	0.390421368263737	0.0656992244700185	0.223188405795836	0.907717209874911	0.00775065867086082	0.607781417447424	0.143600684228715	0.0735447913278391	0.0729163424447738	0.0619201574533265	0.0791024797913383	0.925122382606722	0.0742636252748115	0.00422682528251404	0.0742636252748115	0.705448408776054	0.0282395892295919	0.0742636252748115	0.505129167996172	0.0980288936981691	0.2087631211811	0.0193894670534925	0.0277573720754433	0.0630504542641161	0.394601633748737	0.0328324960852478	0.541729101878486	0.0742636252748115	0.909486113582199	0.124509084026837	0.0440334998067322	0.0139722546881363	0.165201846710168	0.0497499245353741	0.296725946867082	0.0546966648349391	0.0280185867586246	0.777958670028356	0.194592980526161	0.0168646843159695	0.125579625986952	0.803628467378582	0.0742636252748115	0.00558221909717796	0.958408570590881	0.0742636252748115	0.00338797941757734	0.00508847174239578	0.157856696764896	0.0559932513691997	0.307194416740011	0.0292860000670082	0.0331420455931312	0.955309253615496	0.982940537398781	0.713270990690595	0.093780206174485	0.0294726254127562	0.0432135993953447	0.057352465134577	0.186959653366316	0.0794274319381632	0.459879361099535	0	0.61531256740467	0.908611775256538	0.809296552431423	0.13093407138203	0.448239519007842	0.0742636252748115	0.0299561334902052	0.0104846175347224	0.129976485510162	0.386629767609191	0.0445482115655836	0.0742636252748115	0.0224887672399832	0.0742636252748115	0.134419513047765	0.0742636252748115	0.995335074800223	0.0737601906848194	0.057996752058194	0.0742636252748115	0.0720113564491554	0.218687742418609	0.995335074800223	0.669784684029822	0.111305917140084	0.967555043277849	0.0742636252748115	0.522936670825744	0.0562476745048531	0.0833629081501677	0.254699082571464	0.229834780891348	0.140742108415538	0.0888036727028041	0.0180034728407221	0.974945906454724	0.0418054914023357	0.147219218708228	0.191633520509261	0.181654279169082	0.0742636252748115	0.25409597727063	0.117908240936483	0.246728014762309	0.995335074800223	0.0272820764241589	0.0742636252748115	0.018928546468062	0.888288441378668	0.0476864282146889	0.412492042426577	0.0077919249480598	0.965077922299441	0.955075303104693
"SRR5928223"	0.253382833405769	0.518110981945182	0.635217279538074	0.645712798614514	0.446287444832996	0.599333746637617	0.661130607739506	0.506885009812655	0.53267726506514	0.377632669280551	0.323320625578108	0.87264938625444	0.874355064789349	0.62270736855028	0.897679472032176	0.609347847529356	0.647037795667933	0.661130607739506	0.288189244499984	0.578735290610314	0.340549927782831	0.585017059785627	0.661130607739506	0.636029486940836	0.50731368636151	0.268666168970132	0.310646599516376	0.661130607739506	0.587670692566735	0.616072479904375	0.192941058631558	0.897679472032176	0.564418703763032	0.661130607739506	0.262130614137118	0.811279259129988	0.661130607739506	0.427368174977885	0.339459527757563	0.649609884544483	0.222731129134002	0.450906598709464	0.661130607739506	0.661130607739506	0.557817508353139	0.394912357482489	0.660589974340584	0.127999754473535	0.471582899672141	0.576356719467093	0.847952720424562	0.841676209429146	0.637323491148675	0.453426247457588	0.381018074868301	0.421664107967646	0.656063742798756	0.433223764595372	0.660862704103837	0.661130607739506	0.866344800023957	0.523849652032667	0.635586680862392	0.59866173719363	0.580393226843778	0.459033643705721	0.61771744390842	0.632522871343086	0.846873986038067	0.608914728912408	0.652639678812858	0.455437877327629	0.554188515750999	0.636423997883316	0.320498730910747	0.462488406419943	0.451740653326502	0.324804679940402	0.630236416045617	0.661130607739506	0.603317034600639	0.433250980919295	0.505802296154462	0.464761564360484	0.658944661958756	0.65427504332799	0.53313980507475	0.560907984667809	0.242816064206201	0.482573850933204	0.04667140747164	0.575282848181142	0.431516915535963	0.490723616722383	0.610547169143495	0.639121505518661	0.639595576975788	0.641608312217415	0.66097427434679	0.422990140916374	0.548827567227015	0.0631005186011458	0.661130607739506	0.331625617852101	0.258414912293286	0.661130607739506	0.353030249237509	0.897679472032176	0.61283794151813	0.0211147351881084	0.513840788234363	0.651499195590519	0.471033529878058	0.649560133033277	0.0810795457235193	0.290630724213084	0.656040425660355	0.450358855333885	0.61675551436492	0.610302442634324	0.011624416692065	0.51451829120445	0.6607052372178	0.660333073609399	0.573983676118217	0.561964425016225	0.66766845223986	0.661130607739506	0.612585885404169	0.661130607739506	0.152439665598324	0.633192494480774	0.661130607739506	0.155770076862739	0.548431515786217	0.462487190453756	0.627651277443905	0.632892010428083	0.654456283734623	0.286124023033406	0.636046215151118	0.107242375902613	0.661130607739506	0.62183075821632	0.528960625781381	0.64294366028327	0.606247901904939	0.497751509365654	0.582347836345004	0.384725706594994	0.649429288845712	0.596984810445669	0.296108464583288	0.474178550325859	0.626060149529401	0.528159905414945	0.352383154402524	0.661130607739506	0.618893201449241	0.771465763317418	0.661130607739506	0.613128080600457	0.618577425252034	0.503504630492114	0.578072251918247	0.374829278700989	0.633843976792186	0.636238012217907	0.761422533650705	0.853916719705213	0.166949018122693	0.551496762878086	0.63396008579004	0.642441737772447	0.577137187905164	0.480387358669432	0.561734700071609	0.211888162206861	0.61531256740467	0	0.619319408122086	0.365233800164635	0.524138873850263	0.225681010437917	0.661130607739506	0.634260785642226	0.60852437599712	0.524859973826237	0.294694080695169	0.643258516430832	0.661130607739506	0.629598186087128	0.661130607739506	0.521506871783636	0.661130607739506	0.897679472032176	0.660832735600849	0.651420782130947	0.661130607739506	0.659796689345974	0.454167789188301	0.897679472032176	0.089013866785745	0.538748743528736	0.80158311896673	0.661130607739506	0.132527986658744	0.650366190333279	0.558945298983937	0.423038512924978	0.444692088323336	0.516702877755105	0.55506688937486	0.603605034854146	0.82645547202775	0.587742549737576	0.511741582547883	0.476593053224895	0.484666499463627	0.661130607739506	0.423572396316483	0.533874226640014	0.430059550117685	0.897679472032176	0.597474320181679	0.661130607739506	0.627361147055785	0.562422040005521	0.645174252463946	0.266512480891555	0.620304215616663	0.793355007014703	0.760667702819733
"SRR5928448"	0.429380469884403	0.873515554460391	0.915440567159733	0.918994936840136	0.845554250172258	0.903044853467553	0.924159323729438	0.86926442039118	0.8789683210722	0.817032217526966	0.793107459801232	0.515814498165462	0.520341304243076	0.91116231726621	0.584139436139942	0.906542657524634	0.919441409255914	0.924159323729438	0.776940851727256	0.895754033928784	0.800833991188363	0.897991305705735	0.924159323729438	0.915716758971152	0.86942754355745	0.767709259064189	0.376958653089108	0.924159323729438	0.898932737706211	0.908874622852998	0.730114542631495	0.584139436139942	0.890609056851069	0.924159323729438	0.421639801171393	0.364310125035833	0.924159323729438	0.837876882681334	0.800348839643874	0.920306674588045	0.745254833088553	0.847408313104853	0.924159323729438	0.924159323729438	0.888214939089091	0.824385722727464	0.92397936600584	0.69541262380392	0.855611472551221	0.894903696364956	0.452266670432964	0.436689240978961	0.916156392179769	0.848416334682012	0.818482453878775	0.835535517434824	0.922469523950397	0.840267509405431	0.924070158328395	0.924159323729438	0.499240321823204	0.875672248546022	0.915566206056114	0.902809044527307	0.896345702643802	0.850651267304461	0.909443016002443	0.914522962675686	0.449573369085851	0.906391998184688	0.92132350293698	0.849219435761308	0.88689284412759	0.915850843899577	0.791829505980355	0.852022496661072	0.847742248198548	0.793778125913304	0.913742636292852	0.924159323729438	0.904439787213396	0.840278590422326	0.868852137784217	0.852922364414476	0.923431195423209	0.921871266383796	0.879140311502361	0.889337520347346	0.755202595053057	0.859909205660656	0.64834556596091	0.894519209362105	0.839572011230423	0.863068309545314	0.906959545997884	0.916766458610692	0.916927155872142	0.917608698087331	0.92410729429349	0.83608093275266	0.103670797073796	0.577467515443171	0.924159323729438	0.796848099397415	0.76278875577793	0.924159323729438	0.806350417882285	0.584139436139942	0.907754632728691	0.632644532462401	0.871903532820575	0.92094105129805	0.855395521292877	0.9202899557511	0.668778786827038	0.778082674774753	0.922461730988107	0.847188870083548	0.00400391166152536	0.906874513114428	0.62669569048179	0.872159706086252	0.924017739808111	0.923893824131774	0.894053573797808	0.889720561663602	0.0791753183926768	0.924159323729438	0.907667225123753	0.924159323729438	0.51243138858574	0.914751205393003	0.924159323729438	0.71054679214929	0.884786787183484	0.852022014797622	0.912858539840544	0.914648800757555	0.921931926103	0.775972820537724	0.915722445407392	0.683799066695991	0.924159323729438	0.00394006693349888	0.877583755518858	0.918060224808233	0.905463109471958	0.865773853205726	0.89704214838821	0.820065359460201	0.920245982619828	0.902220010993807	0.390668307657337	0.85663032853079	0.912313416205777	0.877284861133732	0.335974913769376	0.924159323729438	0.909848790712843	0.276564360841934	0.924159323729438	0.907855223249565	0.909739850929593	0.867975884795773	0.89551717539379	0.815827747526554	0.914973139860058	0.915787637381975	0.255587326458665	0.467278933941668	0.501160409075218	0.885909464315805	0.915012680714784	0.917890567693587	0.895182907845213	0.859057662265158	0.889637298854271	0.739798272906303	0.908611775256538	0.619319408122086	0	0.322845676407721	0.875780650608807	0.746728765238674	0.924159323729438	0.915115065712866	0.906256166672893	0.876050801264183	0.779976860418911	0.918166613906586	0.924159323729438	0.91352454807639	0.924159323729438	0.874793127102612	0.924159323729438	0.584139436139942	0.924060182768998	0.920914742446368	0.924159323729438	0.923715161179764	0.848712553032459	0.584139436139942	0.559339307263811	0.881220314862217	0.342235901808128	0.924159323729438	0.697911450360292	0.920560742126156	0.888624950136653	0.836100816024486	0.844912053936239	0.872984669134714	0.887213236226081	0.904540458104598	0.399827560939324	0.898958200373077	0.871108804208583	0.857575912845177	0.860722615457413	0.924159323729438	0.836320208572906	0.879413252748484	0.838977295341761	0.584139436139942	0.902392043382896	0.924159323729438	0.91275919579571	0.0846647873112102	0.918813324464309	0.766679734546687	0.910335217209271	0.323868148156964	0.254028572179548
"SRR5928246"	0.122527692277193	0.749756158533574	0.821086104566341	0.827249414768619	0.703543929713004	0.79973547138664	0.836237516682085	0.742661394519286	0.758892971898338	0.657481795122141	0.619655799200684	0.724983283894067	0.728030468025238	0.813692009357891	0.770218224341959	0.805737666642172	0.828024908911734	0.836237516682085	0.594503569372527	0.787280884677803	0.631792246926607	0.791094642264973	0.836237516682085	0.821564362402381	0.742933172711392	0.580285576088032	0.0611162497811308	0.836237516682085	0.792701584824708	0.809749093545285	0.523443550294634	0.770218224341959	0.778537505230098	0.836237516682085	0.113318331402663	0.61864438233514	0.836237516682085	0.69103982419207	0.63102797841763	0.829528651727076	0.546133171863962	0.706575421616319	0.836237516682085	0.836237516682085	0.774481711912551	0.669255488477316	0.835923658251524	0.472437537375255	0.72004344506564	0.78583322860692	0.681428346358846	0.670525051176446	0.822325867379613	0.708225523027647	0.659798220922126	0.687242017425937	0.83329227142562	0.694925026844042	0.836082000228744	0.836237516682085	0.713764372571768	0.753365043135162	0.821303648945791	0.799331458673494	0.788288777213372	0.711888905878085	0.810728030016545	0.819497965674777	0.679549687587145	0.805478773696984	0.831297199932373	0.709541151311855	0.772245459940248	0.821796585982246	0.61765568983857	0.714139877321519	0.707121912555863	0.620706269752865	0.818148385260518	0.836237516682085	0.802127052785476	0.694943053167458	0.74197465706335	0.715618451639574	0.834967905906032	0.83225054293763	0.759181836512131	0.776382431150802	0.561188710640014	0.72713580634206	0.405398523916768	0.785178996680602	0.693793933955912	0.732365158010239	0.806454218255329	0.823383053523256	0.823661616801353	0.82484346671504	0.836146768922544	0.688126059668887	0.22630676924232	0.308834998411257	0.836237516682085	0.625522013267776	0.572749729969639	0.836237516682085	0.640503381550238	0.770218224341959	0.807821515761306	0.383563380082211	0.747062901390761	0.83063183167564	0.719687730938424	0.829499585689436	0.434206411892637	0.596269406042917	0.833278698382423	0.70621638042977	0.319230307892009	0.806308042624003	0.375357692237305	0.747490658380694	0.835990580750207	0.835774484185801	0.784386965884187	0.777031391523878	0.392572548607168	0.836237516682085	0.807671157690523	0.836237516682085	0.224566667592336	0.819892880831459	0.836237516682085	0.49451346048725	0.768688256829662	0.714139085863258	0.816620404489342	0.819715686632749	0.832356143958618	0.593007759489356	0.821574210288887	0.455670948289464	0.836237516682085	0.326394814692286	0.756569040875351	0.825626825044029	0.803883294484322	0.736854554983414	0.789475793454685	0.662329661225296	0.829423139465699	0.798322613054436	0.0769624531162106	0.72172255267915	0.815678835638251	0.756067710186411	0.0146226644085643	0.836237516682085	0.81142717684512	0.55292500927475	0.836237516682085	0.807994564667903	0.811239450992052	0.740515862652547	0.7868775418481	0.655559990235168	0.820276953984604	0.821687114453895	0.536731915120213	0.691850502205816	0.210362321343934	0.770583721623668	0.82034538974033	0.825332450198975	0.786308458446932	0.725728549019684	0.776890307492518	0.537924777378124	0.809296552431423	0.365233800164635	0.322845676407721	0	0.753546606963504	0.548356475520823	0.836237516682085	0.820522604258418	0.805245388942263	0.75399915628758	0.599202320026689	0.825811444002878	0.836237516682085	0.817771358519491	0.836237516682085	0.751893194928857	0.836237516682085	0.770218224341959	0.836064602240485	0.830586068885696	0.836237516682085	0.835462953686756	0.70871068276984	0.770218224341959	0.284942442777627	0.762678549556181	0.602410293296386	0.836237516682085	0.476064757864764	0.829970403789437	0.77517572367927	0.688158295107733	0.70249497672815	0.748868794300447	0.772787159852411	0.802299758911543	0.644357303430884	0.79274506496094	0.74573644367939	0.723282164936291	0.728480965660322	0.836237516682085	0.688514016485029	0.759640336569874	0.69282725310996	0.770218224341959	0.798617203762949	0.836237516682085	0.81644877956749	0.244472821597934	0.826934049210891	0.578706407662616	0.812265600381827	0.588750878093219	0.535520992104526
"SRR5928263"	0.691100480294294	0.00809870192382119	0.161801696062668	0.178436233084631	0.0998415766245908	0.10677773455121	0.203336043118539	0.0230099481728384	0.0115835304099373	0.180064481919556	0.238945375639383	0.976319458204118	0.976936870422049	0.14229949456509	0.985307438442512	0.121853044126766	0.18055424257066	0.203336043118539	0.275072108712612	0.0764244307426967	0.22067760182887	0.0855891179913201	0.203336043118539	0.163080012022707	0.0224445927447471	0.294524028598317	0.723817483750674	0.203336043118539	0.0894846397281059	0.132096522110902	0.366053291211766	0.985307438442512	0.0558317830844561	0.203336043118539	0.696204386060092	0.953611230822403	0.203336043118539	0.122636351791086	0.221844785575642	0.184677368814465	0.338630549911917	0.094193060075607	0.203336043118539	0.203336043118539	0.0464720301701443	0.160509083351099	0.202453407033607	0.422850611219151	0.068497735734871	0.0729749795497785	0.967297775807617	0.964980207012136	0.165119706050592	0.0910979315766658	0.176265578453379	0.129403403295154	0.195091223673714	0.115639132397238	0.202898577272237	0.203336043118539	0.974031038836082	0.000390064732362999	0.162382903831557	0.105773658526362	0.0788355152128439	0.0841741050474787	0.134617146991914	0.157571693648277	0.96690017937875	0.121196616318282	0.189554015785799	0.0886197236983436	0.0413622851266729	0.163701463505124	0.241902185567225	0.079883558327433	0.0931696068579732	0.237386433091152	0.15399495121883	0.203336043118539	0.112748794474362	0.115606489766015	0.0244364539683649	0.0770501172651856	0.199771570445697	0.192195189460128	0.0122148137972636	0.0508434798562051	0.319624658408233	0.0545586125869327	0.488724316689428	0.0714213355572242	0.117684061810141	0.0440939471967273	0.123672813142289	0.167960171279479	0.168710326508491	0.171900933121077	0.203080741959397	0.12783455250061	0.844286609465031	0.56950435844592	0.203336043118539	0.230186183448256	0.304565899790828	0.203336043118539	0.207210093311713	0.985307438442512	0.127157257977117	0.508321087898514	0.0137968053784478	0.187715812632154	0.0691892964983571	0.184597469712029	0.461526925361381	0.272608743127705	0.195053422895823	0.0948645966520957	0.874664605087448	0.123301231450551	0.515471638719655	0.0128949007284203	0.202641526163253	0.202034236736065	0.0695448045940944	0.0523420367178186	0.896428911173533	0.203336043118539	0.126773307908983	0.203336043118539	0.629239847910297	0.158621419729712	0.203336043118539	0.399045485833921	0.033307716070262	0.0798850717979715	0.149965058955734	0.158150244985158	0.192488286980538	0.277150446671599	0.163106355895573	0.440194183060779	0.203336043118539	0.876871729100506	0.00652514861812401	0.174022862609896	0.117163638314381	0.0349802110201455	0.0816851539741871	0.172087114486181	0.184387366307443	0.103272213328103	0.715664097126713	0.0652236433282641	0.147492096982285	0.00543864661270758	0.746670726255505	0.203336043118539	0.136422404460281	0.938346612429758	0.203336043118539	0.127599388343228	0.135937265667024	0.0274569731711106	0.0754617397901827	0.183198493393513	0.15964367655367	0.163408446521678	0.93442714046041	0.969490592270524	0.638481979471187	0.0375884494146966	0.159825966463393	0.173224804308043	0.0741055822040738	0.0573473947230981	0.0520159887576699	0.348716090135587	0.13093407138203	0.524138873850263	0.875780650608807	0.753546606963504	0	0.335865712048579	0.203336043118539	0.160298203438898	0.120605347165733	0.00097318019021245	0.268493560766282	0.174523780488258	0.203336043118539	0.152998647487929	0.203336043118539	0.00354417516025986	0.203336043118539	0.985307438442512	0.20284965170806	0.187589539771316	0.203336043118539	0.201159557145737	0.0901851344804581	0.985307438442512	0.587350520844341	0.0199012448991382	0.94993329306401	0.203336043118539	0.419016584563744	0.185892679732324	0.0480651456198006	0.127777273742103	0.101784787302492	0.00998122440408884	0.0425967527441164	0.113181811057121	0.959317677626357	0.0895903256095015	0.0165861839483444	0.0621681999292789	0.0518821155559153	0.203336043118539	0.127144856598283	0.013217970219443	0.119426630461959	0.985307438442512	0.104001800450888	0.203336043118539	0.149513713295078	0.850493783921963	0.177576527957635	0.296643434661767	0.138592860801698	0.946792366839391	0.934131418735314
"SRR5928475"	0.454587562918996	0.328608629494852	0.473441995042666	0.486830460319334	0.243719387519437	0.42818461806352	0.506623977745115	0.315149022036071	0.346181106992008	0.165208917681187	0.104842767090344	0.926521389380888	0.92767661335363	0.457573807455286	0.943403233441793	0.440734942740572	0.488525596956959	0.506623977745115	0.0665858909036354	0.402560766460652	0.12382993045611	0.410347947980305	0.506623977745115	0.474475611229469	0.315661670767564	0.0455877870534184	0.503116323153954	0.506623977745115	0.413644655415856	0.449197183078703	0.0341396500355605	0.943403233441793	0.384901509445071	0.506623977745115	0.462073354042428	0.884481368500134	0.506623977745115	0.221832680580392	0.122623838359002	0.491819363475622	0.00309643386718142	0.249092603733377	0.506623977745115	0.506623977745115	0.37680011124517	0.184733697003161	0.505927355395584	0.100412416617857	0.273287925834166	0.399618359485495	0.909715287231598	0.905420269693678	0.476123215122509	0.252028497475093	0.169021888529523	0.215271870970343	0.500102466983293	0.228585992647299	0.506278752601183	0.506623977745115	0.922245273633538	0.335517035141224	0.473912044502786	0.427344603170998	0.40461372003825	0.258574736521011	0.451271434513981	0.470016039467677	0.908977800084436	0.440190860858987	0.495704620718801	0.254374946584219	0.372357359660194	0.474977815234334	0.101747180412904	0.26261654103641	0.250064058790341	0.106472358057118	0.467112351230366	0.506623977745115	0.433169396153728	0.228617424732267	0.313854684720617	0.265279551229775	0.50380846615164	0.49780414533944	0.346741115846724	0.380589723900678	0.0180672790096763	0.2862459283407	0.180802711296487	0.398291039329966	0.226615555342947	0.295897888005808	0.442242126301076	0.4784142956126	0.479018708326094	0.481586395302109	0.506422518341668	0.216795513096485	0.693616494268427	0.284960604652139	0.506623977745115	0.113976424156291	0.0346358288750001	0.506623977745115	0.137677458071032	0.943403233441793	0.445123387144983	0.205488259162331	0.32348029888348	0.494241440348564	0.272642000267385	0.491755613050787	0.147136490558048	0.0692248949141459	0.500072493449466	0.248454833393518	0.744821645482611	0.441934507613965	0.21458665317794	0.324293255234965	0.506075859452676	0.505596396354566	0.396686166440137	0.381886451529879	0.782351844859799	0.506623977745115	0.444806201062168	0.506623977745115	0.366256594265808	0.470867045864171	0.506623977745115	0.072304241050328	0.365325331356196	0.262615117292481	0.463833271142735	0.470485133992286	0.498036930940544	0.064355861927113	0.474496903907288	0.121200623715814	0.506623977745115	0.748595021575822	0.341685780243669	0.48329132955579	0.436843336490149	0.304251206254807	0.407036152141941	0.173204636037085	0.491587959828048	0.42524963532207	0.49090106939898	0.276342049241783	0.461817094833201	0.340718345052656	0.537794140148168	0.506623977745115	0.452755053562482	0.856704348676474	0.506623977745115	0.445488545001591	0.452356510380861	0.311110134308717	0.401740214814082	0.162055980064362	0.471695266172017	0.474741047323146	0.849633507553742	0.913787467958468	0.379178301784961	0.369067026451252	0.471842901734101	0.482650357800468	0.400583462807566	0.28366274827567	0.381604419413125	0.0144431568546988	0.448239519007842	0.225681010437917	0.746728765238674	0.548356475520823	0.335865712048579	0	0.506623977745115	0.472225288431054	0.439700599630007	0.336735258015923	0.0736234677813085	0.483693492173379	0.506623977745115	0.46630241141194	0.506623977745115	0.332694428014239	0.506623977745115	0.943403233441793	0.506240137526432	0.494140870220904	0.506623977745115	0.504905520870618	0.252893204344835	0.943403233441793	0.308852897589019	0.353541893135684	0.877753572403976	0.506623977745115	0.0958523863461652	0.492788668667255	0.378182379376462	0.216851111474459	0.241866300507201	0.32691639775577	0.373431985677375	0.433530181539624	0.894964244990606	0.413733985352127	0.320963065934636	0.279186394004264	0.288720745108747	0.506623977745115	0.217464835967212	0.347630553661331	0.22493437438264	0.943403233441793	0.425860998205428	0.506623977745115	0.46346551906018	0.703969906756274	0.486141786812692	0.0432826916531125	0.454536656341584	0.872025778994982	0.849101026308483
"SRR5928167"	0.789918004018251	0.211107412683941	0.0428621292896069	0.0257805448813232	0.29749098567285	0.0985734744819501	0	0.225353219453453	0.192178715481573	0.370623462897448	0.422933222968152	0.99387729845637	0.994298453627036	0.0627460108210006	1	0.0834293689073278	0.0235975263877474	0	0.454473602144294	0.128796151422031	0.406825216843403	0.11970853991261	0	0.0415534427287181	0.224814571131965	0.471285003128532	0.814307209533871	0	0.115835952775654	0.0730879693622319	0.53209815559818	1	0.149098021863205	0	0.793740508590241	0.978328847759373	0	0.318494300745317	0.407857638748481	0.0193425831031976	0.508968625610609	0.292258550331894	0	0	0.158272219562691	0.352997340942746	0.000918227514612389	0.579288883634392	0.268315006107857	0.132208214846732	0.987713759216728	0.9861275139052	0.0394639192461285	0.289386697902839	0.367209340042813	0.324695087160471	0.00856472455289591	0.312066076339471	0.000455146581871004	0	0.992315567839666	0.203710894636597	0.0422671949807137	0.09957896325717	0.126408483099887	0.28295021396529	0.0705368655766861	0.0471879203051778	0.987441711262309	0.0840906559565809	0.0143010309413297	0.287084850056646	0.163266679397202	0.0409169877283617	0.42553032856801	0.27895322831771	0.291309296933554	0.421562797826278	0.0508400251051903	0	0.0925858518296457	0.312036048631359	0.226711821938746	0.276310104656458	0.00370622680179141	0.0115664650107119	0.191569234109308	0.15399156536643	0.492803953859615	0.255228639622088	0.632845377741935	0.133743526792714	0.313946459594652	0.245358655038622	0.0815952387702846	0.0365512527045784	0.0357814829533202	0.0325048963705549	0.000265629117110613	0.323258913919097	0.901844742209181	0.696858257494267	0	0.415223082267023	0.47991742455449	0	0.394880548827371	1	0.0780796401834517	0.648540306477995	0.216560805809361	0.0162025401616356	0.268962464241624	0.0194251027592709	0.61088385682674	0.452336138707827	0.00860392734456794	0.292881202340411	0.923372507542861	0.0819698592337277	0.65424044439537	0.215698424956381	0.000722549739770702	0.0013541873812969	0.135596681575583	0.152522467827146	0.938664650533188	0	0.0784672587498591	0	0.743058159802185	0.0461150972356706	0	0.559626178932729	0.171119552612329	0.278954639376268	0.054948657965531	0.0465966941822048	0.0112628265192701	0.456275487845523	0.0415264660166822	0.59351034730028	0	0.924928259748207	0.197057074337501	0.0303234926490061	0.0881497569069348	0.236730823395616	0.123583632233277	0.363448548832759	0.0196420847064335	0.102082212896504	0.808254328422367	0.265247412473984	0.0574667092234119	0.198103674744165	0.8311847969096	0	0.0687082254771207	0.967812664100625	0	0.0776332130656639	0.0691997755633537	0.229586124485665	0.129748868021474	0.373436426963098	0.0450699203129468	0.0412170984129501	0.965104027563601	0.98921352543248	0.750121982948833	0.166949051189265	0.0448834989284543	0.0311441343087357	0.131090370167521	0.25785234043387	0.152842178661631	0.517501676779081	0.0742636252748115	0.661130607739506	0.924159323729438	0.836237516682085	0.203336043118539	0.506623977745115	0	0.0444004965934228	0.0846861563586812	0.202400574535605	0.448761115614145	0.0298082673261764	0	0.0518564035089643	0	0.206739933810011	0	1	0.000506044602855559	0.0163331107879758	0	0.00226366726524606	0.288539109202013	1	0.710760126486081	0.184136398785737	0.975799778871248	0	0.57613324008585	0.01808708933079	0.156713030827943	0.323206463284583	0.299288489139826	0.212910402138759	0.16206096623668	0.0921510899434204	0.982246828852107	0.115730807222786	0.219226067632672	0.262381249193152	0.252707968331322	0	0.322627279005327	0.190600418876943	0.315547675724785	1	0.101352352190172	0	0.0554084160905273	0.906261043504963	0.0266661143774895	0.473109550115581	0.0665079371450311	0.97363758950137	0.964899522713396
"SRR5928445"	0.770978042292164	0.168191314736741	0.00154112887473402	0.0186400418295523	0.256277828745971	0.0543971490306796	0.0444004965934228	0.18267373277055	0.148975131837857	0.331357166253772	0.385346164936244	0.990638321095537	0.991095940833117	0.018393764552712	0.997292794946619	0.039165477089029	0.0208235132112618	0.0444004965934228	0.418015371319988	0.0848525444120933	0.3686954655612	0.0756868249607923	0.0444004965934228	0.00285200838155458	0.182125821163174	0.435464357323756	0.797040613724882	0.0444004965934228	0.0717830795496249	0.0287753974348767	0.498793390654118	0.997292794946619	0.105354225763035	0.0444004965934228	0.775059179715323	0.973755410826937	0.0444004965934228	0.277792647280516	0.369761986409952	0.0250781928486066	0.474668205334334	0.250923917028199	0.0444004965934228	0.0444004965934228	0.114630208457566	0.313219199495919	0.043483938333767	0.548163831577762	0.226454720804687	0.0882957428451859	0.983943051722086	0.982220542886088	0.00494473540498402	0.247986399385758	0.327841780750873	0.28415176767584	0.0358486080254529	0.271203807988842	0.0439461862227484	0.0444004965934228	0.9889415190721	0.160678808422191	0.00213707791963885	0.0554091373940629	0.0824436759813767	0.241405337243536	0.0262136704070022	0.00279293350032337	0.983647617052196	0.039830183708482	0.030117472154559	0.245632434988618	0.119683092144955	0.00348947794799578	0.388032906735538	0.237320373749706	0.249952879844281	0.383928680475444	0.00645324450865619	0.0444004965934228	0.0483725904249665	0.271173038431612	0.184055810185713	0.234619830808056	0.0407005761122968	0.0328499162607358	0.148356903249963	0.110301170478709	0.457835974316323	0.213101985652362	0.604436475999436	0.0898453867325955	0.273130802964553	0.203040866233134	0.0373220555055283	0.00786125650871239	0.00863192611681633	0.0119117873291361	0.0441353576001546	0.282678625071357	0.891039041931796	0.672036318622409	0.0444004965934228	0.377373415098377	0.444433895656643	0.0444004965934228	0.356363094440231	0.997292794946619	0.0337894402348442	0.620976456967842	0.173733227817073	0.0282170698569766	0.227115741361615	0.0249956927107281	0.581329884731809	0.415798634336798	0.0358094499019819	0.251560900239937	0.914265346042567	0.0376985506907912	0.626989027955217	0.172856678984961	0.0436792662843513	0.0430487463650034	0.0917161069580684	0.108815827305279	0.930790471694683	0.0444004965934228	0.0341788839041628	0.0444004965934228	0.721057039727382	0.00171791262220862	0.0444004965934228	0.527568676557428	0.127632124043099	0.237321815623408	0.0105724485005365	0.00220048422735556	0.0331532805954152	0.419884398514046	0.00287902878654088	0.563081347558978	0.0444004965934228	0.915945531934845	0.153924649133552	0.0140948722704166	0.0439110827612781	0.19425282371148	0.0795943675363422	0.323970624191858	0.0247787593673903	0.057928939463909	0.790567307092161	0.223323361601847	0.0130976795466595	0.154986781055162	0.815108423420468	0.0444004965934228	0.0243777527200749	0.962349633715053	0.0444004965934228	0.0333409268044109	0.0248712314015081	0.186980299487447	0.0858138551428162	0.334254328624272	0.000670687438373946	0.00318889309417595	0.959413558552447	0.985571871811141	0.728569387633178	0.123409900231403	0.000483910354418903	0.0132736449197846	0.087167589065718	0.215777907281783	0.10913905794666	0.48356302683322	0.0299561334902052	0.634260785642226	0.915115065712866	0.820522604258418	0.160298203438898	0.472225288431054	0.0444004965934228	0	0.0404287950548028	0.159348429150297	0.412091924330254	0.0146104364781918	0.0444004965934228	0.00747210594200792	0.0444004965934228	0.163754780739696	0.0444004965934228	0.997292794946619	0.0438953806385458	0.0280865641458943	0.0444004965934228	0.0421408173639615	0.247119566935365	0.997292794946619	0.68676646413087	0.140819947224509	0.971011446031442	0.0444004965934228	0.544856202928242	0.0263333193959496	0.113053215792404	0.282624827668937	0.258117610502126	0.170023288341603	0.118463080345086	0.0479352645221167	0.97800749900458	0.0716771057224483	0.176442680213788	0.220398353688692	0.210531703001138	0.0444004965934228	0.282030787654018	0.147374249042023	0.274771952737207	0.997292794946619	0.0571941979425595	0.0444004965934228	0.0110334777793209	0.895800246224253	0.0177541748562035	0.437359606820347	0.0221690808405475	0.968666014255024	0.959191909984032
"SRR5928373"	0.752638179635055	0.128585791061578	0.0419674618723658	0.0590269533115264	0.217975533047611	0.0139973386271432	0.0846861563586812	0.143241007905681	0.109165414708726	0.294644936960176	0.350052250925966	0.987446570299531	0.987940007819437	0.022050470063046	0.994623647565045	0.00126520426479664	0.0612037929559866	0.0846861563586812	0.383692080812892	0.0445677059707187	0.332939496250187	0.035359907311509	0.0846861563586812	0.0432761050856058	0.142686262664941	0.401694344353129	0.780286324274199	0.0846861563586812	0.031440196490772	0.0116661766045795	0.467236230756131	0.994623647565045	0.0651868625667087	0.0846861563586812	0.756963869093584	0.969254718101324	0.0846861563586812	0.239900725535195	0.334034953405841	0.0654445115116488	0.442230112096612	0.212525135027026	0.0846861563586812	0.0846861563586812	0.0745266182186293	0.276082203058542	0.083774062620959	0.51855565852349	0.187643489293222	0.0480283777558524	0.980229306088544	0.97837312042552	0.0453649913939612	0.209535631348606	0.29104519786743	0.246388091259795	0.0761734535778891	0.233182355749809	0.0842340668592493	0.0846861563586812	0.985617115926056	0.120990052591688	0.0425624104484348	0.0150120063993747	0.0421471541920281	0.202840551691857	0.0142293236741244	0.0376398633519441	0.979910925981348	0.000599520343856214	0.0704654802235365	0.20714049531808	0.079617028561456	0.0439124399689238	0.352815612657857	0.198686518525655	0.211536838451565	0.348594574098318	0.0339838988412823	0.0846861563586812	0.00795844998159629	0.233150989279939	0.144640426322626	0.195941029814547	0.0810038685482626	0.0731871913560737	0.108541091172247	0.0701669935487858	0.424810934837954	0.174085390882402	0.577290540397309	0.0495861827282539	0.235146881312833	0.163878709032601	0.0031111596719867	0.048275604946377	0.0490446056104724	0.0523168596318948	0.0844223153795742	0.244884957007414	0.880475092902136	0.648189692532612	0.0846861563586812	0.341855511779524	0.410957757987017	0.0846861563586812	0.320279079118175	0.994623647565045	0.00664790572967221	0.594603245488229	0.134191906855429	0.0685722091838368	0.188315037430053	0.0653622951327688	0.553141770573181	0.381406794515575	0.0761344621516777	0.213173480162118	0.905345436855925	0.00273416806887353	0.600902250219799	0.133305044742722	0.0839684444639393	0.0833409682083838	0.0514670006763062	0.0686714881849885	0.923068028852861	0.0846861563586812	0.00625805338524934	0.0846861563586812	0.699837626131654	0.038713414113786	0.0846861563586812	0.49712354199443	0.0876290790460694	0.198687984548947	0.029868367358761	0.0382315133059286	0.0734893292069291	0.385619209460526	0.0433030780215196	0.534100849334363	0.0846861563586812	0.907146319624225	0.114164793575936	0.0544944285135182	0.00348811828732047	0.154969967269041	0.0392846010346476	0.287082279335032	0.0651461054691891	0.0175388204875237	0.773413920246559	0.184462722467051	0.0273447492409066	0.115237872411875	0.79948655823758	0.0846861563586812	0.0160659512684495	0.956978382364173	0.0846861563586812	0.00709687548188992	0.0155723070216801	0.147602098281682	0.0455338035253641	0.297612351835434	0.0397591227038281	0.0436123939975626	0.953819998690766	0.98198476485666	0.707770109342708	0.0833727755593428	0.0399456205355826	0.0536753186249019	0.0468943986269922	0.176801354370634	0.0689969157986582	0.451444283303924	0.0104846175347224	0.60852437599712	0.906256166672893	0.805245388942263	0.120605347165733	0.439700599630007	0.0846861563586812	0.0404287950548028	0	0.119645389411236	0.377586335374346	0.0550086372311057	0.0846861563586812	0.032966065955166	0.0846861563586812	0.124099575521254	0.0846861563586812	0.994623647565045	0.0841835086648485	0.0684421831544908	0.0846861563586812	0.0824373691578011	0.208653587301366	0.994623647565045	0.663688482187311	0.100932205922458	0.96630030594579	0.0846861563586812	0.515111298834048	0.0666952574282521	0.0729383162633759	0.244830067571334	0.219848988676202	0.130438724541406	0.0783877758619446	0.00752019188143811	0.973834185003402	0.0313338055414642	0.136933614815628	0.181492253595872	0.171477172320542	0.0846861563586812	0.244223984245334	0.107548810057	0.236820224144941	0.994623647565045	0.0168019841777993	0.0846861563586812	0.0294076687695509	0.885569601960394	0.0581436738125358	0.403651153215017	0.0182751367147549	0.963775500129228	0.95358159747736
"SRR5928404"	0.69163566714149	0.00907181479179893	0.160852364283697	0.177492073798893	0.100805534398123	0.105814907606039	0.202400574535605	0.0239826226999667	0.0106104628419764	0.181007796301656	0.239866036844721	0.976419109753379	0.977035417849605	0.141344744655872	0.985390947982909	0.120893362506892	0.17961077828988	0.202400574535605	0.275975727812974	0.0754565347373501	0.221605970605249	0.0846225745245178	0.202400574535605	0.162131059739039	0.0234172913229345	0.295417481708688	0.724310264334901	0.202400574535605	0.0885187177982426	0.131139215428065	0.366903403445323	0.985390947982909	0.0548614096032854	0.202400574535605	0.696733086353424	0.953751007550041	0.202400574535605	0.123595642970445	0.222772680169776	0.183735281090389	0.339498385379834	0.0951580270493604	0.202400574535605	0.202400574535605	0.0455007875592618	0.1614585165001	0.201517610951957	0.423659636836326	0.0694665557802481	0.0720066143486514	0.967413481410349	0.965100012704306	0.16417136549772	0.0920634267542442	0.177210136312327	0.130361125861528	0.194152751533635	0.116599957320034	0.201962946190737	0.202400574535605	0.974134776701417	0.00136324443531703	0.161433744225056	0.104810636888422	0.0778679601147828	0.0851407182719467	0.133660454204504	0.156621127462998	0.96701658908043	0.12023678906502	0.188613596427334	0.0895856291452557	0.040390635791778	0.162752696794864	0.242821541761371	0.0808508203022699	0.0941347504330296	0.238307775901494	0.153043366859979	0.202400574535605	0.111787163507416	0.116567321633653	0.0254090652063447	0.0780177891770657	0.19883478804322	0.191255691886044	0.0112417594329588	0.0498726231859784	0.320503969505097	0.0555290166955015	0.489478293967597	0.0704527661528433	0.118644447774814	0.045065306553415	0.12271353938213	0.167012695326886	0.167763081362561	0.170954681183005	0.202145178501113	0.128792646199217	0.8446063685067	0.570179990004265	0.202400574535605	0.231110616617286	0.305453833631519	0.202400574535605	0.208143752930018	0.985390947982909	0.12619878211727	0.509057156048497	0.0147697988438391	0.186774759279455	0.0701580286839869	0.183655355016482	0.462304593206618	0.273513600205821	0.194114937272108	0.09582944670656	0.87493654469388	0.122341873915573	0.516200997101478	0.0138679170566626	0.201705799762695	0.201098285623188	0.06857599444717	0.0513713204117348	0.896665553166874	0.202400574535605	0.125814743037508	0.202400574535605	0.62984986460189	0.157671156816826	0.202400574535605	0.399872450723952	0.0323355227812431	0.0808523335499115	0.14901235552816	0.157199845697061	0.191548892487605	0.278053012649115	0.162157411464152	0.440989485566411	0.202400574535605	0.877140128624074	0.00555200162415385	0.173077281544288	0.11620293365045	0.0359522388261486	0.0807180155310668	0.173033009532559	0.183445180743331	0.102308714691333	0.716167628912933	0.0661928674374059	0.146538721574799	0.00446548867653012	0.747132724134557	0.202400574535605	0.135466158499862	0.938512831818924	0.202400574535605	0.126641015317812	0.134980899040759	0.0284294380915557	0.0744937106451016	0.184140762034798	0.158693710918846	0.162459592224553	0.934600080768474	0.969602409448607	0.639081261214313	0.0366165304145313	0.158876054040797	0.172278969958525	0.0731373683851757	0.0583175103993661	0.0510452415615544	0.34957756741863	0.129976485510162	0.524859973826237	0.876050801264183	0.75399915628758	0.00097318019021245	0.336735258015923	0.202400574535605	0.159348429150297	0.119645389411236	0	0.269400461163563	0.173578358998078	0.202400574535605	0.1520467836929	0.202400574535605	0.0045173406799034	0.202400574535605	0.985390947982909	0.201914002474767	0.186648443094668	0.202400574535605	0.200223283567918	0.0911507820813518	0.985390947982909	0.588007233648008	0.0189284098870858	0.950079479973815	0.202400574535605	0.419828569542853	0.184951003702812	0.0470940396033715	0.128735380905433	0.102748384375302	0.0109543044058742	0.0416251972858937	0.112220269363381	0.959447459794155	0.088624420929576	0.017559097269884	0.063137783400094	0.0528527830818168	0.202400574535605	0.128103112026639	0.0122449383391862	0.120386636326565	0.985390947982909	0.103038439753681	0.202400574535605	0.148560886386551	0.850803909112694	0.176632088914619	0.29753573826555	0.137637159970226	0.946944008413693	0.934304864993247
"SRR5928271"	0.512074050677205	0.260929087841953	0.413385855549387	0.427639008506332	0.173019103233331	0.365407419148527	0.448761115614145	0.246919966294047	0.279259308043199	0.0926464964304949	0.0314478599867083	0.939783994605331	0.940798703786219	0.396528212279997	0.954597254702905	0.378681203680622	0.429445577839116	0.448761115614145	0.00707021210187209	0.338380264439224	0.0506411743864295	0.346583461526943	0.448761115614145	0.414485252865657	0.247453055279305	0.028124561170562	0.557302689983055	0.448761115614145	0.35005903652629	0.387644703392883	0.107508684163214	0.954597254702905	0.319811309457019	0.448761115614145	0.519070016516518	0.90275329548902	0.448761115614145	0.150523957498964	0.0494204715964839	0.432957122566137	0.0767034371473105	0.178552311494729	0.448761115614145	0.448761115614145	0.311308196923472	0.112551579912395	0.448016714369721	0.172832829069613	0.203520127134798	0.335283036052675	0.925004800002715	0.921222586369698	0.416238049976205	0.181577396360253	0.0965294523387681	0.143794260199385	0.441795232212425	0.15745760908764	0.448392203369659	0.448761115614145	0.936026671755472	0.268129936648108	0.413885799577686	0.364519831705248	0.340542008738898	0.188327021819521	0.389843479387909	0.409743030680793	0.924355515849489	0.378105264338367	0.437101401131127	0.183996030757433	0.306649310304122	0.415019476812605	0.0283234875928156	0.192497517486031	0.179553140201421	0.0330931472016081	0.406656933715645	0.448761115614145	0.370676692721064	0.157489895953454	0.245574193702618	0.19524661906927	0.445752955826416	0.439341858640169	0.279844217396195	0.315284499457496	0.0556258580669515	0.216926981593464	0.251276768940995	0.33388630122196	0.155433872027018	0.226929255280899	0.380276870943676	0.418676095526619	0.419319412805559	0.422052997226541	0.448545831155158	0.145356569706429	0.732041239431678	0.351637792021795	0.448761115614145	0.0406743278719545	0.0390814746869371	0.448761115614145	0.0646712185843504	0.954597254702905	0.383328242324244	0.275191653410273	0.255588229911385	0.435540402483051	0.202852469750574	0.432889141316897	0.218530982532369	0.00441978259794077	0.441763231358869	0.177895331630816	0.778261430158084	0.37995116464664	0.28398566230762	0.256434617548186	0.448175397552723	0.447663082111123	0.332197851503399	0.316645601320394	0.811940297441497	0.448761115614145	0.382992267869212	0.448761115614145	0.428988185076398	0.410647740376944	0.448761115614145	0.145199925493687	0.299281199677397	0.192496047990963	0.403173406244253	0.410241714065482	0.439590311829158	0.00930913657380435	0.414507902359007	0.193200840014287	0.448761115614145	0.781655117105586	0.274565784302596	0.42386864298615	0.374562719202185	0.235596791409759	0.343093625427264	0.100791361621147	0.432710364684869	0.362306683633731	0.545945830635886	0.206677830416679	0.401032335588469	0.273556087080835	0.589442576178898	0.448761115614145	0.391416565725308	0.878174295277859	0.448761115614145	0.383715049017773	0.390993956215345	0.242721395017186	0.337516406921683	0.0894372564025113	0.411528332013827	0.414767608063172	0.871903259232352	0.928588826364765	0.441204510365126	0.303200804199291	0.411685314077881	0.423185997040026	0.336298777247778	0.2142523620678	0.316349546723703	0.0879785378405594	0.386629767609191	0.294694080695169	0.779976860418911	0.599202320026689	0.268493560766282	0.0736234677813085	0.448761115614145	0.412091924330254	0.377586335374346	0.269400461163563	0	0.424296985138964	0.448761115614145	0.40579634275696	0.448761115614145	0.265186991353537	0.448761115614145	0.954597254702905	0.448350939917948	0.435433120964803	0.448761115614145	0.446924930577212	0.182468611563996	0.954597254702905	0.374459068307558	0.286951103223706	0.89680827152521	0.448761115614145	0.168357172524384	0.433990832754703	0.312758311972401	0.145413585410736	0.171111811223724	0.259166297426801	0.307775945600103	0.371058214860428	0.912006093974769	0.350153235944233	0.252968099323456	0.209619866672891	0.21949031879015	0.448761115614145	0.146042984755069	0.280773299242331	0.15370765961613	0.954597254702905	0.362952465953797	0.448761115614145	0.402782827230072	0.741411953396958	0.42690518938817	0.0304320860407839	0.393306046728187	0.89174277986102	0.871430773539167
"SRR5928376"	0.777343794869311	0.182379764207818	0.0130695846926643	0.00403063892075519	0.269936583680278	0.0689559834583483	0.0298082673261764	0.196789634075792	0.163250997169094	0.344397690180803	0.397847552772695	0.991733357401512	0.992178662331861	0.0329958517546515	0.998208211027865	0.053746955061358	0.00621485707742739	0.0298082673261764	0.43015218627775	0.0993470127889482	0.381371552496416	0.0902033406412099	0.0298082673261764	0.0117588894524205	0.196244571419095	0.447394624432412	0.802848010687468	0.0298082673261764	0.0863082858408365	0.0433686660492829	0.50990494927799	0.998208211027865	0.119791044071328	0.0298082673261764	0.78133869433665	0.975300908594246	0.0298082673261764	0.29128990465856	0.382427108517349	0.0104713689594881	0.48610441052584	0.264620902897976	0.0298082673261764	0.0298082673261764	0.129037159775996	0.326423108771706	0.0288907843755763	0.558562147986613	0.240316498660926	0.10278133382767	0.985217629000938	0.983541119590758	0.00966635861721577	0.261704029788266	0.340914668628972	0.297598880605366	0.021248650611835	0.284751861207665	0.0293534957203473	0.0298082673261764	0.990082169005182	0.174902634247236	0.0124737252792287	0.069966241758159	0.0969441617916933	0.255168365713622	0.0408093903082617	0.0174027013327073	0.984930089454024	0.0544108064551398	0.015513463236411	0.259366439202004	0.134072782904532	0.0111214924086472	0.400505401804614	0.251110988159482	0.263656716045627	0.396445232944038	0.0210618111974201	0.0298082673261764	0.0629411424518277	0.284721326094435	0.198164488754919	0.248428432524006	0.0261047559883028	0.0182477261348521	0.16263541336971	0.124722353734365	0.469489388770371	0.227046809179872	0.613941900059656	0.104326876327134	0.28666412242496	0.21704505206952	0.0519058417724065	0.00674990994586324	0.00597922038228649	0.00269909144544475	0.02954285846144	0.296137452232184	0.894682561076021	0.680356788625761	0.0298082673261764	0.389959389953583	0.456254786493715	0.0298082673261764	0.36916373080203	0.998208211027865	0.0483773891554887	0.630203270299764	0.187894592237149	0.0136119172238768	0.240973281835043	0.0103888285547174	0.591212239968553	0.427961100101193	0.0212094617364577	0.26525337847018	0.917338048317174	0.0522818731024819	0.636112743131576	0.187022383221265	0.0290863074461325	0.0284551614590716	0.106192557703027	0.123241775462413	0.933448344044353	0.0298082673261764	0.0487663907360843	0.0298082673261764	0.728441720133569	0.0163279632206863	0.0298082673261764	0.538272503001799	0.141993246588232	0.251112420376337	0.0251792228233766	0.0168104118254367	0.018551305081101	0.431999482922185	0.0117318723483472	0.573251251903524	0.0298082673261764	0.918976386884641	0.168178963689934	0.000515664195569199	0.0584861890201337	0.208306601186681	0.0941017656462902	0.337078763363413	0.0101717902243081	0.0724816139321721	0.796515074691233	0.23720505079011	0.0277031243995564	0.169236383694248	0.820518126956104	0.0298082673261764	0.0389751184643026	0.964195190957984	0.0298082673261764	0.0479293797065312	0.0394681638596279	0.201073522763654	0.100305877727967	0.347267928127829	0.0152809829259112	0.0114220444589411	0.961335800409586	0.986802879501226	0.735804985687822	0.137786412453099	0.0150942463490046	0.00133703570578553	0.101656124493764	0.22970647768536	0.12356397434037	0.494881363072805	0.0445482115655836	0.643258516430832	0.918166613906586	0.825811444002878	0.174523780488258	0.483693492173379	0.0298082673261764	0.0146104364781918	0.0550086372311057	0.173578358998078	0.424296985138964	0	0.0298082673261764	0.0220802727313805	0.0298082673261764	0.177964308257678	0.0298082673261764	0.998208211027865	0.029302638909771	0.0134813366206173	0.0298082673261764	0.0275463501858989	0.260843244440668	0.998208211027865	0.694812492668012	0.155129860199782	0.972629445302581	0.0298082673261764	0.55530435413429	0.0117271312283051	0.127465410971545	0.296084081502719	0.271763047888441	0.184202877212994	0.132857002647805	0.0625044831667892	0.979440254241826	0.0862025421082396	0.190590497385012	0.234298400665942	0.224491954176877	0.0298082673261764	0.2954947476508	0.16165694146207	0.28829264436375	0.998208211027865	0.0717481821078725	0.0298082673261764	0.0256400224648936	0.899327917895175	0.00314450639679101	0.449266943999629	0.0367683038456015	0.970345827151022	0.96111993161893
"SRR5928429"	0.789918004018251	0.211107412683941	0.0428621292896069	0.0257805448813232	0.29749098567285	0.0985734744819501	0	0.225353219453453	0.192178715481573	0.370623462897448	0.422933222968152	0.99387729845637	0.994298453627036	0.0627460108210006	1	0.0834293689073278	0.0235975263877474	0	0.454473602144294	0.128796151422031	0.406825216843403	0.11970853991261	0	0.0415534427287181	0.224814571131965	0.471285003128532	0.814307209533871	0	0.115835952775654	0.0730879693622319	0.53209815559818	1	0.149098021863205	0	0.793740508590241	0.978328847759373	0	0.318494300745317	0.407857638748481	0.0193425831031976	0.508968625610609	0.292258550331894	0	0	0.158272219562691	0.352997340942746	0.000918227514612389	0.579288883634392	0.268315006107857	0.132208214846732	0.987713759216728	0.9861275139052	0.0394639192461285	0.289386697902839	0.367209340042813	0.324695087160471	0.00856472455289591	0.312066076339471	0.000455146581871004	0	0.992315567839666	0.203710894636597	0.0422671949807137	0.09957896325717	0.126408483099887	0.28295021396529	0.0705368655766861	0.0471879203051778	0.987441711262309	0.0840906559565809	0.0143010309413297	0.287084850056646	0.163266679397202	0.0409169877283617	0.42553032856801	0.27895322831771	0.291309296933554	0.421562797826278	0.0508400251051903	0	0.0925858518296457	0.312036048631359	0.226711821938746	0.276310104656458	0.00370622680179141	0.0115664650107119	0.191569234109308	0.15399156536643	0.492803953859615	0.255228639622088	0.632845377741935	0.133743526792714	0.313946459594652	0.245358655038622	0.0815952387702846	0.0365512527045784	0.0357814829533202	0.0325048963705549	0.000265629117110613	0.323258913919097	0.901844742209181	0.696858257494267	0	0.415223082267023	0.47991742455449	0	0.394880548827371	1	0.0780796401834517	0.648540306477995	0.216560805809361	0.0162025401616356	0.268962464241624	0.0194251027592709	0.61088385682674	0.452336138707827	0.00860392734456794	0.292881202340411	0.923372507542861	0.0819698592337277	0.65424044439537	0.215698424956381	0.000722549739770702	0.0013541873812969	0.135596681575583	0.152522467827146	0.938664650533188	0	0.0784672587498591	0	0.743058159802185	0.0461150972356706	0	0.559626178932729	0.171119552612329	0.278954639376268	0.054948657965531	0.0465966941822048	0.0112628265192701	0.456275487845523	0.0415264660166822	0.59351034730028	0	0.924928259748207	0.197057074337501	0.0303234926490061	0.0881497569069348	0.236730823395616	0.123583632233277	0.363448548832759	0.0196420847064335	0.102082212896504	0.808254328422367	0.265247412473984	0.0574667092234119	0.198103674744165	0.8311847969096	0	0.0687082254771207	0.967812664100625	0	0.0776332130656639	0.0691997755633537	0.229586124485665	0.129748868021474	0.373436426963098	0.0450699203129468	0.0412170984129501	0.965104027563601	0.98921352543248	0.750121982948833	0.166949051189265	0.0448834989284543	0.0311441343087357	0.131090370167521	0.25785234043387	0.152842178661631	0.517501676779081	0.0742636252748115	0.661130607739506	0.924159323729438	0.836237516682085	0.203336043118539	0.506623977745115	0	0.0444004965934228	0.0846861563586812	0.202400574535605	0.448761115614145	0.0298082673261764	0	0.0518564035089643	0	0.206739933810011	0	1	0.000506044602855559	0.0163331107879758	0	0.00226366726524606	0.288539109202013	1	0.710760126486081	0.184136398785737	0.975799778871248	0	0.57613324008585	0.01808708933079	0.156713030827943	0.323206463284583	0.299288489139826	0.212910402138759	0.16206096623668	0.0921510899434204	0.982246828852107	0.115730807222786	0.219226067632672	0.262381249193152	0.252707968331322	0	0.322627279005327	0.190600418876943	0.315547675724785	1	0.101352352190172	0	0.0554084160905273	0.906261043504963	0.0266661143774895	0.473109550115581	0.0665079371450311	0.97363758950137	0.964899522713396
"SRR5928474"	0.767669979885666	0.160909616386116	0.0090131370899531	0.0261087237915475	0.249255144320297	0.0469430088553794	0.0518564035089643	0.175427087840363	0.14165149416063	0.324641892550548	0.378901308262024	0.990066678647144	0.990530721747836	0.0109230721702917	0.996814854058064	0.0317021066967215	0.0282914743084361	0.0518564035089643	0.411754223177299	0.0774266610407694	0.362162802398922	0.0682510626568801	0.0518564035089643	0.0103239071694389	0.174877796146338	0.429307536240494	0.794021082128763	0.0518564035089643	0.0643434692595155	0.0213076052398385	0.493051546073244	0.996814854058064	0.0979547264126777	0.0518564035089643	0.771795656700322	0.972948895051025	0.0518564035089643	0.27084989767591	0.363234829622637	0.0325445566570276	0.468761555240239	0.24388235865322	0.0518564035089643	0.0518564035089643	0.107244593967142	0.306422348083235	0.0509404598635646	0.542785052034541	0.219332062570262	0.0808738765664594	0.983277775411858	0.981531281316056	0.0124164093927181	0.240934657751493	0.321110332051714	0.277233898572414	0.0433097905866256	0.264235882810121	0.0514023992601455	0.0518564035089643	0.988346085785799	0.153380093377713	0.00960903938454366	0.0479557262405421	0.075015081596772	0.234331224567795	0.0187450215692245	0.00467926438853853	0.982978223901584	0.0323671479366774	0.0375816148044204	0.238572621143482	0.112305551702531	0.0109613147849818	0.381602586900888	0.230232683132743	0.242907941746855	0.377476195647399	0.00101890769399385	0.0518564035089643	0.040914408813361	0.264204997125437	0.17681266528778	0.227523293467869	0.0481588916901413	0.0403127052283007	0.14103200283868	0.102908925005826	0.451819238069701	0.205938641845242	0.599513832197848	0.082425382917238	0.266170177155707	0.195848531146546	0.0298577896689561	0.0153325144347251	0.0161030541133049	0.0193822689187969	0.0515914435232763	0.275754941255361	0.889140923968492	0.667721300547096	0.0518564035089643	0.370886023955002	0.438332385611817	0.0518564035089643	0.349767931576621	0.996814854058064	0.0263235921384537	0.616196462445555	0.166464593314327	0.0356820920866328	0.219995162722645	0.0324620899116342	0.576214485377119	0.409524541823439	0.043270654254963	0.244521566147387	0.91266383067228	0.0302344638486171	0.622261855434052	0.165585949335779	0.0511356578237331	0.0505055555856399	0.0842983965971729	0.101421367566622	0.929404695606513	0.0518564035089643	0.0267132016216736	0.0518564035089643	0.717223437214487	0.00575426286857073	0.0518564035089643	0.52203422660258	0.120268014390022	0.230234129757432	0.00310057318877343	0.0052717033292636	0.0406159127982937	0.4136342185325	0.0103509250645492	0.557819093732747	0.0518564035089643	0.914365772847593	0.146611315352908	0.0215648397280868	0.0364502377219604	0.187036336116083	0.0721626720396653	0.317221566087987	0.0322452439167795	0.050477406222361	0.787475204402289	0.216190935938128	0.00562609204630643	0.147675703484795	0.812294619603097	0.0518564035089643	0.0169085467823898	0.961386759255627	0.0518564035089643	0.025874890389872	0.0174021705443822	0.179744649642769	0.0783890764927929	0.327552516966905	0.00680145059738023	0.0106607598551081	0.958410736601425	0.98492931539344	0.724812594158051	0.11603854566227	0.00698821937954456	0.0207438136482675	0.0797443881908019	0.208622515038317	0.101745077413257	0.477716176710306	0.0224887672399832	0.629598186087128	0.91352454807639	0.817771358519491	0.152998647487929	0.46630241141194	0.0518564035089643	0.00747210594200792	0.032966065955166	0.1520467836929	0.40579634275696	0.0220802727313805	0.0518564035089643	0	0.0518564035089643	0.156462936787185	0.0518564035089643	0.996814854058064	0.0513516277292132	0.0355516449151392	0.0518564035089643	0.0495982182146993	0.240064843644224	0.996814854058064	0.682592499703389	0.133480086309759	0.970167143314016	0.0518564035089643	0.539452015464531	0.0337991633784985	0.105665155146154	0.275700932087983	0.251101505404508	0.162745860480649	0.111083557455519	0.0404768094426951	0.97725975207352	0.0642373939662349	0.169180590510944	0.213256929470124	0.203360816831208	0.0518564035089643	0.275104556452222	0.140047352657936	0.267817584964945	0.996814854058064	0.0497421078881561	0.0518564035089643	0.00356164831631513	0.893962298980022	0.0252231301626667	0.431214377669252	0.014699267571331	0.967789498488608	0.958186077364119
"SRR5928192"	0.789918004018251	0.211107412683941	0.0428621292896069	0.0257805448813232	0.29749098567285	0.0985734744819501	0	0.225353219453453	0.192178715481573	0.370623462897448	0.422933222968152	0.99387729845637	0.994298453627036	0.0627460108210006	1	0.0834293689073278	0.0235975263877474	0	0.454473602144294	0.128796151422031	0.406825216843403	0.11970853991261	0	0.0415534427287181	0.224814571131965	0.471285003128532	0.814307209533871	0	0.115835952775654	0.0730879693622319	0.53209815559818	1	0.149098021863205	0	0.793740508590241	0.978328847759373	0	0.318494300745317	0.407857638748481	0.0193425831031976	0.508968625610609	0.292258550331894	0	0	0.158272219562691	0.352997340942746	0.000918227514612389	0.579288883634392	0.268315006107857	0.132208214846732	0.987713759216728	0.9861275139052	0.0394639192461285	0.289386697902839	0.367209340042813	0.324695087160471	0.00856472455289591	0.312066076339471	0.000455146581871004	0	0.992315567839666	0.203710894636597	0.0422671949807137	0.09957896325717	0.126408483099887	0.28295021396529	0.0705368655766861	0.0471879203051778	0.987441711262309	0.0840906559565809	0.0143010309413297	0.287084850056646	0.163266679397202	0.0409169877283617	0.42553032856801	0.27895322831771	0.291309296933554	0.421562797826278	0.0508400251051903	0	0.0925858518296457	0.312036048631359	0.226711821938746	0.276310104656458	0.00370622680179141	0.0115664650107119	0.191569234109308	0.15399156536643	0.492803953859615	0.255228639622088	0.632845377741935	0.133743526792714	0.313946459594652	0.245358655038622	0.0815952387702846	0.0365512527045784	0.0357814829533202	0.0325048963705549	0.000265629117110613	0.323258913919097	0.901844742209181	0.696858257494267	0	0.415223082267023	0.47991742455449	0	0.394880548827371	1	0.0780796401834517	0.648540306477995	0.216560805809361	0.0162025401616356	0.268962464241624	0.0194251027592709	0.61088385682674	0.452336138707827	0.00860392734456794	0.292881202340411	0.923372507542861	0.0819698592337277	0.65424044439537	0.215698424956381	0.000722549739770702	0.0013541873812969	0.135596681575583	0.152522467827146	0.938664650533188	0	0.0784672587498591	0	0.743058159802185	0.0461150972356706	0	0.559626178932729	0.171119552612329	0.278954639376268	0.054948657965531	0.0465966941822048	0.0112628265192701	0.456275487845523	0.0415264660166822	0.59351034730028	0	0.924928259748207	0.197057074337501	0.0303234926490061	0.0881497569069348	0.236730823395616	0.123583632233277	0.363448548832759	0.0196420847064335	0.102082212896504	0.808254328422367	0.265247412473984	0.0574667092234119	0.198103674744165	0.8311847969096	0	0.0687082254771207	0.967812664100625	0	0.0776332130656639	0.0691997755633537	0.229586124485665	0.129748868021474	0.373436426963098	0.0450699203129468	0.0412170984129501	0.965104027563601	0.98921352543248	0.750121982948833	0.166949051189265	0.0448834989284543	0.0311441343087357	0.131090370167521	0.25785234043387	0.152842178661631	0.517501676779081	0.0742636252748115	0.661130607739506	0.924159323729438	0.836237516682085	0.203336043118539	0.506623977745115	0	0.0444004965934228	0.0846861563586812	0.202400574535605	0.448761115614145	0.0298082673261764	0	0.0518564035089643	0	0.206739933810011	0	1	0.000506044602855559	0.0163331107879758	0	0.00226366726524606	0.288539109202013	1	0.710760126486081	0.184136398785737	0.975799778871248	0	0.57613324008585	0.01808708933079	0.156713030827943	0.323206463284583	0.299288489139826	0.212910402138759	0.16206096623668	0.0921510899434204	0.982246828852107	0.115730807222786	0.219226067632672	0.262381249193152	0.252707968331322	0	0.322627279005327	0.190600418876943	0.315547675724785	1	0.101352352190172	0	0.0554084160905273	0.906261043504963	0.0266661143774895	0.473109550115581	0.0665079371450311	0.97363758950137	0.964899522713396
"SRR5928275"	0.689145668052999	0.00455464985880203	0.165256640822611	0.181872110352796	0.0963294967742027	0.110282612783555	0.206739933810011	0.0194672678415133	0.0151271208231063	0.176626440781793	0.235589056272692	0.975955030312057	0.976576479378499	0.145774445897947	0.985002030526128	0.125346248824355	0.183987559738858	0.206739933810011	0.271777410696857	0.0799482161557424	0.217293447210408	0.0891078421235823	0.206739933810011	0.16653355689835	0.018901833334291	0.291266127212845	0.722017312811248	0.206739933810011	0.0930010428879154	0.135580930355487	0.36295248466	0.985002030526128	0.0593648975585022	0.206739933810011	0.694273224475276	0.953100113762573	0.206739933810011	0.119140935214117	0.21846234267814	0.188105616522206	0.335465466915351	0.0906773877962304	0.206739933810011	0.206739933810011	0.0500084499002752	0.157049029441799	0.205858502172297	0.419898955504858	0.0649684113563046	0.0765005248647703	0.966874654166543	0.964542096160057	0.168570994709016	0.0875803812068627	0.172823060940419	0.125913601873735	0.198506163110358	0.112138231469894	0.206303065579168	0.206739933810011	0.97365167089829	0.0031541145335759	0.165837213460517	0.10927926044618	0.0823580233784526	0.0806525850741832	0.138099283456515	0.161031193056075	0.966474483653089	0.124690360867786	0.192976121376291	0.0851007157122895	0.0449002626767453	0.167154323895633	0.238550581512129	0.0763597391787491	0.0896533064762262	0.234027651181733	0.157458208844811	0.206739933810011	0.116249230232342	0.112105564020378	0.0208939826538166	0.0735248471747422	0.203180293388905	0.1956139023676	0.0157583466125192	0.0543784286059998	0.316417982087992	0.0510237272263482	0.485972728077443	0.0749476476176945	0.114184729842966	0.040555739670134	0.127164506227257	0.171408271762082	0.172157576033475	0.175344521413194	0.206484981568793	0.124343422031105	0.843117901640875	0.567037838770752	0.206739933810011	0.226816238814004	0.30132798555986	0.206739933810011	0.20380684720265	0.985002030526128	0.130645995066893	0.505634633240313	0.0102531022863152	0.191140252035694	0.0656602818026104	0.188025816733271	0.458689208313041	0.269309565895389	0.198468411945923	0.0913493403027024	0.873670546880415	0.126793234987776	0.512809591882104	0.00935112796341845	0.20604636502926	0.205439902058219	0.0730720212845283	0.0558764518674723	0.895563800926965	0.206739933810011	0.130262374686666	0.206739933810011	0.62701230087956	0.162079799969547	0.206739933810011	0.396028686110644	0.0368477955392204	0.0763612534386314	0.153432448804546	0.161609128477313	0.195906620529171	0.273859559350483	0.166559871807523	0.437292380578098	0.206739933810011	0.87589060221453	0.0100691045220703	0.177463978426375	0.120660636584109	0.0314397059079421	0.0852061025856274	0.168639784780686	0.187815974281411	0.106779588932209	0.713824715000263	0.0616928961597016	0.150961969004953	0.00898265874331882	0.744982842898048	0.206739933810011	0.139902887863458	0.93773884289351	0.206739933810011	0.131087744569927	0.139418195442641	0.0239149892697897	0.0789860243488047	0.179764217804519	0.163100959854917	0.166861629970427	0.933794806921528	0.969081686313546	0.636293546195938	0.0411274656737598	0.163283053425825	0.176666853542938	0.0776305594305007	0.0538135181092192	0.0555505212802617	0.345574061180213	0.134419513047765	0.521506871783636	0.874793127102612	0.751893194928857	0.00354417516025986	0.332694428014239	0.206739933810011	0.163754780739696	0.124099575521254	0.0045173406799034	0.265186991353537	0.177964308257678	0.206739933810011	0.156462936787185	0.206739933810011	0	0.206739933810011	0.985002030526128	0.206254206772211	0.191014138666728	0.206739933810011	0.204566408496596	0.0866670424549247	0.985002030526128	0.584952885383119	0.0234438630893013	0.949398744479233	0.206739933810011	0.416054180248996	0.189319411581977	0.0516010440345451	0.124286095060263	0.0982739926028407	0.00643726365922589	0.0461343698964466	0.116681915406669	0.95884309580604	0.0931066643911976	0.0130427307027359	0.0586361895665189	0.0483463109046668	0.206739933810011	0.123653147059461	0.0167614060365301	0.115928657520969	0.985002030526128	0.107508663040576	0.206739933810011	0.152981559211199	0.84936025748897	0.181013435849029	0.29338969550253	0.142071327976787	0.946237880096226	0.933497236056645
"SRR5928200"	0.789918004018251	0.211107412683941	0.0428621292896069	0.0257805448813232	0.29749098567285	0.0985734744819501	0	0.225353219453453	0.192178715481573	0.370623462897448	0.422933222968152	0.99387729845637	0.994298453627036	0.0627460108210006	1	0.0834293689073278	0.0235975263877474	0	0.454473602144294	0.128796151422031	0.406825216843403	0.11970853991261	0	0.0415534427287181	0.224814571131965	0.471285003128532	0.814307209533871	0	0.115835952775654	0.0730879693622319	0.53209815559818	1	0.149098021863205	0	0.793740508590241	0.978328847759373	0	0.318494300745317	0.407857638748481	0.0193425831031976	0.508968625610609	0.292258550331894	0	0	0.158272219562691	0.352997340942746	0.000918227514612389	0.579288883634392	0.268315006107857	0.132208214846732	0.987713759216728	0.9861275139052	0.0394639192461285	0.289386697902839	0.367209340042813	0.324695087160471	0.00856472455289591	0.312066076339471	0.000455146581871004	0	0.992315567839666	0.203710894636597	0.0422671949807137	0.09957896325717	0.126408483099887	0.28295021396529	0.0705368655766861	0.0471879203051778	0.987441711262309	0.0840906559565809	0.0143010309413297	0.287084850056646	0.163266679397202	0.0409169877283617	0.42553032856801	0.27895322831771	0.291309296933554	0.421562797826278	0.0508400251051903	0	0.0925858518296457	0.312036048631359	0.226711821938746	0.276310104656458	0.00370622680179141	0.0115664650107119	0.191569234109308	0.15399156536643	0.492803953859615	0.255228639622088	0.632845377741935	0.133743526792714	0.313946459594652	0.245358655038622	0.0815952387702846	0.0365512527045784	0.0357814829533202	0.0325048963705549	0.000265629117110613	0.323258913919097	0.901844742209181	0.696858257494267	0	0.415223082267023	0.47991742455449	0	0.394880548827371	1	0.0780796401834517	0.648540306477995	0.216560805809361	0.0162025401616356	0.268962464241624	0.0194251027592709	0.61088385682674	0.452336138707827	0.00860392734456794	0.292881202340411	0.923372507542861	0.0819698592337277	0.65424044439537	0.215698424956381	0.000722549739770702	0.0013541873812969	0.135596681575583	0.152522467827146	0.938664650533188	0	0.0784672587498591	0	0.743058159802185	0.0461150972356706	0	0.559626178932729	0.171119552612329	0.278954639376268	0.054948657965531	0.0465966941822048	0.0112628265192701	0.456275487845523	0.0415264660166822	0.59351034730028	0	0.924928259748207	0.197057074337501	0.0303234926490061	0.0881497569069348	0.236730823395616	0.123583632233277	0.363448548832759	0.0196420847064335	0.102082212896504	0.808254328422367	0.265247412473984	0.0574667092234119	0.198103674744165	0.8311847969096	0	0.0687082254771207	0.967812664100625	0	0.0776332130656639	0.0691997755633537	0.229586124485665	0.129748868021474	0.373436426963098	0.0450699203129468	0.0412170984129501	0.965104027563601	0.98921352543248	0.750121982948833	0.166949051189265	0.0448834989284543	0.0311441343087357	0.131090370167521	0.25785234043387	0.152842178661631	0.517501676779081	0.0742636252748115	0.661130607739506	0.924159323729438	0.836237516682085	0.203336043118539	0.506623977745115	0	0.0444004965934228	0.0846861563586812	0.202400574535605	0.448761115614145	0.0298082673261764	0	0.0518564035089643	0	0.206739933810011	0	1	0.000506044602855559	0.0163331107879758	0	0.00226366726524606	0.288539109202013	1	0.710760126486081	0.184136398785737	0.975799778871248	0	0.57613324008585	0.01808708933079	0.156713030827943	0.323206463284583	0.299288489139826	0.212910402138759	0.16206096623668	0.0921510899434204	0.982246828852107	0.115730807222786	0.219226067632672	0.262381249193152	0.252707968331322	0	0.322627279005327	0.190600418876943	0.315547675724785	1	0.101352352190172	0	0.0554084160905273	0.906261043504963	0.0266661143774895	0.473109550115581	0.0665079371450311	0.97363758950137	0.964899522713396
"SRR5928390"	0.819890850311056	0.984606587639963	0.997390537596522	0.998456342552489	0.975856814728263	0.993651801270829	1	0.983288040969203	0.986291751954434	0.966740269269541	0.958939566791961	0.0953864824409376	0.0893774086493869	0.996103990019685	0	0.994710237575932	0.998590025067636	1	0.953586986629936	0.991436827235752	0.961474395132892	0.992117782086746	1	0.997473455132891	0.98333871278213	0.950500490572356	0.796051333520179	1	0.992403989021338	0.995414382282538	0.937700077442916	0	0.989866590963143	1	0.816440902000499	0.274915490743484	1	0.973422143446276	0.961315672556806	0.998848978218084	0.94290026582707	0.976442678642617	1	1	0.989133875762315	0.969109511037357	0.999946307638425	0.925544772030592	0.979025038537934	0.991177716796368	0.175538285822752	0.194060485233614	0.997605406037203	0.976760860722562	0.967208570220713	0.97267683897663	0.999495551938528	0.974181774291663	0.999973397404974	1	0.117035748808891	0.985273924259246	0.997428258633349	0.993580347519262	0.991617021674165	0.977465460130358	0.995585827989608	0.99711493658714	0.178770879860333	0.994664704032995	0.999153081470907	0.977014187509043	0.988728695227864	0.997513703695838	0.958518864485565	0.977897178982163	0.976548111930604	0.959160185312996	0.996880421165097	1	0.994074234567953	0.974185292146419	0.983159944014414	0.978180253111452	0.99978271149223	0.999316807755856	0.986344794337632	0.989477600978334	0.946283682275812	0.98037165235157	0.908511673655785	0.991060504585148	0.973960918024152	0.981358745213961	0.994836206903823	0.99778844025527	0.997836639610726	0.998040997680602	0.999984477171034	0.972850573309089	0.650706809180266	0.881598763268836	1	0.960168621786417	0.948846345885214	1	0.963275026756023	0	0.995076347892105	0.902684101146571	0.984107087871062	0.999038727999976	0.978957260037635	0.99884397622181	0.915985445019826	0.953967219068785	0.999493224100751	0.976373379538277	0.586850984772695	0.994810516026281	0.900456585430342	0.984186505523959	0.999957757474572	0.999920782810396	0.990918509456747	0.989594819889869	0.527955182054926	1	0.995049954923485	1	0.855463930939873	0.997183506206887	1	0.930886954410647	0.988082436377857	0.977897027349804	0.996614557267413	0.997152742800031	0.99933493489679	0.953264365514167	0.997475162122922	0.921401497427775	1	0.581459440815959	0.985864501075383	0.998176330337283	0.994383856136735	0.982202271521584	0.991829025638616	0.967719124203629	0.998830819905112	0.993401807140564	0.802395250842679	0.979344669231147	0.996450542860555	0.985772210286556	0.776605268563084	1	0.99570817902303	0.362755107730259	1	0.995106719384025	0.995675334579219	0.982887560018971	0.991364669251498	0.966350937598702	0.997250169693944	0.997494731350634	0.382293432626451	0.15728388208779	0.850785660116986	0.98842706328405	0.997262045627944	0.998125485544266	0.991262814574712	0.980105180703459	0.989569342493727	0.941033213165149	0.995335074800223	0.897679472032176	0.584139436139942	0.770218224341959	0.985307438442512	0.943403233441793	1	0.997292794946619	0.994623647565045	0.985390947982909	0.954597254702905	0.998208211027865	1	0.996814854058064	1	0.985002030526128	1	0	0.999970421078304	0.999030860449751	1	0.999867466459677	0.976854316337843	0	0.874457655277955	0.986985738671997	0.297996584112666	1	0.926431257831059	0.998924983458735	0.989259450847145	0.972856905495091	0.975653697418377	0.984442154013025	0.988826921688336	0.994104704384986	0.236270006273742	0.992411727231317	0.983860613497276	0.979641095694842	0.980626032735008	1	0.972926768705193	0.98642895638234	0.973771973589805	0	0.993453959410472	1	0.996584671946329	0.639045990656868	0.998401951799992	0.950154912308976	0.995854800588886	0.316682353443778	0.383724361521194
"SRR5928247"	0.789709190123067	0.210622554269452	0.0423569497400977	0.0252748107519232	0.297027044189521	0.0980720361526673	0.000506044602855559	0.224871320690034	0.191690223812788	0.370182790570564	0.422512322679661	0.993841900040188	0.994263454363902	0.0622418270748157	0.999970421078304	0.0829266208372481	0.0230917414225223	0.000506044602855559	0.454065884364295	0.128297980307297	0.406397950039797	0.119209294852741	0.000506044602855559	0.0410482108547839	0.224332556942035	0.47088469934473	0.814117043089394	0.000506044602855559	0.115336273984134	0.0725844525085212	0.531726921853735	0.999970421078304	0.148602534310108	0.000506044602855559	0.793534579796167	0.978278831658159	0.000506044602855559	0.318036520122101	0.407430772577984	0.018836712106067	0.508585919835215	0.291793139466793	0.000506044602855559	0.000506044602855559	0.157778073558409	0.352550593972578	0.000412183092093874	0.578942638452591	0.267843204367757	0.131710467284236	0.987672538624274	0.986084800786118	0.0389586072115479	0.288920491653432	0.366767467945624	0.324239205813323	0.00805871283698684	0.311606365476078	5.08980320227165e-05	0.000506044602855559	0.992278690758925	0.203224575848608	0.0417619914419626	0.0990776196259989	0.125910022194353	0.282482253635198	0.0700331747461018	0.0466829253254002	0.987400234524468	0.0835879605140677	0.0137950803402485	0.286618011967399	0.16277329746153	0.040411730997346	0.425110477918231	0.278484198601249	0.290843622294582	0.421141346262998	0.0503351998344832	0.000506044602855559	0.0920838695330159	0.311576328843817	0.226230215537724	0.275840376142843	0.00320018785028234	0.0110604813642336	0.19108063112969	0.153496783416054	0.492413533428576	0.254753575928898	0.63253006500446	0.13324597343416	0.313487309288293	0.244881239118616	0.0810923469146981	0.0360458358735732	0.035276039777062	0.0319993473712141	0.000240415516173593	0.322802589415871	0.901726179065879	0.696583505688492	0.000506044602855559	0.414799103759094	0.479521032479965	0.000506044602855559	0.394448720774933	0.999970421078304	0.0775764816870995	0.648234576951087	0.216077057516133	0.0156966167395289	0.268490828127678	0.0189192332665685	0.610555528943393	0.451927497596344	0.00809791593990722	0.29241596496134	0.923272673671352	0.0814669964857309	0.653938253494287	0.215214499225333	0.00021650521145363	0.000848143325699796	0.135099365617951	0.152027471649175	0.93857838954647	0.000506044602855559	0.0779641290746786	0.000506044602855559	0.742815110512059	0.0456100548184972	0.000506044602855559	0.559269263789892	0.170627420117182	0.278485610034646	0.0544440388123717	0.0460916729242949	0.0107568396430918	0.455868551820077	0.0410212330813239	0.59317204918847	0.000506044602855559	0.924829796523387	0.196569486373077	0.0298178788706964	0.0876473936327731	0.236251427351194	0.123084835493425	0.363005368004948	0.019136219200527	0.101581109209956	0.808059481133808	0.264774831445454	0.0569622243445003	0.197616283615483	0.831007866943441	0.000506044602855559	0.0682044137558061	0.967752892124885	0.000506044602855559	0.0771300215528942	0.0686959960250403	0.229105142414855	0.129250814054397	0.372996751501662	0.0445648327356622	0.0407118533548146	0.965041759874712	0.98917371820533	0.749883960336516	0.166456247822432	0.0443784034056606	0.0306385443680944	0.130592482620571	0.257377917648775	0.152347228929588	0.517123143926579	0.0737601906848194	0.660832735600849	0.924060182768998	0.836064602240485	0.20284965170806	0.506240137526432	0.000506044602855559	0.0438953806385458	0.0841835086648485	0.201914002474767	0.448350939917948	0.029302638909771	0.000506044602855559	0.0513516277292132	0.000506044602855559	0.206254206772211	0.000506044602855559	0.999970421078304	0	0.0158271893585904	0.000506044602855559	0.00175762455814971	0.288072669708355	0.999970421078304	0.710494700025547	0.183646466822497	0.97574740691191	0.000506044602855559	0.575785257654677	0.0175811962450089	0.156218651163885	0.322750122634027	0.298825058458117	0.21242590761327	0.161567397669984	0.0916490694798765	0.982200474449916	0.11523111685423	0.218742872207506	0.261907948153976	0.252232295078611	0.000506044602855559	0.322170760222847	0.190111639689387	0.315089005411013	0.999970421078304	0.100851177927292	0.000506044602855559	0.0549038210028805	0.906146286513398	0.0261604021651507	0.472710067187416	0.06600398418777	0.973583208276463	0.964837066879847
"SRR5928452"	0.78309800748936	0.195408714778025	0.0265465172052316	0.00945118125790702	0.282450105821136	0.0823652251906385	0.0163331107879758	0.209747024546561	0.176366855620016	0.356321302326592	0.409262049704889	0.99271759340666	0.993151818116369	0.0464577300277203	0.999030860449751	0.0671824565620918	0.0072670528381054	0.0163331107879758	0.441224337508665	0.112686242780262	0.392950607174295	0.103566092512706	0.0163331107879758	0.0252364591794242	0.209204763912151	0.458273381458656	0.80809396386578	0.0163331107879758	0.0996804153408146	0.0568187234320365	0.520020408891693	0.999030860449751	0.133070035332487	0.0163331107879758	0.787014353314455	0.97669063114993	0.0163331107879758	0.303648485808993	0.393995824158403	0.00301036780083533	0.496521973607066	0.277171215468505	0.0163331107879758	0.0163331107879758	0.142285438470076	0.338501855912212	0.0154151009547309	0.568016121474405	0.25302597743133	0.116111182904015	0.986363436979347	0.984728332427219	0.0231448553185276	0.274274228662311	0.35286897447379	0.309909492479049	0.0077694095893336	0.29715909902964	0.0158780753469577	0.0163331107879758	0.99110744809491	0.187966654145272	0.0259509528812136	0.0833735317361773	0.110289777881812	0.267782346306253	0.0542626176649331	0.0308772170256639	0.98608300369806	0.0678452840284891	0.00203252686795207	0.271952420674465	0.147303426587177	0.0245993562639233	0.411892717016737	0.263751608494174	0.276213625789301	0.407874000171019	0.0345339150875414	0.0163331107879758	0.0763614695640115	0.297128788643343	0.211114778212573	0.261086438576712	0.0126276037292984	0.00476749381537147	0.1757539153416	0.137985233570075	0.480109482732637	0.239836919797542	0.622571412272167	0.117652406421386	0.299057240082561	0.229893008785194	0.0653441246009363	0.0202295132732579	0.0194590800879323	0.016179873719507	0.0160675473080351	0.308459264748453	0.897965841165285	0.687897270483131	0.0163331107879758	0.401453518798978	0.467031280317521	0.0163331107879758	0.380860333836187	0.999030860449751	0.0618207623491431	0.638576240578052	0.200896774027675	0.000130603169626324	0.253678654685001	0.00309291593736425	0.600189348989675	0.439057295383321	0.00773020629446853	0.277799350818942	0.920105288272741	0.0657195948470522	0.64439086088112	0.200028849713857	0.015610734514726	0.0149792353624244	0.1195127937428	0.136509557138882	0.935840972054626	0.0163331107879758	0.0622092182021448	0.0163331107879758	0.735125622776269	0.0298031227728836	0.0163331107879758	0.548009468529396	0.155194856690484	0.263753031380466	0.0386482067894561	0.030285285974292	0.00507116264279396	0.443051269556226	0.0252094547516535	0.582493962825805	0.0163331107879758	0.921705821210322	0.181273315270879	0.0139969091967219	0.0719141360960028	0.221203036296324	0.107454747498714	0.34906652092476	0.00330997377274623	0.0858839321218608	0.801888728774218	0.249933833513444	0.0411699833702734	0.182326040614367	0.825402548984319	0.0163331107879758	0.0524305156685985	0.965855217271162	0.0163331107879758	0.0613733766590724	0.0529229861970562	0.214008630325085	0.113642518570618	0.359166018227031	0.0287567415326442	0.0248997709081355	0.96306493328371	0.987909473226086	0.742352676838787	0.151003640538324	0.0285701088793412	0.0148181208340617	0.11498907995013	0.242480782106051	0.136830694007944	0.5051891613516	0.057996752058194	0.651420782130947	0.920914742446368	0.830586068885696	0.187589539771316	0.494140870220904	0.0163331107879758	0.0280865641458943	0.0684421831544908	0.186648443094668	0.435433120964803	0.0134813366206173	0.0163331107879758	0.0355516449151392	0.0163331107879758	0.191014138666728	0.0163331107879758	0.999030860449751	0.0158271893585904	0	0.0163331107879758	0.014069933334494	0.273419271012484	0.999030860449751	0.702101470275387	0.168279824614881	0.974084464658943	0.0163331107879758	0.56480445569942	0.00175446656364625	0.140719062858888	0.308406302047033	0.28426376498686	0.197223063278234	0.146091962700881	0.0759255793787144	0.980728456693981	0.0995749208425565	0.203579314406416	0.24704499672921	0.23729708046587	0.0163331107879758	0.307821468996418	0.174779625643322	0.300673664602252	0.999030860449751	0.0851519665127816	0.0163331107879758	0.0391086305148981	0.902506413487266	0.0103372428396013	0.460124254110077	0.0502261985811773	0.971856525047111	0.962854273547172
"SRR5928377"	0.789918004018251	0.211107412683941	0.0428621292896069	0.0257805448813232	0.29749098567285	0.0985734744819501	0	0.225353219453453	0.192178715481573	0.370623462897448	0.422933222968152	0.99387729845637	0.994298453627036	0.0627460108210006	1	0.0834293689073278	0.0235975263877474	0	0.454473602144294	0.128796151422031	0.406825216843403	0.11970853991261	0	0.0415534427287181	0.224814571131965	0.471285003128532	0.814307209533871	0	0.115835952775654	0.0730879693622319	0.53209815559818	1	0.149098021863205	0	0.793740508590241	0.978328847759373	0	0.318494300745317	0.407857638748481	0.0193425831031976	0.508968625610609	0.292258550331894	0	0	0.158272219562691	0.352997340942746	0.000918227514612389	0.579288883634392	0.268315006107857	0.132208214846732	0.987713759216728	0.9861275139052	0.0394639192461285	0.289386697902839	0.367209340042813	0.324695087160471	0.00856472455289591	0.312066076339471	0.000455146581871004	0	0.992315567839666	0.203710894636597	0.0422671949807137	0.09957896325717	0.126408483099887	0.28295021396529	0.0705368655766861	0.0471879203051778	0.987441711262309	0.0840906559565809	0.0143010309413297	0.287084850056646	0.163266679397202	0.0409169877283617	0.42553032856801	0.27895322831771	0.291309296933554	0.421562797826278	0.0508400251051903	0	0.0925858518296457	0.312036048631359	0.226711821938746	0.276310104656458	0.00370622680179141	0.0115664650107119	0.191569234109308	0.15399156536643	0.492803953859615	0.255228639622088	0.632845377741935	0.133743526792714	0.313946459594652	0.245358655038622	0.0815952387702846	0.0365512527045784	0.0357814829533202	0.0325048963705549	0.000265629117110613	0.323258913919097	0.901844742209181	0.696858257494267	0	0.415223082267023	0.47991742455449	0	0.394880548827371	1	0.0780796401834517	0.648540306477995	0.216560805809361	0.0162025401616356	0.268962464241624	0.0194251027592709	0.61088385682674	0.452336138707827	0.00860392734456794	0.292881202340411	0.923372507542861	0.0819698592337277	0.65424044439537	0.215698424956381	0.000722549739770702	0.0013541873812969	0.135596681575583	0.152522467827146	0.938664650533188	0	0.0784672587498591	0	0.743058159802185	0.0461150972356706	0	0.559626178932729	0.171119552612329	0.278954639376268	0.054948657965531	0.0465966941822048	0.0112628265192701	0.456275487845523	0.0415264660166822	0.59351034730028	0	0.924928259748207	0.197057074337501	0.0303234926490061	0.0881497569069348	0.236730823395616	0.123583632233277	0.363448548832759	0.0196420847064335	0.102082212896504	0.808254328422367	0.265247412473984	0.0574667092234119	0.198103674744165	0.8311847969096	0	0.0687082254771207	0.967812664100625	0	0.0776332130656639	0.0691997755633537	0.229586124485665	0.129748868021474	0.373436426963098	0.0450699203129468	0.0412170984129501	0.965104027563601	0.98921352543248	0.750121982948833	0.166949051189265	0.0448834989284543	0.0311441343087357	0.131090370167521	0.25785234043387	0.152842178661631	0.517501676779081	0.0742636252748115	0.661130607739506	0.924159323729438	0.836237516682085	0.203336043118539	0.506623977745115	0	0.0444004965934228	0.0846861563586812	0.202400574535605	0.448761115614145	0.0298082673261764	0	0.0518564035089643	0	0.206739933810011	0	1	0.000506044602855559	0.0163331107879758	0	0.00226366726524606	0.288539109202013	1	0.710760126486081	0.184136398785737	0.975799778871248	0	0.57613324008585	0.01808708933079	0.156713030827943	0.323206463284583	0.299288489139826	0.212910402138759	0.16206096623668	0.0921510899434204	0.982246828852107	0.115730807222786	0.219226067632672	0.262381249193152	0.252707968331322	0	0.322627279005327	0.190600418876943	0.315547675724785	1	0.101352352190172	0	0.0554084160905273	0.906261043504963	0.0266661143774895	0.473109550115581	0.0665079371450311	0.97363758950137	0.964899522713396
"SRR5928434"	0.788982702776298	0.208937758584788	0.0406021713184332	0.0235181699176713	0.295414634064702	0.0963300462655121	0.00226366726524606	0.223196758391043	0.189992871734048	0.368651012552537	0.421049109044069	0.993718691262851	0.994141634780918	0.0604904334171435	0.999867466459677	0.0811801373140322	0.0213349321874559	0.00226366726524606	0.452648402894832	0.126567229165323	0.404912654953937	0.117474846204279	0.00226366726524606	0.039293255576012	0.222657595468439	0.469492943635423	0.813455397896833	0.00226366726524606	0.113600332822245	0.0708353368882846	0.530436067883226	0.999867466459677	0.146881031912356	0.00226366726524606	0.792818124198016	0.978104749914066	0.00226366726524606	0.316445450548637	0.405946866933076	0.0170796199810697	0.507255240994027	0.29017564061482	0.00226366726524606	0.00226366726524606	0.156061198602403	0.350997758864543	0.00134544238383261	0.577738553463637	0.266203578260715	0.129981175071968	0.987529066896309	0.985936134697779	0.03720338130748	0.287300238429804	0.365231530708994	0.322654716438238	0.00630117231550471	0.310008609035418	0.00180852243783497	0.00226366726524606	0.992150335726025	0.201534732281467	0.0400071319173545	0.0973359549854142	0.124178273073733	0.280855926604533	0.0682834642808957	0.0449287718454301	0.987255871344892	0.0818416573505806	0.0120377306035569	0.284995570812486	0.161059058952582	0.0386566917569194	0.423650905149591	0.276854168971151	0.289225209993768	0.41967622046455	0.0485816222054273	0.00226366726524606	0.0903400121707351	0.309978541488993	0.224556664327769	0.274207927169149	0.00144257093215157	0.00930302709253699	0.189382894487823	0.151777714600653	0.491056077330889	0.253102659813878	0.631433423804719	0.131517350273785	0.311891494701723	0.243222183590516	0.0793453707293866	0.0342902568537674	0.0335203721270563	0.0302433244070697	0.00199803927935776	0.321216564638454	0.901313585778499	0.695627802716127	0.00226366726524606	0.413325213274691	0.478142851418242	0.00226366726524606	0.392947607803329	0.999867466459677	0.0758285923285168	0.647171230036606	0.214396099755634	0.0139393542830229	0.266851775348719	0.0171621460579957	0.609413675268813	0.450506812529035	0.00634037635263193	0.290799066899248	0.922925241258197	0.0797201200210525	0.652887201360218	0.213532927985503	0.00154111989888357	0.000909482509022119	0.133371560420461	0.150307663909035	0.938278182401168	0.00226366726524606	0.0762163383918532	0.00226366726524606	0.741969598913634	0.0438557405715903	0.00226366726524606	0.558028125555848	0.168917494115954	0.276855581702328	0.0526911618080249	0.044337430375282	0.00899937529096642	0.454453782778563	0.0392662742165439	0.591995564828556	0.00226366726524606	0.924487132966924	0.194875256754023	0.0280616390631599	0.0859022292807324	0.234585521395937	0.121351930056266	0.361464894008624	0.0173791450270488	0.0998402688453259	0.807381558664246	0.263132507865245	0.0552098043573059	0.195922734165237	0.830392253181935	0.00226366726524606	0.0664542901652544	0.967544859594881	0.00226366726524606	0.0753820191642797	0.0669459823969221	0.227433750467701	0.127520466393337	0.371468429419766	0.0428103655295142	0.0389568535381275	0.964825042428823	0.989035165369966	0.749055922887106	0.164744006087455	0.0426239092972711	0.0288823842882956	0.128862708191864	0.255729219558657	0.150627581388314	0.51580695049246	0.0720113564491554	0.659796689345974	0.923715161179764	0.835462953686756	0.201159557145737	0.504905520870618	0.00226366726524606	0.0421408173639615	0.0824373691578011	0.200223283567918	0.446924930577212	0.0275463501858989	0.00226366726524606	0.0495982182146993	0.00226366726524606	0.204566408496596	0.00226366726524606	0.999867466459677	0.00175762455814971	0.014069933334494	0.00226366726524606	0	0.286451608798004	0.999867466459677	0.709571407149115	0.181944139374317	0.975565126555099	0.00226366726524606	0.574575139443189	0.0158240320996311	0.15450097008396	0.321164041911562	0.297214417429316	0.210742369904743	0.159852515126549	0.089905081144352	0.98203913595067	0.113495135861539	0.217063826043609	0.260263132431393	0.250579269540595	0.00226366726524606	0.320584062336131	0.188413294290598	0.313494853633828	0.999867466459677	0.0991100950886949	0.00226366726524606	0.0531510258761922	0.905746934660633	0.0244038341429205	0.471321159980267	0.0642533781877843	0.97339393555443	0.964619694707266
"SRR5928169"	0.638379025819447	0.0821429231581828	0.248571559797427	0.264611933250301	0.00973901112480615	0.195193022446867	0.288539109202013	0.0673066980575637	0.101668660589983	0.0912749778456556	0.151841149251415	0.966240864200702	0.966969370020075	0.229708933213625	0.976854316337843	0.209866625804042	0.26665108712122	0.288539109202013	0.189308866345987	0.165535295215264	0.132984477679152	0.17450595990899	0.288539109202013	0.249805801428141	0.0678698956400694	0.209580473659239	0.675128329915425	0.288539109202013	0.178314813974353	0.219815951009915	0.284718300577825	0.976854316337843	0.145327914474138	0.288539109202013	0.644097689772596	0.939504397320799	0.288539109202013	0.0327927145696993	0.134187504782198	0.270618633933769	0.255801031591509	0.0040402415406176	0.288539109202013	0.288539109202013	0.136120003952867	0.0712956966624684	0.287692651106456	0.345055335057277	0.0218142830168786	0.162155276843845	0.95560536501516	0.952876090378033	0.251774622802409	0.000919913261492543	0.0873884574378577	0.0396540047557199	0.280627370524995	0.0257064256983949	0.2881195900451	0.288539109202013	0.96354140617484	0.0897980441126269	0.249132761201039	0.194214379110512	0.167896679875567	0.00605430406334711	0.222261569756608	0.244485516108422	0.955137054173218	0.209228463927768	0.275307739174276	0.00157728021249454	0.131086998975836	0.250405730768634	0.154898894037633	0.0103719332229525	0.00300827265882716	0.150229620928055	0.241028239321155	0.288539109202013	0.201009424336292	0.0256733874800714	0.0658853960818114	0.013221523054042	0.285119973675788	0.277845745743143	0.102293845443056	0.140422349842963	0.235840546827065	0.0357923446373827	0.415794929329747	0.1606322627478	0.0277765058736389	0.0462644147211733	0.211635389322093	0.254515270989915	0.255238847378064	0.258315392179734	0.288294285293417	0.0380625961190016	0.812341156169085	0.503677127870302	0.288539109202013	0.142792141206493	0.220072406316415	0.288539109202013	0.119120951164085	0.976854316337843	0.215020661043	0.436998880330675	0.0764779285399088	0.273540676880495	0.0211199237266902	0.270541775683097	0.386488716501576	0.186746587242529	0.280591071756331	0.0047174639027787	0.847420078483998	0.211274266482677	0.444754242831312	0.077374958261227	0.287873069962059	0.287290618311087	0.158792194687763	0.141896485637765	0.872672809641925	0.288539109202013	0.214647735998596	0.288539109202013	0.569483748686448	0.24549978729573	0.288539109202013	0.319693296986856	0.123144552783357	0.0103704107576952	0.237130463780134	0.245044548725632	0.278127325507815	0.191471511316527	0.249831234226159	0.363600290785734	0.288539109202013	0.849976369530918	0.0966567264834421	0.260360554685422	0.205306162736203	0.0553693919901889	0.170686340720618	0.0831165611930713	0.27033966362955	0.191775574681737	0.665949717044406	0.0251005114633613	0.23473727138497	0.0955796396162439	0.700927517129937	0.288539109202013	0.224012472212589	0.921594939854465	0.288539109202013	0.215450065952731	0.223541992746162	0.0628747564606433	0.164592179866815	0.094483188789418	0.246487345548428	0.250122869346563	0.917004493657513	0.958188803405698	0.579728245732275	0.127367044988809	0.246663430200966	0.259591453685365	0.16326333876384	0.0329984330097065	0.14157578287579	0.266420094424998	0.218687742418609	0.454167789188301	0.848712553032459	0.70871068276984	0.0901851344804581	0.252893204344835	0.288539109202013	0.247119566935365	0.208653587301366	0.0911507820813518	0.182468611563996	0.260843244440668	0.288539109202013	0.240064843644224	0.288539109202013	0.0866670424549247	0.288539109202013	0.976854316337843	0.288072669708355	0.273419271012484	0.288539109202013	0.286451608798004	0	0.976854316337843	0.523263456550206	0.109900654043952	0.935184579829135	0.288539109202013	0.34096337096708	0.271787565182026	0.137688303874447	0.038004501884504	0.0117007847987785	0.0802719459932799	0.132303325583881	0.201430998043786	0.946212557266878	0.178418113708807	0.0737027561450631	0.0281656233629811	0.038472514701371	0.288539109202013	0.0373631190122083	0.103287173110191	0.0295410796772083	0.976854316337843	0.192486997694106	0.288539109202013	0.236693751080716	0.819493020046448	0.263784029627016	0.211793340073714	0.226116875242155	0.931497816857286	0.916658281995353
"SRR5928406"	0.819890850311056	0.984606587639963	0.997390537596522	0.998456342552489	0.975856814728263	0.993651801270829	1	0.983288040969203	0.986291751954434	0.966740269269541	0.958939566791961	0.0953864824409376	0.0893774086493869	0.996103990019685	0	0.994710237575932	0.998590025067636	1	0.953586986629936	0.991436827235752	0.961474395132892	0.992117782086746	1	0.997473455132891	0.98333871278213	0.950500490572356	0.796051333520179	1	0.992403989021337	0.995414382282538	0.937700077442916	0	0.989866590963143	1	0.816440902000499	0.274915490743484	1	0.973422143446276	0.961315672556806	0.998848978218084	0.94290026582707	0.976442678642617	1	1	0.989133875762314	0.969109511037357	0.999946307638425	0.925544772030592	0.979025038537934	0.991177716796368	0.175538285822752	0.194060485233614	0.997605406037203	0.976760860722562	0.967208570220713	0.97267683897663	0.999495551938528	0.974181774291663	0.999973397404974	1	0.117035748808891	0.985273924259246	0.99742825863335	0.993580347519262	0.991617021674165	0.977465460130358	0.995585827989608	0.99711493658714	0.178770879860333	0.994664704032995	0.999153081470907	0.977014187509043	0.988728695227864	0.997513703695838	0.958518864485565	0.977897178982163	0.976548111930604	0.959160185312996	0.996880421165097	1	0.994074234567953	0.974185292146419	0.983159944014414	0.978180253111452	0.99978271149223	0.999316807755856	0.986344794337632	0.989477600978334	0.946283682275812	0.980371652351571	0.908511673655785	0.991060504585148	0.973960918024152	0.981358745213962	0.994836206903823	0.99778844025527	0.997836639610726	0.998040997680602	0.999984477171034	0.972850573309089	0.650706809180266	0.881598763268836	1	0.960168621786417	0.948846345885214	1	0.963275026756023	0	0.995076347892105	0.902684101146571	0.984107087871062	0.999038727999976	0.978957260037635	0.99884397622181	0.915985445019826	0.953967219068785	0.999493224100751	0.976373379538277	0.586850984772695	0.994810516026281	0.900456585430342	0.984186505523959	0.999957757474572	0.999920782810396	0.990918509456747	0.989594819889869	0.527955182054926	1	0.995049954923485	1	0.855463930939873	0.997183506206887	1	0.930886954410647	0.988082436377857	0.977897027349804	0.996614557267413	0.997152742800031	0.99933493489679	0.953264365514167	0.997475162122922	0.921401497427775	1	0.581459440815959	0.985864501075384	0.998176330337283	0.994383856136735	0.982202271521584	0.991829025638616	0.967719124203629	0.998830819905112	0.993401807140564	0.802395250842679	0.979344669231147	0.996450542860555	0.985772210286556	0.776605268563084	1	0.99570817902303	0.362755107730259	1	0.995106719384025	0.995675334579219	0.982887560018971	0.991364669251498	0.966350937598702	0.997250169693944	0.997494731350634	0.382293432626451	0.15728388208779	0.850785660116986	0.98842706328405	0.997262045627944	0.998125485544267	0.991262814574712	0.980105180703459	0.989569342493727	0.941033213165149	0.995335074800223	0.897679472032176	0.584139436139942	0.770218224341959	0.985307438442512	0.943403233441793	1	0.997292794946619	0.994623647565045	0.985390947982909	0.954597254702905	0.998208211027865	1	0.996814854058064	1	0.985002030526128	1	0	0.999970421078304	0.999030860449751	1	0.999867466459677	0.976854316337843	0	0.874457655277955	0.986985738671997	0.297996584112666	1	0.926431257831059	0.998924983458735	0.989259450847145	0.972856905495091	0.975653697418377	0.984442154013025	0.988826921688336	0.994104704384986	0.236270006273742	0.992411727231317	0.983860613497276	0.979641095694842	0.980626032735009	1	0.972926768705193	0.98642895638234	0.973771973589805	0	0.993453959410472	1	0.996584671946329	0.639045990656868	0.998401951799992	0.950154912308976	0.995854800588886	0.316682353443778	0.383724361521194
"SRR5928268"	0.167935388809857	0.581857884681621	0.687622335681461	0.69700518369767	0.516000390301293	0.655424222361586	0.710760126486081	0.571614550068796	0.595121640222054	0.452329989131035	0.401455609954024	0.845473166665442	0.847444151953823	0.676418154982069	0.874457655277955	0.66442836061246	0.698188599461043	0.710760126486081	0.368306982490727	0.636857882283543	0.417643156482598	0.642526407566534	0.710760126486081	0.68834899727189	0.572006043023483	0.34980322994621	0.227557497244176	0.710760126486081	0.644919276155428	0.67046672036056	0.277467979146004	0.874457655277955	0.623917624627337	0.710760126486081	0.177005568914384	0.774959586724027	0.710760126486081	0.498525279971511	0.41662003402312	0.700485138643832	0.306032036335139	0.520258840849391	0.710760126486081	0.710760126486081	0.61794104368841	0.468421954838341	0.710278372211556	0.214710190642744	0.53928168198588	0.634710027758256	0.817003084113419	0.809787790381849	0.689506516372277	0.522580394751705	0.455486256051182	0.493246117850752	0.706243458458067	0.50393961090806	0.710521404781977	0.710760126486081	0.838193218724027	0.587087102339204	0.687952841425831	0.654819472472809	0.638354519036085	0.527743548533035	0.67194282479261	0.685211043438377	0.81576242105951	0.664039221301038	0.703189144659426	0.524433192198074	0.614652739386318	0.68870192242626	0.398799999781272	0.530922283876439	0.521027426678997	0.402851723453121	0.683164026931848	0.710760126486081	0.659007502805849	0.503964764322826	0.570625631312243	0.533012855421679	0.708811992416987	0.704648120402603	0.595542311736904	0.620739881097316	0.325211476015724	0.549367904231732	0.135156583832203	0.633740052139101	0.502361914211719	0.55683529142443	0.665505761635766	0.691114489537011	0.691538377363061	0.69333769517205	0.710620823250577	0.494473807435033	0.481984552172174	0.0260511239188559	0.710760126486081	0.409264126165376	0.340063471355024	0.710760126486081	0.429340506831076	0.874457655277955	0.667563086199838	0.109934051982607	0.57796364951492	0.702171448349009	0.538777064900563	0.700440725953189	0.168945335938039	0.370616831033489	0.706222664858199	0.519754036043268	0.556508907835361	0.665285930258338	0.100540328883143	0.578581681781648	0.7103810855469	0.710049435441099	0.632566350619886	0.621696310788206	0.612955286132872	0.710760126486081	0.667336753387258	0.710760126486081	0.0642466449931524	0.68581040224582	0.710760126486081	0.2416293239282	0.609432280798227	0.530921165374834	0.680848707630438	0.685541456234234	0.704809789062863	0.366352385679699	0.688363962594859	0.194507938097395	0.710760126486081	0.562112945487225	0.591740292360131	0.694531133705527	0.661642594196184	0.563266876220511	0.640118456540616	0.458940948697199	0.700323920941587	0.65331010171604	0.212365041642395	0.541665281556626	0.679423176957244	0.591011543739795	0.271384471183739	0.710760126486081	0.672997650819146	0.729629094366301	0.710760126486081	0.667823604205935	0.672714372919742	0.568526440682427	0.636259239120579	0.44971502955	0.686393462455033	0.6885355444542	0.718245204092564	0.823866699450168	0.0790411393032784	0.612212452108637	0.686497370726664	0.69408258102026	0.635414882369577	0.547362818199525	0.621488347112293	0.295651534912834	0.669784684029822	0.089013866785745	0.559339307263811	0.284942442777627	0.587350520844341	0.308852897589019	0.710760126486081	0.68676646413087	0.663688482187311	0.588007233648008	0.374459068307558	0.694812492668012	0.710760126486081	0.682592499703389	0.710760126486081	0.584952885383119	0.710760126486081	0.874457655277955	0.710494700025547	0.702101470275387	0.710760126486081	0.709571407149115	0.523263456550206	0.874457655277955	0	0.600641052968734	0.763889968603677	0.710760126486081	0.219108084509575	0.701160242218773	0.618962568622279	0.494518587019564	0.514528874430321	0.580574048762197	0.615448826995359	0.659266493377042	0.79232434736284	0.644984058040267	0.576048283205149	0.543881636896288	0.55128627105207	0.710760126486081	0.495012797420663	0.596210190318498	0.501014478622276	0.874457655277955	0.653750742135525	0.710760126486081	0.680588799600201	0.496827890054651	0.696524112106471	0.347758360978396	0.674263275469409	0.754511445065001	0.717390438712946
"SRR5928461"	0.701911813497433	0.0279956982543457	0.142331991617151	0.159066849796019	0.11951921468642	0.0870506658143504	0.184136398785737	0.0428926988982908	0.00831952031206389	0.199293282029163	0.257692803790993	0.978322480882191	0.978917678574428	0.122725495456816	0.986985738671997	0.102185123529528	0.161198384065597	0.184136398785737	0.293460724481493	0.0566042478135338	0.239588107337972	0.0657933935717019	0.184136398785737	0.143617645775024	0.0423280353585134	0.312699499836197	0.733766442982756	0.184136398785737	0.0697002690868728	0.112473682972609	0.383325190989019	0.986985738671997	0.0359681683169537	0.184136398785737	0.706883725707835	0.956421896367181	0.184136398785737	0.142210792439563	0.240745240714584	0.16534832595068	0.356271096323712	0.113893278656358	0.184136398785737	0.184136398785737	0.02659394376476	0.179869333988316	0.183247344420165	0.439271243790024	0.0882856617444969	0.0531464094478629	0.969623856193339	0.967388810918815	0.145669176647668	0.110810019020337	0.195521025058165	0.148943485297106	0.175832775241774	0.135247308639556	0.183695748121361	0.184136398785737	0.976116280999059	0.0202911613184032	0.142916528161548	0.0860429546090159	0.0590214605350395	0.103911450369935	0.115006008171728	0.138078147209647	0.969240430847372	0.101525941758791	0.170257519958125	0.108341056909905	0.021477686919721	0.144242687030299	0.260622057905371	0.099635658427092	0.112873789575381	0.256148259607234	0.13448177252585	0.184136398785737	0.0930441284282451	0.135214819117772	0.0443174057657874	0.096811584895074	0.180546187381619	0.172916696892098	0.00768819083546235	0.0309717427568646	0.337504487089902	0.0743838112606984	0.504009847624524	0.0515891340506202	0.137282567299878	0.0639423593050959	0.104012612151557	0.14852638787758	0.149281016588129	0.152490887867638	0.183879238114055	0.147382751774696	0.850728726566817	0.583182068411439	0.184136398785737	0.249013345470865	0.322625879276141	0.184136398785737	0.226232917392403	0.986985738671997	0.107512186911778	0.523238383223382	0.0336893405020029	0.168406942795334	0.0889751844569081	0.165267901093179	0.477300312921108	0.291023355802494	0.175794710789712	0.114562192964511	0.880140398139124	0.103639444030589	0.530251087801254	0.0327882229532997	0.183436829023628	0.182825136373175	0.0497083380405149	0.0324726414311497	0.901192132951226	0.184136398785737	0.107126547223875	0.184136398785737	0.641576241295286	0.139133726871764	0.184136398785737	0.41583729377825	0.0134148438877839	0.0996371668139895	0.130430339920747	0.138659919566707	0.17321180856264	0.295516954782855	0.143644141525131	0.456331333555225	0.184136398785737	0.882276029833709	0.0133777320004601	0.154625842630276	0.0974764005492786	0.0548455058783398	0.0618786242791184	0.191371251682204	0.16505641631155	0.0835326183501653	0.725831573726332	0.0850209759034543	0.12794446340781	0.0144640723538382	0.755994456073793	0.184136398785737	0.116819792734184	0.94168988645446	0.184136398785737	0.107956269817829	0.11633235031006	0.0473338646175784	0.0556391710923165	0.202404907823909	0.140161724130932	0.14394797563455	0.937905835106323	0.971738415746879	0.650599308041941	0.0176996713310016	0.14034504183117	0.153822865534962	0.0542797117927965	0.0771657168132504	0.0321460767701353	0.366224267125977	0.111305917140084	0.538748743528736	0.881220314862217	0.762678549556181	0.0199012448991382	0.353541893135684	0.184136398785737	0.140819947224509	0.100932205922458	0.0189284098870858	0.286951103223706	0.155129860199782	0.184136398785737	0.133480086309759	0.184136398785737	0.0234438630893013	0.184136398785737	0.986985738671997	0.183646466822497	0.168279824614881	0.184136398785737	0.181944139374317	0.109900654043952	0.986985738671997	0.600641052968734	0	0.952873045312096	0.184136398785737	0.435498399651656	0.166571663696845	0.0281892899967075	0.147325767645697	0.121454382374242	0.0298768813212156	0.0227136378994382	0.0934788219057104	0.961927109556323	0.0698062709578239	0.036476092041919	0.0819739499516683	0.0717136407781626	0.184136398785737	0.146696595406543	0.00668493044042969	0.139016772290524	0.986985738671997	0.0842647743378342	0.184136398785737	0.129976619963916	0.856741130063729	0.158201703364323	0.314794839869507	0.119000664062395	0.949841977489876	0.937620308619897
"SRR5928274"	0.677829131370303	0.948706797782159	0.971184151270039	0.973068217045932	0.933450528938398	0.96458739254582	0.975799778871248	0.946401134722563	0.951656976797031	0.917664095839428	0.904243930061517	0.208181918089611	0.213985527001503	0.968911953405052	0.297996584112666	0.96645298676956	0.973304643434427	0.975799778871248	0.895081862903557	0.960688258821983	0.90859597207142	0.961886263982767	0.975799778871248	0.971330671759817	0.946489697933503	0.889815735322196	0.641295346283567	0.975799778871248	0.962389977760897	0.96769496017772	0.868108000734283	0.297996584112666	0.957928155148529	0.975799778871248	0.672502890006104	0.025010330452616	0.975799778871248	0.929223718277	0.908323212788588	0.97376268934563	0.876901231107623	0.934468829274579	0.975799778871248	0.975799778871248	0.956641367214089	0.921756064890592	0.975704712940153	0.847689256669569	0.938962775517509	0.960232571898118	0.128802286776476	0.109921404647093	0.971563856809367	0.935022060371628	0.918472316522656	0.927931389837768	0.974906776699967	0.930541653499066	0.975752676692994	0.975799778871248	0.187105117642718	0.949874627760311	0.971250805535281	0.964461503904425	0.961005213525383	0.936247649333198	0.967997459930798	0.970697215013921	0.125521976618936	0.966372697947956	0.974300716516027	0.935462623264408	0.955930107171768	0.971401796909307	0.903522446420395	0.936998916428501	0.934652133681659	0.904622373062383	0.970282951764865	0.975799778871248	0.965331786966833	0.930547758663082	0.946177264859979	0.937491651608367	0.975415079525015	0.974590438042435	0.95174989951634	0.957244923180979	0.8826411610564	0.941309781074825	0.819391196883345	0.96002646573027	0.93015839522922	0.943031734207339	0.966675122000011	0.971887356540533	0.971972553088674	0.972333809285092	0.975772294251203	0.928232571839016	0.43149184417736	0.775411770992628	0.975799778871248	0.906353034046442	0.886998577695274	0.975799778871248	0.911692626786819	0.297996584112666	0.967098648719335	0.809792684322697	0.947833075354758	0.974098384494316	0.938844709390379	0.973753840753658	0.831762975823548	0.895731470783609	0.974902656645684	0.934348355241289	0.345793661560555	0.96662981675113	0.806134870251852	0.947971969684071	0.975724985309801	0.975659520914651	0.959776806388372	0.957450787743002	0.26994791571657	0.975799778871248	0.967052096660163	0.975799778871248	0.733540296042024	0.970818355139287	0.975799778871248	0.856639949650628	0.954796117674065	0.936998652517365	0.96981340406889	0.970764005445255	0.974622517163637	0.894530829443071	0.971333688217772	0.840772221792599	0.975799778871248	0.338725899027241	0.950908633399599	0.972573076731055	0.96587754468126	0.944504283285575	0.961378176754695	0.919353792130614	0.973730567234874	0.964146978503842	0.65095573403029	0.93951963668129	0.969523783352036	0.950747015745351	0.611957261005363	0.975799778871248	0.968213361465707	0.0720968455267179	0.975799778871248	0.96715221930291	0.96815540189834	0.945701304238894	0.960561348306631	0.916992386722741	0.970936133955796	0.97136826969798	0.0944255381975811	0.147209306799869	0.726130206306418	0.955400763202078	0.970957116600324	0.972483180436622	0.960382219755085	0.940845155006075	0.957406041721753	0.873740136602785	0.967555043277849	0.80158311896673	0.342235901808128	0.602410293296386	0.94993329306401	0.877753572403976	0.975799778871248	0.971011446031442	0.96630030594579	0.950079479973815	0.89680827152521	0.972629445302581	0.975799778871248	0.970167143314016	0.975799778871248	0.949398744479233	0.975799778871248	0.297996584112666	0.97574740691191	0.974084464658943	0.975799778871248	0.975565126555099	0.935184579829135	0.297996584112666	0.763889968603677	0.952873045312096	0	0.975799778871248	0.849172032302059	0.973897147782855	0.956861849059814	0.928243549939662	0.933097594798651	0.948419133966239	0.956102514833765	0.965385489076223	0.066109237001431	0.96240359828529	0.947402068298823	0.940036194504084	0.941753413964773	0.975799778871248	0.92836467523606	0.951897347309618	0.929830566361464	0.297996584112666	0.964238847957585	0.975799778871248	0.969760629068989	0.415563091728764	0.97297203044679	0.889226889714208	0.968472118059171	0.0205080496441017	0.0960716077919067
"SRR5928179"	0.789918004018251	0.211107412683941	0.0428621292896069	0.0257805448813232	0.29749098567285	0.0985734744819501	0	0.225353219453453	0.192178715481573	0.370623462897448	0.422933222968152	0.99387729845637	0.994298453627036	0.0627460108210006	1	0.0834293689073278	0.0235975263877474	0	0.454473602144294	0.128796151422031	0.406825216843403	0.11970853991261	0	0.0415534427287181	0.224814571131965	0.471285003128532	0.814307209533871	0	0.115835952775654	0.0730879693622319	0.53209815559818	1	0.149098021863205	0	0.793740508590241	0.978328847759373	0	0.318494300745317	0.407857638748481	0.0193425831031976	0.508968625610609	0.292258550331894	0	0	0.158272219562691	0.352997340942746	0.000918227514612389	0.579288883634392	0.268315006107857	0.132208214846732	0.987713759216728	0.9861275139052	0.0394639192461285	0.289386697902839	0.367209340042813	0.324695087160471	0.00856472455289591	0.312066076339471	0.000455146581871004	0	0.992315567839666	0.203710894636597	0.0422671949807137	0.09957896325717	0.126408483099887	0.28295021396529	0.0705368655766861	0.0471879203051778	0.987441711262309	0.0840906559565809	0.0143010309413297	0.287084850056646	0.163266679397202	0.0409169877283617	0.42553032856801	0.27895322831771	0.291309296933554	0.421562797826278	0.0508400251051903	0	0.0925858518296457	0.312036048631359	0.226711821938746	0.276310104656458	0.00370622680179141	0.0115664650107119	0.191569234109308	0.15399156536643	0.492803953859615	0.255228639622088	0.632845377741935	0.133743526792714	0.313946459594652	0.245358655038622	0.0815952387702846	0.0365512527045784	0.0357814829533202	0.0325048963705549	0.000265629117110613	0.323258913919097	0.901844742209181	0.696858257494267	0	0.415223082267023	0.47991742455449	0	0.394880548827371	1	0.0780796401834517	0.648540306477995	0.216560805809361	0.0162025401616356	0.268962464241624	0.0194251027592709	0.61088385682674	0.452336138707827	0.00860392734456794	0.292881202340411	0.923372507542861	0.0819698592337277	0.65424044439537	0.215698424956381	0.000722549739770702	0.0013541873812969	0.135596681575583	0.152522467827146	0.938664650533188	0	0.0784672587498591	0	0.743058159802185	0.0461150972356706	0	0.559626178932729	0.171119552612329	0.278954639376268	0.054948657965531	0.0465966941822048	0.0112628265192701	0.456275487845523	0.0415264660166822	0.59351034730028	0	0.924928259748207	0.197057074337501	0.0303234926490061	0.0881497569069348	0.236730823395616	0.123583632233277	0.363448548832759	0.0196420847064335	0.102082212896504	0.808254328422367	0.265247412473984	0.0574667092234119	0.198103674744165	0.8311847969096	0	0.0687082254771207	0.967812664100625	0	0.0776332130656639	0.0691997755633537	0.229586124485665	0.129748868021474	0.373436426963098	0.0450699203129468	0.0412170984129501	0.965104027563601	0.98921352543248	0.750121982948833	0.166949051189265	0.0448834989284543	0.0311441343087357	0.131090370167521	0.25785234043387	0.152842178661631	0.517501676779081	0.0742636252748115	0.661130607739506	0.924159323729438	0.836237516682085	0.203336043118539	0.506623977745115	0	0.0444004965934228	0.0846861563586812	0.202400574535605	0.448761115614145	0.0298082673261764	0	0.0518564035089643	0	0.206739933810011	0	1	0.000506044602855559	0.0163331107879758	0	0.00226366726524606	0.288539109202013	1	0.710760126486081	0.184136398785737	0.975799778871248	0	0.57613324008585	0.01808708933079	0.156713030827943	0.323206463284583	0.299288489139826	0.212910402138759	0.16206096623668	0.0921510899434204	0.982246828852107	0.115730807222786	0.219226067632672	0.262381249193152	0.252707968331322	0	0.322627279005327	0.190600418876943	0.315547675724785	1	0.101352352190172	0	0.0554084160905273	0.906261043504963	0.0266661143774895	0.473109550115581	0.0665079371450311	0.97363758950137	0.964899522713396
"SRR5928244"	0.374082901647122	0.412235069033042	0.545965671742372	0.55815869239921	0.332263228255982	0.504539248855573	0.57613324008585	0.399634622647864	0.428641172361448	0.257225937723686	0.198813914949343	0.906468585000258	0.907832513887976	0.531477695917817	0.926431257831059	0.516059825423635	0.559700458888768	0.57613324008585	0.161467930185553	0.480939624438856	0.21725429488377	0.48812276916819	0.57613324008585	0.54690800375046	0.400115092958779	0.14086061567799	0.426636403396371	0.57613324008585	0.491160824743153	0.523813585623442	0.0619034723139958	0.926431257831059	0.464614007788694	0.57613324008585	0.382158192648805	0.857043823053309	0.57613324008585	0.311449558789385	0.216084794464532	0.562694925169494	0.0927818813487618	0.337360717262088	0.57613324008585	0.57613324008585	0.457107592998001	0.275984686299825	0.575501678119918	0.00460173328784438	0.360254673064875	0.478222917521823	0.886661303705874	0.881609793968014	0.548409750412834	0.340143913035188	0.26089442805454	0.305194691903387	0.570217825639794	0.317880371195935	0.575820266409145	0.57613324008585	0.90142263771055	0.418690954136545	0.546394229521078	0.503767259515491	0.4828342798497	0.346344487739612	0.525712438865107	0.542841074677537	0.88579361771555	0.515560905709364	0.566224943590901	0.342367284946267	0.452986617374362	0.547365794576453	0.195801536149315	0.350169297140402	0.338281805907747	0.200399033460447	0.540191352903075	0.57613324008585	0.509118035129134	0.317910284306383	0.398421337134136	0.352687847206708	0.573580213619295	0.568131517356131	0.42916318093627	0.460620209716517	0.1137342086827	0.372475640168944	0.0863595287508909	0.476996954824986	0.316004824455324	0.38156051574777	0.517441657364342	0.550497297097948	0.551047877359862	0.553386229717985	0.575950603597852	0.306647931469303	0.637683429029488	0.19410015782991	0.57613324008585	0.207692353590011	0.130081584667956	0.57613324008585	0.230663682876964	0.926431257831059	0.520082279489457	0.111707579453674	0.407437600380492	0.564895823669227	0.359644756969638	0.562636983839622	0.0519742924954303	0.164052329771394	0.570190622405328	0.336755927095731	0.695738108427826	0.517159652515493	0.12107920210693	0.408198395405045	0.575636319150774	0.575201602071917	0.475514255290301	0.461821621649596	0.738655245181818	0.57613324008585	0.519791649001891	0.57613324008585	0.27964812338266	0.543617396725811	0.57613324008585	0.0237028211111341	0.446457359557681	0.350167950313911	0.537197469696578	0.543269015601024	0.568342866873585	0.159283089259345	0.546927414185615	0.0256285792546999	0.57613324008585	0.700039001358387	0.424449028414998	0.554938312966797	0.51249020935312	0.389410614025635	0.485069053201447	0.264915824187033	0.562484604542314	0.501841453877291	0.413362711247003	0.363137593650786	0.535355805094817	0.423546409386653	0.464486631733084	0.57613324008585	0.527070184455952	0.824610513891775	0.57613324008585	0.520416845628057	0.526705488859396	0.395847739134424	0.480182153975828	0.254190591126117	0.544372822564302	0.547149970555446	0.816382503553907	0.891454669697675	0.293365389354938	0.449932532283649	0.544507470671595	0.554354859393695	0.479114145167143	0.370041612486853	0.46156034337816	0.0815154873012972	0.522936670825744	0.132527986658744	0.697911450360292	0.476064757864764	0.419016584563744	0.0958523863461652	0.57613324008585	0.544856202928242	0.515111298834048	0.419828569542853	0.168357172524384	0.55530435413429	0.57613324008585	0.539452015464531	0.57613324008585	0.416054180248996	0.57613324008585	0.926431257831059	0.575785257654677	0.56480445569942	0.57613324008585	0.574575139443189	0.34096337096708	0.926431257831059	0.219108084509575	0.435498399651656	0.849172032302059	0.57613324008585	0	0.563575826255115	0.458389095539776	0.306700953413383	0.330504110561317	0.410652491029504	0.453983704388754	0.509449282010156	0.869329934146436	0.491243121812455	0.405081191340315	0.365821100824043	0.374806523953786	0.57613324008585	0.307286203182023	0.429992159393683	0.314404087422697	0.926431257831059	0.502403523553638	0.57613324008585	0.536861596651257	0.649375564938978	0.55753219861423	0.138593680442207	0.52870017064241	0.842478462046006	0.815763340275402
"SRR5928391"	0.782355635516436	0.19371678160007	0.0247931379176242	0.00769683486508245	0.280826672312029	0.0806217283778484	0.01808708933079	0.208064651278884	0.174663277520896	0.354775667442946	0.407783279899278	0.992590910869025	0.993026562340279	0.0447066945478031	0.998924983458735	0.0654352522022078	0.00551265245338298	0.01808708933079	0.439790428489324	0.110952430421852	0.391450246835983	0.101829047629461	0.01808708933079	0.0234829716147673	0.207522016727209	0.45686478504788	0.807417353222271	0.01808708933079	0.0979420767549674	0.05506942582385	0.518711544266629	0.998924983458735	0.131344441824027	0.01808708933079	0.786282147857553	0.97651172570136	0.01808708933079	0.302045530293506	0.392496820902931	0.00125590748284389	0.495173666700175	0.275542913687064	0.01808708933079	0.01808708933079	0.14056401155118	0.336935801532489	0.0171691303029884	0.5667935013963	0.251376583763241	0.11437865549081	0.986215947766871	0.984575510753572	0.0213912066366412	0.272643294417221	0.35131930145118	0.30831286963328	0.0095237539175928	0.295549716743009	0.0176320794208015	0.01808708933079	0.990975480458391	0.186270027085378	0.0241975236668285	0.081630308125763	0.108555089493441	0.266145613776716	0.0525128583502484	0.0291242360331852	0.985934599295937	0.0660982256228313	0.00378698071619447	0.270319396669223	0.145584386537562	0.0228458180919281	0.410417511759592	0.262111346033534	0.27458445078333	0.40639335879498	0.0327813186591002	0.01808708933079	0.0746164155966098	0.295519376665724	0.209433352403202	0.259443871604345	0.0143817702840977	0.00652190901421273	0.1740499823225	0.136261827445573	0.478734712125183	0.238176819397375	0.621456092177309	0.115920469884985	0.297449723203978	0.228225216485343	0.0635965230395761	0.0184756641375283	0.0177051826700226	0.0144257927368253	0.0178215408341421	0.306861163532904	0.897542796671542	0.686923411337002	0.01808708933079	0.399964303382559	0.465636060915408	0.01808708933079	0.379344538655315	0.998924983458735	0.0600724307256583	0.63749427017769	0.199208419635607	0.00188506932656542	0.252029805795669	0.00133845621241014	0.599028814483536	0.437620237913502	0.00948455174012237	0.27617162348084	0.91974882288594	0.0639720735044821	0.643321216810957	0.198339922714024	0.0173647532694685	0.0167332878580442	0.11778158090497	0.134785485911747	0.935532817029962	0.01808708933079	0.0604609650567382	0.01808708933079	0.73426284618601	0.0280500372165658	0.01808708933079	0.54674997051017	0.153479738714143	0.262112770156441	0.0368960958745512	0.0285322468853523	0.00682557202601733	0.441620026928776	0.0234559650147195	0.58129885659722	0.01808708933079	0.921354232098453	0.179572623008192	0.0122427257142798	0.0701680054644669	0.21952878985813	0.1057190472767	0.347512445876799	0.00155551571459755	0.0841414033071357	0.801195599526415	0.248281878037534	0.0394181976918715	0.180625977906648	0.824772689588222	0.01808708933079	0.0506804387081574	0.965641488432473	0.01808708933079	0.059624955270095	0.0511729935299232	0.212329229513639	0.111909061079077	0.357623740411601	0.0270035577763215	0.0231462564320283	0.962842300001297	0.987767034166499	0.741507550968397	0.149286413871835	0.0268169079882615	0.0130639740636052	0.113256127283023	0.240822781851547	0.135106766907612	0.503855189491442	0.0562476745048531	0.650366190333279	0.920560742126156	0.829970403789437	0.185892679732324	0.492788668667255	0.01808708933079	0.0263333193959496	0.0666952574282521	0.184951003702812	0.433990832754703	0.0117271312283051	0.01808708933079	0.0337991633784985	0.01808708933079	0.189319411581977	0.01808708933079	0.998924983458735	0.0175811962450089	0.00175446656364625	0.01808708933079	0.0158240320996311	0.271787565182026	0.998924983458735	0.701160242218773	0.166571663696845	0.973897147782855	0.01808708933079	0.563575826255115	0	0.138996907923444	0.306808146972747	0.282642025341185	0.195532302222595	0.144372338779758	0.0741804169961559	0.980562627899254	0.0978365478291291	0.201892745553405	0.245390676461325	0.235634984325639	0.01808708933079	0.306222719811862	0.173075131023533	0.299067745672073	0.998924983458735	0.0834092329628686	0.01808708933079	0.0373565774132085	0.902096891080395	0.00858292284447306	0.45871846359607	0.0484757541433606	0.971662035352355	0.962630969049991
"SRR5928480"	0.716747799646475	0.0561432697383644	0.114575548491421	0.13143246929761	0.147241407227705	0.0589976918476405	0.156713030827943	0.0710011559123596	0.036500750218826	0.226285585229306	0.283940006747432	0.981037174669546	0.981602193209506	0.0948451565722704	0.989259450847145	0.0741970735109471	0.133580630586378	0.156713030827943	0.319163999760495	0.0284577130057601	0.266085297642803	0.0376698869901065	0.156713030827943	0.115870047030113	0.0704381889891232	0.338082774489695	0.747399451919947	0.156713030827943	0.0415879171864743	0.0845367621680007	0.407369753774977	0.989259450847145	0.00778631176163898	0.156713030827943	0.721535300373004	0.960234940252261	0.156713030827943	0.169759306843952	0.267226963534009	0.137763644437358	0.38085887748697	0.141654347797234	0.156713030827943	0.156713030827943	0.00159647312881107	0.207070038562862	0.155815914998467	0.462073083744762	0.116202652751385	0.0249923744950708	0.972777622809571	0.970654793485213	0.1179358746458	0.13859168850855	0.222555343462526	0.176435271245377	0.148335771223945	0.162851994981908	0.156268379263811	0.156713030827943	0.97894268707317	0.0484543549793595	0.115164095234683	0.0579860923527852	0.0308805470722607	0.131737401121795	0.0870825404869568	0.11029307274576	0.972413465725976	0.0735348089388853	0.142713156317242	0.136138862025027	0.006715431335273	0.116499420161373	0.286827212377811	0.127487798374604	0.140641725589245	0.282417454436092	0.10667324905259	0.156713030827943	0.065015401267535	0.162819761578592	0.0724215071196721	0.124680494699423	0.153090526314848	0.145394713399217	0.0358701610645695	0.00278474199537635	0.362446915535359	0.102370987846198	0.525173565587768	0.0234319293534758	0.164871099056559	0.0919755500356814	0.0760332302832137	0.120813373600683	0.121573433725277	0.124806749521827	0.156453533988902	0.174887899800558	0.859509969905892	0.602052169852803	0.156713030827943	0.275382520568255	0.347836555223482	0.156713030827943	0.252903582239095	0.989259450847145	0.0795499028232153	0.543874351474787	0.0618233483591225	0.140847228719296	0.116888429234046	0.137682569858384	0.49916582838656	0.316765803685692	0.148297377760871	0.142318726879932	0.887594575173342	0.0756582776369917	0.550689899754016	0.0609244917435688	0.156007114178111	0.155389893497455	0.0215474772992652	0.00428704644442942	0.907670151514218	0.156713030827943	0.0791623469050426	0.156713030827943	0.658551092155531	0.111355666649653	0.156713030827943	0.439179226436761	0.0147797085991897	0.127489297692272	0.10259623102081	0.110878703541067	0.145692332230102	0.321186943562215	0.115896725984712	0.478722282667595	0.156713030827943	0.889632177825615	0.0415522677507283	0.126957604082934	0.069466839003954	0.0829140953319489	0.0337447568656146	0.218450931557571	0.137469378231678	0.0554663057080946	0.739768995670744	0.112955364185517	0.100095091352983	0.0426369935457188	0.76875793411937	0.156713030827943	0.0889061718786306	0.94622849069743	0.156713030827943	0.0799962022186583	0.0884160658786079	0.0754283899097815	0.0274904789207069	0.229361994692992	0.112390552310643	0.116202663643458	0.942629080984279	0.974785789658518	0.667265948034798	0.0104945489139723	0.11257510434129	0.126148618202934	0.0261280648274059	0.105139663794699	0.00396016571862888	0.390616583269128	0.0833629081501677	0.558945298983937	0.888624950136653	0.77517572367927	0.0480651456198006	0.378182379376462	0.156713030827943	0.113053215792404	0.0729383162633759	0.0470940396033715	0.312758311972401	0.127465410971545	0.156713030827943	0.105665155146154	0.156713030827943	0.0516010440345451	0.156713030827943	0.989259450847145	0.156218651163885	0.140719062858888	0.156713030827943	0.15450097008396	0.137688303874447	0.989259450847145	0.618962568622279	0.0281892899967075	0.956861849059814	0.156713030827943	0.458389095539776	0.138996907923444	0	0.174831401119587	0.149162817986461	0.0580201611303729	0.00547895521657021	0.0654519279678474	0.965466276918123	0.041694233051384	0.0646028360160071	0.109924068975963	0.099713131766453	0.156713030827943	0.174207577484361	0.0348680336644402	0.166591367535505	0.989259450847145	0.0562011831990984	0.156713030827943	0.102139700538236	0.865254577739651	0.13056064393892	0.340142105406179	0.0910991161328601	0.953980406670179	0.942357458051702
"SRR5928414"	0.614410015069161	0.119795296977432	0.284049463788892	0.299777864500338	0.0282753447808354	0.231579980638828	0.323206463284583	0.105058165978343	0.139166855819596	0.0534450380157192	0.114458558703292	0.961480621101477	0.96226120150495	0.265530788173607	0.972856905495091	0.246023515923247	0.301776077053367	0.323206463284583	0.152336329921068	0.202341220783359	0.0954341216456316	0.211191665380487	0.323206463284583	0.285260335915775	0.105617886890641	0.172872456303755	0.652897099947681	0.323206463284583	0.214947767634552	0.255808283560589	0.249253291595665	0.972856905495091	0.182383940341714	0.323206463284583	0.620392292836495	0.932862129987874	0.323206463284583	0.005217910320987	0.0966470814946986	0.305663137378026	0.219808574475361	0.0339691714916656	0.323206463284583	0.323206463284583	0.173280467289156	0.0333763463811994	0.322378320636901	0.310889545639225	0.0597721264448514	0.199005034321326	0.950089680176032	0.947167991920463	0.287191659616967	0.0370858094253718	0.0495388696305657	0.00165184681689908	0.315463979276508	0.0123093993886694	0.322796027784512	0.323206463284583	0.958588569628466	0.127393187509017	0.284600052378606	0.230616145672141	0.204671507127174	0.0440492627573997	0.258212394445743	0.280040029924612	0.949588311465463	0.245395672959698	0.310255709245921	0.0395795481626525	0.168302023506131	0.285848867725648	0.117545940535039	0.0483584868151759	0.0349999969222578	0.112831684061559	0.276646666220947	0.323206463284583	0.237306988537477	0.012342453421024	0.103645537756913	0.051201800292716	0.319861005306827	0.312740830014978	0.139786658485561	0.177534758283377	0.199519863652084	0.0737024485240817	0.383496420273668	0.197501508354475	0.0102381723311381	0.0841296372314215	0.24776353023869	0.289879661133173	0.290589250752178	0.293605919266537	0.32296694191839	5.81734689547658e-05	0.797519705666361	0.474219801708419	0.323206463284583	0.105325822206903	0.183513089136121	0.323206463284583	0.0814636998770325	0.972856905495091	0.251093168771145	0.405332824784006	0.114169981692804	0.308525204208478	0.0590797755662285	0.305587848672965	0.353371401386321	0.14974275149008	0.315428447039516	0.0332926581300211	0.834728043485824	0.247408294793086	0.413327918002274	0.115060879904373	0.322554839798678	0.321984969532445	0.195684767997028	0.178992128984317	0.861573397429206	0.323206463284583	0.250726411573663	0.323206463284583	0.542535298298637	0.281035392841015	0.323206463284583	0.284948593686297	0.160442047008886	0.0483569675482894	0.272819948625847	0.280588649789787	0.313016514807273	0.154525765192905	0.285285286046768	0.329888003854413	0.323206463284583	0.837443276706571	0.134197070372508	0.295610914297566	0.241536169218908	0.0931892536557713	0.207423925107362	0.0452466343632996	0.305389862053376	0.228213952354739	0.643274738607155	0.0630483832589081	0.270469860527013	0.133128809519074	0.679978296247863	0.323206463284583	0.259933323584861	0.913723667099439	0.323206463284583	0.251515459675611	0.259470919173358	0.100652797624651	0.201410416407838	0.0566702891922741	0.282004471994591	0.285571383259743	0.908822293082092	0.95285579517531	0.553199922210469	0.164621249054635	0.282177254635309	0.294856952735459	0.200098815350486	0.0709191920292678	0.178675086540297	0.230614179782285	0.254699082571464	0.423038512924978	0.836100816024486	0.688158295107733	0.127777273742103	0.216851111474459	0.323206463284583	0.282624827668937	0.244830067571334	0.128735380905433	0.145413585410736	0.296084081502719	0.323206463284583	0.275700932087983	0.323206463284583	0.124286095060263	0.323206463284583	0.972856905495091	0.322750122634027	0.308406302047033	0.323206463284583	0.321164041911562	0.038004501884504	0.972856905495091	0.494518587019564	0.147325767645697	0.928243549939662	0.323206463284583	0.306700953413383	0.306808146972747	0.174831401119587	0	0.0263147351350759	0.117937676214653	0.169505327853806	0.23772199096016	0.94003716194936	0.215049622519362	0.111413417334623	0.0661035006581745	0.0763718749462402	0.323206463284583	0.000642241554066644	0.140771377816005	0.00847237837929868	0.972856905495091	0.228914738567871	0.323206463284583	0.272391131423404	0.805097903073452	0.29896650074044	0.175116015303694	0.262001418737737	0.92430297533082	0.90845269874646
"SRR5928171"	0.631116975193104	0.0937588577068671	0.25956152005756	0.275509530960233	0.00196198418799508	0.206449841454182	0.299288489139826	0.0789489398186775	0.113242602066789	0.0796542928757482	0.140375192795497	0.964810735639186	0.965554913041377	0.240800313594194	0.975653697418377	0.221056297590855	0.277536540470516	0.299288489139826	0.1779792842041	0.17691343712834	0.12146164812305	0.185849437168758	0.299288489139826	0.260788854388081	0.0795112270926653	0.198337647906064	0.668399107105621	0.299288489139826	0.189643039825311	0.230957413968918	0.273876610385508	0.975653697418377	0.156777681804556	0.299288489139826	0.636916556438845	0.93750746571239	0.299288489139826	0.0210995526895291	0.122668068609703	0.281480197987713	0.24479011611911	0.00766088426013733	0.299288489139826	0.299288489139826	0.147599439872136	0.0596417591487313	0.298447487692143	0.334626646393334	0.033507015007574	0.173546022579258	0.953947820771597	0.951160601687358	0.262746588568542	0.0107809808009645	0.0757606130522614	0.0279654373722108	0.29142714308279	0.0140096085953698	0.298871676345585	0.299288489139826	0.962053312259248	0.101398513160188	0.260119584884732	0.205475508813911	0.179265867835664	0.0177539046519808	0.233390851086931	0.255498105949869	0.953469555316747	0.220421153980802	0.286140626130839	0.0132778342798394	0.142581865647463	0.261385414266711	0.143442901703182	0.0220701960711684	0.00869280024280619	0.138758496373286	0.252059691494938	0.299288489139826	0.212240190894055	0.013976555928818	0.0775299041222141	0.0249186780991594	0.295891298907483	0.28866291081387	0.113866304023966	0.151888154691449	0.224723661309467	0.047474408809636	0.405953774076316	0.172028605864819	0.0160806420555799	0.0579356694981333	0.222816648948311	0.26547166210461	0.266191099145452	0.269249916321578	0.299045245082965	0.026372870590602	0.807870581442536	0.494721604904087	0.299288489139826	0.131297910015286	0.208878062786977	0.299288489139826	0.107561327444957	0.975653697418377	0.226185629608124	0.427355598105083	0.0881044790127954	0.284384427004696	0.0328130735099811	0.281403805778968	0.376390609663194	0.175406687989283	0.291391072365107	0.00698368386022553	0.843595254437283	0.222457249153853	0.435185842565586	0.0889998747362849	0.298626744798221	0.298048041103258	0.170195232614701	0.153357526627884	0.869330110786395	0.299288489139826	0.225814511491771	0.299288489139826	0.561304649967039	0.256506793880478	0.299288489139826	0.309081133147846	0.134662639917713	0.0220686741499843	0.248182868272099	0.256054064042139	0.288942737643812	0.180150750413927	0.260814144504169	0.35331483287614	0.299288489139826	0.846199692633541	0.108242245728166	0.271283179810239	0.216517208106823	0.067029287926764	0.182044793363186	0.071481232515207	0.28120291864763	0.203047355525543	0.659084564266911	0.036791122155841	0.245802375823651	0.107167574962223	0.694590533062718	0.299288489139826	0.235132951947112	0.919227422675846	0.299288489139826	0.226612950160416	0.234664844116988	0.0745239183279865	0.175973863763262	0.0828686652017216	0.257488894321541	0.261104142496196	0.914543163482674	0.956586263471212	0.571678758112645	0.138872959588211	0.257664003590738	0.270518564257089	0.174649980205992	0.0446829733197589	0.153037864313766	0.255469162616687	0.229834780891348	0.444692088323336	0.844912053936239	0.70249497672815	0.101784787302492	0.241866300507201	0.299288489139826	0.258117610502126	0.219848988676202	0.102748384375302	0.171111811223724	0.271763047888441	0.299288489139826	0.251101505404508	0.299288489139826	0.0982739926028407	0.299288489139826	0.975653697418377	0.298825058458117	0.28426376498686	0.299288489139826	0.297214417429316	0.0117007847987785	0.975653697418377	0.514528874430321	0.121454382374242	0.933097594798651	0.299288489139826	0.330504110561317	0.282642025341185	0.149162817986461	0.0263147351350759	0	0.0918914646522983	0.143794514019043	0.212659847536994	0.944356308631594	0.189745921501307	0.0853342497938705	0.0398540412176351	0.0501520421140242	0.299288489139826	0.025672902114856	0.114857257935143	0.0178461030632338	0.975653697418377	0.203755684947836	0.299288489139826	0.24774848241361	0.815151839082528	0.274686532070117	0.200560536519022	0.237226687658636	0.929334310857745	0.914189895850677
"SRR5928173"	0.685572062149185	0.00188266577431045	0.171522099411993	0.188102018047549	0.0899447491679322	0.116641908040814	0.212910402138759	0.0130315418332971	0.0215624074649149	0.170371570815309	0.229479477140752	0.975287014808303	0.975915859761761	0.152077339384199	0.984442154013025	0.131683466521875	0.190212701773463	0.212910402138759	0.265777960682341	0.0863436393888124	0.211134258783509	0.0954935298792726	0.212910402138759	0.17279640170562	0.0124659978715141	0.285332594157787	0.718725388941905	0.212910402138759	0.0993822851715941	0.141901582128978	0.35730125491838	0.984442154013025	0.0657784927244755	0.212910402138759	0.690742684045273	0.952163411051564	0.212910402138759	0.112785117557229	0.212306201928189	0.194321326382955	0.329698584529147	0.0842864489557548	0.212910402138759	0.212910402138759	0.0564286094797617	0.15075527002184	0.21203120499138	0.41451667072888	0.0585542054674961	0.0828993494861451	0.966099116296274	0.963739102278428	0.17482962818057	0.0811862144537677	0.166560271026045	0.119567590362382	0.204697139060577	0.105772860532017	0.212474642571905	0.212910402138759	0.972956284598518	0.00959119483172792	0.172101486090234	0.11563992873272	0.0887509837392125	0.0742516192892485	0.14441566481978	0.167305160425147	0.965694230696323	0.131028596997717	0.199180411189666	0.0787040484281137	0.0513235587094184	0.173415890906151	0.232449415838651	0.0699548527169834	0.0832612873806334	0.227913679209075	0.163739202742531	0.212910402138759	0.122600108976008	0.105740149912543	0.0144585500561434	0.0671174942333364	0.209359728086399	0.201811887661689	0.0221934904798318	0.0607956541827182	0.310576362092401	0.0446002568140374	0.480952141054416	0.081347957262067	0.107822089190225	0.0341268649239227	0.133498873415277	0.177660957077613	0.178408674246222	0.181588793557435	0.212656097183599	0.117995087434142	0.840978278248744	0.562533957487922	0.212910402138759	0.220682363394314	0.295430296466016	0.212910402138759	0.197613697599157	0.984442154013025	0.136974792701305	0.500731983441284	0.0038160757804326	0.197348880127574	0.0592465970207649	0.194241711317413	0.453512799355027	0.263302098931613	0.204659480036229	0.0849591171920183	0.871850141126173	0.133128187471917	0.507951157113728	0.0029140294680093	0.212218592389732	0.211613662771626	0.0794740856757561	0.0622926184453005	0.893979209077826	0.212910402138759	0.136591793208331	0.212910402138759	0.622942488145257	0.168351675890892	0.212910402138759	0.390528847893352	0.0432753940281006	0.0699563683204057	0.159721174767713	0.167881944797354	0.202103901021378	0.267866931031477	0.172822662542285	0.432000136107831	0.212910402138759	0.874093839840218	0.0165053608488017	0.183703642989667	0.127005015698809	0.0250072076628277	0.0915960615253244	0.162368486978932	0.194032354249211	0.113143624906505	0.710461346182068	0.0552763020547278	0.157255342889447	0.0154190829030957	0.741895588678475	0.212910402138759	0.146216163699482	0.936625170469526	0.212910402138759	0.137415825030838	0.14573230970866	0.017480259426336	0.085382411325548	0.173516014201843	0.169370786299165	0.173123800047058	0.932636166658812	0.968332188723106	0.632294846386634	0.0475528753117329	0.169552513082578	0.182908257379282	0.0840282850451334	0.0473917123593872	0.0619669205815644	0.339848639578459	0.140742108415538	0.516702877755105	0.872984669134714	0.748868794300447	0.00998122440408884	0.32691639775577	0.212910402138759	0.170023288341603	0.130438724541406	0.0109543044058742	0.259166297426801	0.184202877212994	0.212910402138759	0.162745860480649	0.212910402138759	0.00643726365922589	0.212910402138759	0.984442154013025	0.21242590761327	0.197223063278234	0.212910402138759	0.210742369904743	0.0802719459932799	0.984442154013025	0.580574048762197	0.0298768813212156	0.948419133966239	0.212910402138759	0.410652491029504	0.195532302222595	0.0580201611303729	0.117937676214653	0.0918914646522983	0	0.0525569371337304	0.123032167057235	0.957973302621316	0.0994877835147575	0.00660598927536914	0.0522174842271446	0.0419213316859581	0.212910402138759	0.11730380067725	0.0231963130930076	0.109568383633593	0.984442154013025	0.113871724576954	0.212910402138759	0.159271138974756	0.847284920741936	0.187245262528607	0.287463624639144	0.148380818023989	0.945221761299097	0.932335210827849
"SRR5928369"	0.713908592016086	0.0506789929347736	0.11998358395741	0.136818655826947	0.141870216237233	0.0644570288835997	0.16206096623668	0.0655462092729937	0.0310276375722636	0.221064695367156	0.278869541216211	0.980520663685894	0.981091430628099	0.100275047957314	0.988826921688336	0.079645542641131	0.138963822599478	0.16206096623668	0.31420238542829	0.0339316867368553	0.260964567390141	0.0431404585690381	0.16206096623668	0.1212765083754	0.0649828472714086	0.333184933921661	0.744792211631734	0.16206096623668	0.0470567765558446	0.089976477472911	0.402737175698484	0.988826921688336	0.0132647341542277	0.16206096623668	0.718731677834214	0.959509118787407	0.16206096623668	0.164424348528946	0.262109348460365	0.143140869032594	0.376118919290035	0.13627497884842	0.16206096623668	0.16206096623668	0.0038825140640492	0.201806662214762	0.161165320388903	0.457685144004709	0.110790113191771	0.0304674014866009	0.972177462309066	0.970033249228876	0.123339788181251	0.133207973608918	0.217325906860747	0.171112062946651	0.15369711081519	0.157505364751786	0.161617044297962	0.16206096623668	0.97840489630609	0.0429861449686404	0.120571417162621	0.0634460681911215	0.0363537108408701	0.12634431130737	0.0925199314660961	0.115706192746436	0.971809633632067	0.0789838012155263	0.148083087337	0.130751736474646	0.00123651895659718	0.121905109948668	0.281765185204236	0.122089140113783	0.135260908984869	0.277342573771425	0.112090519516266	0.16206096623668	0.0704707202446132	0.157473078037629	0.0669675718010911	0.119278260303079	0.158444346620632	0.150760587558262	0.0303968307512428	0.00826357849668728	0.357636673492858	0.0969432300175673	0.521106441404006	0.028907390188219	0.15952782964449	0.0865376559536751	0.0814802253292811	0.126213665036787	0.126972754187007	0.130201872950532	0.161801895451316	0.169561927005226	0.857834729676128	0.598431884575302	0.16206096623668	0.270287551748673	0.342973044136906	0.16206096623668	0.24774786197806	0.988826921688336	0.0849939776578223	0.539910260043094	0.0563623692306466	0.146219938977934	0.111476695646661	0.143059911825245	0.494961460672667	0.311796370269843	0.153658777121338	0.136940313494837	0.886173383774782	0.0811055765216842	0.546764263545479	0.055462968576477	0.16135620697105	0.160739994050506	0.0270234285823979	0.00976578567838131	0.906435617159515	0.16206096623668	0.084606749810839	0.16206096623668	0.65529842842265	0.116767542664257	0.16206096623668	0.434685120991678	0.00930146258557898	0.122090641363151	0.108018014548533	0.116291139378183	0.151057751565259	0.316231971206948	0.121303154706667	0.474414970856041	0.16206096623668	0.8882297392265	0.0360810469458595	0.132349875950732	0.0749189455603582	0.0774682765429172	0.0392168850362859	0.213212257375766	0.142847028512999	0.0609278268720009	0.737103092603305	0.107539074190244	0.105519558782359	0.0371662133395425	0.766318128899447	0.16206096623668	0.0943418568102987	0.945364290365243	0.16206096623668	0.0854398973375014	0.0938522126822483	0.0699766643080339	0.0329647590939902	0.224148261910666	0.11780120559892	0.121608717737316	0.94172965149511	0.974205901337993	0.66407295045224	0.00501586525568978	0.117985538420799	0.131541968197537	0.0316027602785333	0.0997147939231174	0.00943892809860067	0.385915299398858	0.0888036727028041	0.55506688937486	0.887213236226081	0.772787159852411	0.0425967527441164	0.373431985677375	0.16206096623668	0.118463080345086	0.0783877758619446	0.0416251972858937	0.307775945600103	0.132857002647805	0.16206096623668	0.111083557455519	0.16206096623668	0.0461343698964466	0.16206096623668	0.988826921688336	0.161567397669984	0.146091962700881	0.16206096623668	0.159852515126549	0.132303325583881	0.988826921688336	0.615448826995359	0.0227136378994382	0.956102514833765	0.16206096623668	0.453983704388754	0.144372338779758	0.00547895521657021	0.169505327853806	0.143794514019043	0.0525569371337304	0	0.0709069409533665	0.964792666184227	0.0471630437541103	0.0591435919831176	0.104504376358978	0.0942826760968487	0.16206096623668	0.168880397081059	0.0293943658820793	0.161250994796112	0.988826921688336	0.0616622604407231	0.16206096623668	0.107561978763513	0.863630631266651	0.135948032229752	0.335251430698888	0.0965327041406891	0.953192538735577	0.941455375562216
"SRR5928424"	0.749110227067875	0.12117592926074	0.0494729521360646	0.0665193427529324	0.210780670426289	0.00647778877796096	0.0921510899434204	0.135858612826628	0.101723853586439	0.28772503524685	0.343383190226046	0.986826216190304	0.987326602052642	0.029566045626778	0.994104704384986	0.00878531744116624	0.068694214545382	0.0921510899434204	0.377196679907928	0.0370592091107265	0.326188290097177	0.0278466876207596	0.0921510899434204	0.0507807361729909	0.135302772338163	0.395298512746759	0.777059448207927	0.0921510899434204	0.0239253309360296	0.0191847837021221	0.461242022858697	0.994104704384986	0.0576933006174341	0.0921510899434204	0.753482295413684	0.968380653030536	0.0921510899434204	0.232775949677103	0.327288880583402	0.0729309070709463	0.436075429078291	0.205313910982385	0.0921510899434204	0.0921510899434204	0.0670418050240279	0.269088049540806	0.0912401317248484	0.512918806058819	0.180362940773662	0.0405219666299297	0.979507724435694	0.977625626148333	0.0528682008404558	0.202315612642253	0.284110513318637	0.239285364739092	0.0836485278017654	0.226035376811676	0.0916995647466444	0.0921510899434204	0.984971031076756	0.113567154922716	0.0500675131084589	0.0074926109642749	0.0346372993667279	0.195601298214853	0.0217473243925585	0.0451480223040933	0.979184896155681	0.00811967775640304	0.0779467802021646	0.199913522212906	0.0721375045733141	0.0514166445219768	0.346160208537264	0.191435651115076	0.204322692923195	0.341918353426842	0.0414941058114949	0.0921510899434204	0.000438282798483837	0.226003908187472	0.1372608135732	0.188682621199752	0.0884733143318395	0.0806655801905189	0.101098599809795	0.0626779426417028	0.418549747702434	0.16677077237441	0.572108958421857	0.0420807658950617	0.228006328343171	0.156540166112958	0.0106311173540084	0.0557767305738238	0.0565451606662448	0.0598148932563528	0.0918875786443146	0.237777068293588	0.87843148262051	0.643623556126053	0.0921510899434204	0.335146583476017	0.404614965263057	0.0921510899434204	0.313469787797186	0.994104704384986	0.0141674307113748	0.589565293668939	0.126792191775494	0.0760554724345063	0.181036244360347	0.0728487711637003	0.547767021455599	0.374899084844614	0.0836095804665791	0.205964180224696	0.903617981519444	0.0102541614277124	0.59591762279195	0.125903694780214	0.09143427255647	0.0908075723793016	0.0439628301444996	0.0611810456856807	0.921571313918247	0.0921510899434204	0.0137776347486121	0.0921510899434204	0.695765254537338	0.0462209357563609	0.0921510899434204	0.491332866742706	0.0801586245669894	0.19143712119382	0.0373806534921555	0.0457393230443159	0.0809673884156035	0.379134246200033	0.0508076911452545	0.528579682935246	0.0921510899434204	0.905442103991501	0.106730881048706	0.0619907002812127	0.00403217318394434	0.147611752283749	0.0317732474493167	0.280131534022859	0.072632792645798	0.0100198729693864	0.770111178998167	0.177173946418254	0.0348581917498818	0.107805647846348	0.796475239754816	0.0921510899434204	0.0235834602864417	0.955935810285979	0.0921510899434204	0.0146163328660243	0.0230899528902167	0.140228465675639	0.0380258718481668	0.290704775076004	0.0472660078869247	0.0511168003847591	0.95273442641725	0.981287735504516	0.703776969471581	0.075897389628396	0.0474523905829923	0.0611722609987328	0.0393872853563505	0.169493351481562	0.0615067734150347	0.445347691355037	0.0180034728407221	0.603605034854146	0.904540458104598	0.802299758911543	0.113181811057121	0.433530181539624	0.0921510899434204	0.0479352645221167	0.00752019188143811	0.112220269363381	0.371058214860428	0.0625044831667892	0.0921510899434204	0.0404768094426951	0.0921510899434204	0.116681915406669	0.0921510899434204	0.994104704384986	0.0916490694798765	0.0759255793787144	0.0921510899434204	0.089905081144352	0.201430998043786	0.994104704384986	0.659266493377042	0.0934788219057104	0.965385489076223	0.0921510899434204	0.509449282010156	0.0741804169961559	0.0654519279678474	0.23772199096016	0.212659847536994	0.123032167057235	0.0709069409533665	0	0.973023536373531	0.0238188983487332	0.129539024568671	0.174195923867974	0.164156299330004	0.0921510899434204	0.237113835742846	0.100104851582863	0.229685188001769	0.994104704384986	0.00928289670217639	0.0921510899434204	0.0369201727298839	0.883590026710926	0.065636842620224	0.397266423462201	0.0257919910283747	0.962825957242148	0.952492785313404
"SRR5928451"	0.713820311458712	0.95822872883324	0.978160444269644	0.979828744296269	0.944670254509087	0.972316246252445	0.982246828852107	0.956181211520794	0.960847791874156	0.930614970510149	0.918645902541968	0.143937926873252	0.149872583593652	0.976147970642383	0.236270006273742	0.973969471908409	0.980038068761927	0.982246828852107	0.910463632717046	0.968859797673957	0.922529439925356	0.969921956713782	0.982246828852107	0.97829019826796	0.956259869302159	0.905756666081745	0.680249920951378	0.982246828852107	0.970368507939304	0.975069865373119	0.886322965372495	0.236270006273742	0.966412103104359	0.982246828852107	0.708935227197687	0.0411629897442463	0.982246828852107	0.94090951809299	0.922286102133549	0.980443591632323	0.894201045361961	0.945575991215475	0.982246828852107	0.982246828852107	0.965270692113461	0.93426072010912	0.982162685820206	0.86799769318612	0.949571877725151	0.9684557434894	0.0631997566514771	0.0441140075125372	0.978496695108251	0.946068022272135	0.931335195886104	0.939759316316074	0.981456393962105	0.942082330336777	0.982205138744132	0.982246828852107	0.122421691309658	0.959265594974331	0.97821947149497	0.972204675007448	0.969140826283403	0.947157918955697	0.975337857075903	0.977729212599548	0.0598806080996036	0.973898330164841	0.980919896655085	0.946459825905593	0.964639713762094	0.97835318368823	0.91800189532808	0.947825931101454	0.945739021501051	0.918983684594763	0.977362320873865	0.982246828852107	0.972975946502158	0.942087762814167	0.955982376926472	0.94826402962081	0.981906324960002	0.981176369045862	0.960930270576914	0.965806081859285	0.899339185517022	0.951657927448719	0.8425276702103	0.968272983589176	0.941741292884016	0.953188056121596	0.974166296406252	0.978783160684385	0.978858602146715	0.979178485782427	0.982222502260414	0.940027390799085	0.484585579988103	0.802773546041164	0.982246828852107	0.920528206675249	0.903237435456536	0.982246828852107	0.925291522143623	0.236270006273742	0.974541551036607	0.83386900725274	0.957452895080951	0.980740779567974	0.949466923769564	0.980435757893983	0.853673540498545	0.911044062280159	0.981452746931657	0.945468840125401	0.403223675097383	0.974126153785648	0.830566759669349	0.957576233523041	0.982180629010929	0.982122685945405	0.96805159798789	0.965988687186253	0.330503561107314	0.982246828852107	0.97450030573066	0.982246828852107	0.764731422914126	0.977836496827436	0.982246828852107	0.876036142844287	0.963633611413666	0.94782569644715	0.976946444971728	0.977788363790739	0.981204766154054	0.909971245289007	0.978292869526058	0.861779803157367	0.982246828852107	0.396475590316974	0.960183525431658	0.979390343858668	0.973459573483114	0.954496318443657	0.969471501580235	0.932120622385399	0.980415153598892	0.971925913574356	0.689140988553366	0.950066875431477	0.976689918008058	0.960040057973023	0.653185077837987	0.982246828852107	0.975529123542875	0.137588611522081	0.982246828852107	0.97458901450353	0.975477777826928	0.955559625380806	0.968747269242968	0.93001634179258	0.977940802747078	0.978323493475265	0.159596713871451	0.0818500887558396	0.757979262870496	0.964170083935184	0.97795938500382	0.979310746364952	0.968588437509238	0.951245007336517	0.965948997088925	0.89136988161895	0.974945906454724	0.82645547202775	0.399827560939324	0.644357303430884	0.959317677626357	0.894964244990606	0.982246828852107	0.97800749900458	0.973834185003402	0.959447459794155	0.912006093974769	0.979440254241826	0.982246828852107	0.97725975207352	0.982246828852107	0.95884309580604	0.982246828852107	0.236270006273742	0.982200474449916	0.980728456693981	0.982246828852107	0.98203913595067	0.946212557266878	0.236270006273742	0.79232434736284	0.961927109556323	0.066109237001431	0.982246828852107	0.869329934146436	0.980562627899254	0.965466276918123	0.94003716194936	0.944356308631594	0.957973302621316	0.964792666184227	0.973023536373531	0	0.97038058240963	0.957070147132396	0.950526018237198	0.952052169554166	0.982246828852107	0.940144969694143	0.961061144178354	0.941449566367644	0.236270006273742	0.972007337826192	0.982246828852107	0.976899701001203	0.469526834138123	0.979743582053369	0.905230162734615	0.975758348778926	0.086506855213785	0.161216742714128
"SRR5928382"	0.737684827312365	0.0976223343584972	0.0732106199606845	0.0902036707135336	0.187849784060604	0.0173436292433439	0.115730807222786	0.112382136592681	0.0780830934786535	0.265620157455267	0.322044408705467	0.984802841926136	0.985325860807193	0.053349568564126	0.992411727231317	0.0325977930105718	0.0923708039389021	0.115730807222786	0.356392689061477	0.013251324450231	0.304597684814118	0.00403030630521252	0.115730807222786	0.0745147714571479	0.111823199063391	0.374802419825117	0.766600370096753	0.115730807222786	0.000106489727661942	0.0429851871046188	0.44199531034848	0.992411727231317	0.0339182893471389	0.115730807222786	0.742205623503616	0.965531339094016	0.115730807222786	0.210053644844173	0.305713987673745	0.0965918155325592	0.41632822173757	0.182334597891131	0.115730807222786	0.115730807222786	0.0432879931118886	0.246758318720869	0.114824068857934	0.494791691118013	0.157179843862268	0.0167182618214751	0.977154698030009	0.975188237974007	0.0765962795961441	0.179310316316437	0.261960786370101	0.216629012269543	0.107266193468406	0.203246811204909	0.115281378258458	0.115730807222786	0.982863849445737	0.0899774296919489	0.0738035389359075	0.0163290313013272	0.0108268115204933	0.17253929742184	0.0455440093719636	0.068897158899234	0.976817387475904	0.0319327610664294	0.101588088629914	0.176887704161534	0.0483969051948255	0.0751488858763286	0.324863369132729	0.168339499597524	0.18133474473051	0.320557590602432	0.0652522802894098	0.115730807222786	0.0233808453724508	0.203215038090713	0.113792212253539	0.165564332360297	0.112069841552429	0.104295795697634	0.0774553213691674	0.0389137452732078	0.398471278672706	0.143488552949931	0.555416537262505	0.018279118624037	0.205236923466434	0.133188864046789	0.034441803831227	0.0794961853569104	0.080262273905863	0.0835217482119165	0.115468520394183	0.21510526219985	0.871787550821477	0.628882418445922	0.115730807222786	0.313685482945797	0.384283217521731	0.115730807222786	0.291701635569278	0.992411727231317	0.0379742632135453	0.573327137970451	0.10326694422102	0.0997043031313858	0.157858275465622	0.096509991240688	0.53046485482205	0.35405709181913	0.107227412548157	0.182990556282756	0.897997659472459	0.0340652256826815	0.579848300808929	0.102373867701861	0.11501731346655	0.114393500320556	0.0201638126774859	0.0374134833793684	0.916699094462678	0.115730807222786	0.0375849195301634	0.115730807222786	0.682597712426654	0.0699673051826113	0.115730807222786	0.472723035189649	0.056441192976624	0.168340981589222	0.0611482883073115	0.0694869409697099	0.104596352195697	0.358362491348327	0.0745416507547363	0.510816320373185	0.115730807222786	0.899897090239294	0.0831109242746579	0.0856904644488938	0.0278485531648735	0.124204035834237	0.00796002132207067	0.257933126086306	0.0962948306873756	0.0138021269778526	0.759408424863989	0.153966840927176	0.0586312536059009	0.0841903041048502	0.786709172873769	0.115730807222786	0.0473773001288581	0.952538456860828	0.115730807222786	0.0384226360768563	0.046884572263853	0.116776824416146	0.0142190998083464	0.268637319109744	0.0710096324890669	0.074849889865652	0.949197290573567	0.979014651170983	0.690862527833185	0.0521672891301655	0.0711955205327169	0.0848747171969439	0.0155821515195666	0.14623031570089	0.0377399347391247	0.425781478993028	0.0418054914023357	0.587742549737576	0.898958200373077	0.79274506496094	0.0895903256095015	0.413733985352127	0.115730807222786	0.0716771057224483	0.0313338055414642	0.088624420929576	0.350153235944233	0.0862025421082396	0.115730807222786	0.0642373939662349	0.115730807222786	0.0931066643911976	0.115730807222786	0.992411727231317	0.11523111685423	0.0995749208425565	0.115730807222786	0.113495135861539	0.178418113708807	0.992411727231317	0.644984058040267	0.0698062709578239	0.96240359828529	0.115730807222786	0.491243121812455	0.0978365478291291	0.041694233051384	0.215049622519362	0.189745921501307	0.0994877835147575	0.0471630437541103	0.0238188983487332	0.97038058240963	0	0.106028160602148	0.150966814731857	0.140855974301896	0.115730807222786	0.214435267141877	0.0764576069350756	0.206932243743754	0.992411727231317	0.0145390285338572	0.115730807222786	0.0606888194943065	0.877153284379625	0.0893242504598445	0.376804712094497	0.0495822087869545	0.959731112580697	0.948945118563197
"SRR5928211"	0.681873779860453	0.00848855564643384	0.177938250779694	0.194480464586759	0.0833854107279518	0.123158543583887	0.219226067632672	0.00642607343474036	0.0281646193255307	0.163939311120576	0.223192066129944	0.974593228970663	0.975229749825783	0.158533367521157	0.983860613497276	0.138176278770342	0.196586103818237	0.219226067632672	0.259601131255455	0.0928997358079239	0.204797222455604	0.102038910687726	0.219226067632672	0.17920977605881	0.00586046301099507	0.279222163246049	0.715317228467548	0.219226067632672	0.105922796966963	0.14837660912735	0.351476397312138	0.983860613497276	0.0723548783490085	0.219226067632672	0.687088737650262	0.951190849025009	0.219226067632672	0.106253668260994	0.205972210112525	0.200684750523823	0.323756535759491	0.0777212062289012	0.219226067632672	0.219226067632672	0.063012482098601	0.144284577056315	0.218349225772381	0.408965121301737	0.0519671431350569	0.0894592102203281	0.965293751052212	0.962905249231359	0.181238529945916	0.074617905871796	0.160120168231693	0.113045674942923	0.211034433924017	0.0992321572806596	0.218791476622132	0.219226067632672	0.972234092745787	0.0161962178785566	0.178516377329715	0.122158051483288	0.0953043616591985	0.0676768864773231	0.150886117327242	0.173730357958635	0.964883973052165	0.137522504910284	0.205531764869303	0.0721333715207629	0.0579110607558215	0.179827907968254	0.226170434150073	0.0633764399466613	0.0766950176087565	0.22162186849164	0.170171877876204	0.219226067632672	0.129107643575059	0.0991994049297589	0.00785326704733843	0.0605367774792374	0.215684846738725	0.208156582339046	0.0287955046937773	0.0673761650457532	0.304558719045325	0.0380048106664614	0.475769437001507	0.087909465405677	0.101284026884504	0.0275267187627904	0.139988620476835	0.18406354524329	0.184809578482248	0.18798245843248	0.218972444921246	0.111470910536145	0.838759776671423	0.557879982807932	0.219226067632672	0.214370630880026	0.289356024866409	0.219226067632672	0.191242777467199	0.983860613497276	0.143458556807442	0.495669795191068	0.00278997971835183	0.203704817879445	0.0526600138298605	0.200605330793536	0.44817104236958	0.257117203599732	0.21099687214836	0.078394555483883	0.869961909395903	0.139618563733323	0.502934177880467	0.00369202672680221	0.218536111980509	0.217932798754891	0.0860375438054337	0.0688719224058925	0.892335130545733	0.219226067632672	0.143076223904836	0.219226067632672	0.618733926027973	0.174774649013971	0.219226067632672	0.384857719224854	0.0498679601000375	0.0633779568075754	0.166162086509778	0.174305918032512	0.208447851463308	0.261696966693767	0.179235979454979	0.426540286326074	0.219226067632672	0.87223008104735	0.0231089776620113	0.19009242411553	0.133505538678159	0.0184040810679346	0.098146133842976	0.155919967409683	0.200396487007164	0.11966539864562	0.706979571503379	0.0486870524150367	0.16370121022679	0.022022960013806	0.738698414885974	0.219226067632672	0.152683291927067	0.93546908456391	0.219226067632672	0.143898819288867	0.152200335232587	0.0108754526172121	0.0919395731067783	0.167090361785129	0.175791580210139	0.179536457668517	0.931433459276489	0.967553843924586	0.628159346575393	0.054142850159009	0.175972917045518	0.189298881767179	0.0905869281812818	0.0407977493871029	0.0685464895006109	0.333948575476038	0.147219218708228	0.511741582547883	0.871108804208583	0.74573644367939	0.0165861839483444	0.320963065934636	0.219226067632672	0.176442680213788	0.136933614815628	0.017559097269884	0.252968099323456	0.190590497385012	0.219226067632672	0.169180590510944	0.219226067632672	0.0130427307027359	0.219226067632672	0.983860613497276	0.218742872207506	0.203579314406416	0.219226067632672	0.217063826043609	0.0737027561450631	0.983860613497276	0.576048283205149	0.036476092041919	0.947402068298823	0.219226067632672	0.405081191340315	0.201892745553405	0.0646028360160071	0.111413417334623	0.0853342497938705	0.00660598927536914	0.0591435919831176	0.129539024568671	0.957070147132396	0.106028160602148	0	0.0456263141555035	0.0353245533788884	0.219226067632672	0.110778639367517	0.029798003049474	0.103032613175085	0.983860613497276	0.120392441418736	0.219226067632672	0.165712960781908	0.845132909065255	0.193625740939896	0.281360718662359	0.1548438963876	0.944166832895752	0.93112899419653
"SRR5928214"	0.655447999064147	0.0540951427071706	0.221868525003376	0.238117305952294	0.0378948470264099	0.167896521655376	0.262381249193152	0.0392110656580686	0.0737017564962625	0.119152178954917	0.179284821077264	0.96956166621806	0.970253693632951	0.202778617365885	0.979641095694842	0.182717952536105	0.240183951375627	0.262381249193152	0.216388115614794	0.137975385368032	0.160583760545963	0.147020735907522	0.262381249193152	0.22311830853689	0.0397758654913196	0.236431985906964	0.690923339811216	0.262381249193152	0.150862608638166	0.192774111935896	0.310539118893195	0.979641095694842	0.117615594525846	0.262381249193152	0.660972884600737	0.944145922671201	0.262381249193152	0.0609053706125746	0.16177741650022	0.244205633205992	0.282053243230998	0.0322024144927833	0.262381249193152	0.262381249193152	0.10834549864696	0.0992736165984015	0.261522348021498	0.369836620657617	0.00635501683018056	0.134568347570283	0.959455747883911	0.956861477401106	0.225112092326685	0.0290848270656473	0.115286897650056	0.0677483820306506	0.254354722137846	0.0538353475239516	0.261955558177282	0.262381249193152	0.966997150593406	0.0617795458017334	0.222436782995574	0.166908431540498	0.140356010675133	0.0221148700787918	0.195246808690466	0.217731616340108	0.959010628170013	0.182073120302483	0.248959817952744	0.0265894553772416	0.103280423746298	0.223725822096109	0.182315577213565	0.0177985859015212	0.0311714091770586	0.177687319618384	0.214232006502879	0.262381249193152	0.173770132817681	0.0538023789219237	0.0377857953412019	0.0149493420867456	0.258912090313034	0.251533546053977	0.0743298672870506	0.112676334701217	0.262365203558031	0.007633967560882	0.439118428839715	0.13303335917095	0.0559009506110067	0.0181210247062074	0.184505318700154	0.227887837806102	0.228620748245247	0.231737296334728	0.262132822337779	0.0661614345694991	0.822781303303052	0.524832270473677	0.262381249193152	0.170312813643149	0.246797634609552	0.262381249193152	0.146822746979205	0.979641095694842	0.18792666466141	0.459835356373857	0.0484104914213077	0.247168090972279	0.0070496481607171	0.244127718169662	0.410447370608979	0.213853095272217	0.25431790454464	0.032878973856876	0.856340595145173	0.184140384117954	0.467406838136849	0.049310519644776	0.261705415806026	0.261114418887273	0.131178990157164	0.114160460414555	0.880461589953818	0.262381249193152	0.187549735359287	0.262381249193152	0.588757507582917	0.218758429444326	0.262381249193152	0.344934463886373	0.0952901283962578	0.0178001080667766	0.210287278637797	0.21829755476835	0.251819110463194	0.218527486571421	0.223144062457608	0.38802430692948	0.262381249193152	0.858783759750625	0.0686671206660146	0.2338093347668	0.178110303401029	0.0272437734227749	0.143168787713742	0.111037429311533	0.243922828642378	0.164446309801819	0.682069281833166	0.0030671536053066	0.207865664633084	0.067585330259023	0.715787605997061	0.262381249193152	0.197017295418924	0.927101476811384	0.262381249193152	0.188360689565629	0.196541537273443	0.0347671053121122	0.137024669171208	0.122342258794314	0.219758252722269	0.223439382356789	0.922730200342746	0.961911058530132	0.5986893514312	0.0995376384541121	0.219936529803937	0.233030100290637	0.135685199603005	0.00483704264678581	0.113837574401445	0.292518929487815	0.191633520509261	0.476593053224895	0.857575912845177	0.723282164936291	0.0621681999292789	0.279186394004264	0.262381249193152	0.220398353688692	0.181492253595872	0.063137783400094	0.209619866672891	0.234298400665942	0.262381249193152	0.213256929470124	0.262381249193152	0.0586361895665189	0.262381249193152	0.979641095694842	0.261907948153976	0.24704499672921	0.262381249193152	0.260263132431393	0.0281656233629811	0.979641095694842	0.543881636896288	0.0819739499516683	0.940036194504084	0.262381249193152	0.365821100824043	0.245390676461325	0.109924068975963	0.0661035006581745	0.0398540412176351	0.0522174842271446	0.104504376358978	0.174195923867974	0.950526018237198	0.150966814731857	0.0456263141555035	0	0.0103174181450702	0.262381249193152	0.065463875962667	0.075327886796933	0.0576615291428566	0.979641095694842	0.165164501629731	0.262381249193152	0.209845356454799	0.829628305702886	0.237278304909778	0.238618694948815	0.199145455591168	0.936528006179592	0.922400476333728
"SRR5928250"	0.661553017228206	0.043800742501858	0.212008063275332	0.22832806173082	0.0481945230907546	0.15783654347432	0.252707968331322	0.0289046579152328	0.0634297531678542	0.129319906655887	0.189272585531485	0.970735779946576	0.971414880328913	0.192841080962395	0.980626032735009	0.172707096240899	0.230404135335578	0.252707968331322	0.226229968364739	0.127829307220604	0.170634985826147	0.136898844015965	0.252707968331322	0.213263141239574	0.0294698347323023	0.246183956039421	0.696565361497831	0.252707968331322	0.140751472460846	0.182799027209367	0.319891496144154	0.980626032735009	0.107420914781533	0.252707968331322	0.667007372674839	0.945788532808444	0.252707968331322	0.0711806730224993	0.17182479319536	0.234444403880037	0.291571741484678	0.0425065351119021	0.252707968331322	0.252707968331322	0.0981313674461531	0.109485446165279	0.251844765536642	0.378793099748883	0.0166714057376782	0.124413573178717	0.960817608906313	0.958271223427415	0.215265434480878	0.0393911153054218	0.125463800016134	0.0780144548738332	0.244641805214819	0.0641192318869502	0.252280143527864	0.252707968331322	0.96821909045231	0.0514930320257234	0.212578724780042	0.156845331089412	0.130216143295867	0.0324253220325721	0.185280822395957	0.207853847377507	0.960380714242693	0.172060037614994	0.239220968871777	0.0368973426810299	0.0930563720485012	0.213873239426999	0.192292420450249	0.0281111434372666	0.0414762675196762	0.187680769165491	0.204339857770892	0.252707968331322	0.16372910811491	0.0640863010329015	0.0274784638640806	0.0252630913368582	0.249221523543541	0.241806997286955	0.0640587051573752	0.102471082429081	0.271989379668921	0.00268364960698597	0.44752675272579	0.122874740799048	0.0661824278853863	0.00780498054389539	0.174500676042422	0.218053156264954	0.218789254083937	0.221919473156105	0.252458295798652	0.0764297286903346	0.826492546642088	0.532435038492189	0.252707968331322	0.180331867726891	0.256500080949301	0.252707968331322	0.156916350608369	0.980626032735009	0.177934090085321	0.468061878970009	0.0381109965154686	0.237420755434668	0.0173658770072935	0.23436612574343	0.419093716099257	0.223705763395019	0.244604808716861	0.0431825991606396	0.859507733653452	0.174134467724519	0.475564864084457	0.0390117894709307	0.252028748966033	0.251434798434772	0.121015789287691	0.103958334948873	0.88322446487181	0.252707968331322	0.177555820036412	0.252707968331322	0.595667962811046	0.20888492505307	0.252707968331322	0.354065439160519	0.0850514431614547	0.0281126649237365	0.200379208200246	0.208422133717612	0.242093934449913	0.228360115411631	0.213289004582241	0.396845808290704	0.252707968331322	0.86191045295687	0.0583886522098404	0.224000705885875	0.168083716721536	0.0169308362511965	0.133036401013797	0.121224084414096	0.234160281955194	0.154375512199652	0.687829104820651	0.013384172951642	0.197947970757831	0.0573055370467493	0.721090833354899	0.252707968331322	0.187057897123898	0.929051433199258	0.252707968331322	0.178369662264543	0.186580362659664	0.0244579478366607	0.126876141607557	0.132502196623133	0.209888920616524	0.213585580148642	0.924758094699897	0.963227482339867	0.605485236293488	0.0893065772964965	0.210067943705801	0.223218003844707	0.125533250959792	0.00548063303392868	0.103634765014345	0.301978211301426	0.181654279169082	0.484666499463627	0.860722615457413	0.728480965660322	0.0518821155559153	0.288720745108747	0.252707968331322	0.210531703001138	0.171477172320542	0.0528527830818168	0.21949031879015	0.224491954176877	0.252707968331322	0.203360816831208	0.252707968331322	0.0483463109046668	0.252707968331322	0.980626032735008	0.252232295078611	0.23729708046587	0.252707968331322	0.250579269540595	0.038472514701371	0.980626032735009	0.55128627105207	0.0717136407781626	0.941753413964773	0.252707968331322	0.374806523953786	0.235634984325639	0.099713131766453	0.0763718749462402	0.0501520421140242	0.0419213316859581	0.0942826760968487	0.164156299330004	0.952052169554166	0.140855974301896	0.0353245533788884	0.0103174181450702	0	0.252707968331322	0.0757331310187497	0.0650580770657009	0.0679408894520269	0.980626032735009	0.15509593703313	0.252707968331322	0.199935521278528	0.833230270969192	0.227485256952431	0.24836039019268	0.18919405726079	0.938308661803471	0.924434234869202
"SRR5928476"	0.789918004018251	0.211107412683941	0.0428621292896069	0.0257805448813232	0.29749098567285	0.0985734744819501	0	0.225353219453453	0.192178715481573	0.370623462897448	0.422933222968152	0.99387729845637	0.994298453627036	0.0627460108210006	1	0.0834293689073278	0.0235975263877474	0	0.454473602144294	0.128796151422031	0.406825216843403	0.11970853991261	0	0.0415534427287181	0.224814571131965	0.471285003128532	0.814307209533871	0	0.115835952775654	0.0730879693622319	0.53209815559818	1	0.149098021863205	0	0.793740508590241	0.978328847759373	0	0.318494300745317	0.407857638748481	0.0193425831031976	0.508968625610609	0.292258550331894	0	0	0.158272219562691	0.352997340942746	0.000918227514612389	0.579288883634392	0.268315006107857	0.132208214846732	0.987713759216728	0.9861275139052	0.0394639192461285	0.289386697902839	0.367209340042813	0.324695087160471	0.00856472455289591	0.312066076339471	0.000455146581871004	0	0.992315567839666	0.203710894636597	0.0422671949807137	0.09957896325717	0.126408483099887	0.28295021396529	0.0705368655766861	0.0471879203051778	0.987441711262309	0.0840906559565809	0.0143010309413297	0.287084850056646	0.163266679397202	0.0409169877283617	0.42553032856801	0.27895322831771	0.291309296933554	0.421562797826278	0.0508400251051903	0	0.0925858518296457	0.312036048631359	0.226711821938746	0.276310104656458	0.00370622680179141	0.0115664650107119	0.191569234109308	0.15399156536643	0.492803953859615	0.255228639622088	0.632845377741935	0.133743526792714	0.313946459594652	0.245358655038622	0.0815952387702846	0.0365512527045784	0.0357814829533202	0.0325048963705549	0.000265629117110613	0.323258913919097	0.901844742209181	0.696858257494267	0	0.415223082267023	0.47991742455449	0	0.394880548827371	1	0.0780796401834517	0.648540306477995	0.216560805809361	0.0162025401616356	0.268962464241624	0.0194251027592709	0.61088385682674	0.452336138707827	0.00860392734456794	0.292881202340411	0.923372507542861	0.0819698592337277	0.65424044439537	0.215698424956381	0.000722549739770702	0.0013541873812969	0.135596681575583	0.152522467827146	0.938664650533188	0	0.0784672587498591	0	0.743058159802185	0.0461150972356706	0	0.559626178932729	0.171119552612329	0.278954639376268	0.054948657965531	0.0465966941822048	0.0112628265192701	0.456275487845523	0.0415264660166822	0.59351034730028	0	0.924928259748207	0.197057074337501	0.0303234926490061	0.0881497569069348	0.236730823395616	0.123583632233277	0.363448548832759	0.0196420847064335	0.102082212896504	0.808254328422367	0.265247412473984	0.0574667092234119	0.198103674744165	0.8311847969096	0	0.0687082254771207	0.967812664100625	0	0.0776332130656639	0.0691997755633537	0.229586124485665	0.129748868021474	0.373436426963098	0.0450699203129468	0.0412170984129501	0.965104027563601	0.98921352543248	0.750121982948833	0.166949051189265	0.0448834989284543	0.0311441343087357	0.131090370167521	0.25785234043387	0.152842178661631	0.517501676779081	0.0742636252748115	0.661130607739506	0.924159323729438	0.836237516682085	0.203336043118539	0.506623977745115	0	0.0444004965934228	0.0846861563586812	0.202400574535605	0.448761115614145	0.0298082673261764	0	0.0518564035089643	0	0.206739933810011	0	1	0.000506044602855559	0.0163331107879758	0	0.00226366726524606	0.288539109202013	1	0.710760126486081	0.184136398785737	0.975799778871248	0	0.57613324008585	0.01808708933079	0.156713030827943	0.323206463284583	0.299288489139826	0.212910402138759	0.16206096623668	0.0921510899434204	0.982246828852107	0.115730807222786	0.219226067632672	0.262381249193152	0.252707968331322	0	0.322627279005327	0.190600418876943	0.315547675724785	1	0.101352352190172	0	0.0554084160905273	0.906261043504963	0.0266661143774895	0.473109550115581	0.0665079371450311	0.97363758950137	0.964899522713396
"SRR5928399"	0.614823821411928	0.11916168780217	0.283455911538976	0.299189860551805	0.0276335757237845	0.230970084357802	0.322627279005327	0.104422558466326	0.138536273053135	0.0540855315651985	0.115092834067872	0.961563784261982	0.962343457086037	0.264931087050117	0.972926768705193	0.245417786462328	0.301188799419605	0.322627279005327	0.15296448026929	0.201723662078209	0.0960708188674416	0.210576316896003	0.322627279005327	0.284667200173445	0.104982350476443	0.173496560636692	0.653281413129803	0.322627279005327	0.21433338580636	0.255205520333822	0.249857872482058	0.972926768705193	0.18176174549979	0.322627279005327	0.620801632336168	0.932978059908989	0.322627279005327	0.00457568320490696	0.0972836373660653	0.305077286463055	0.220421517036555	0.0333276145476323	0.322627279005327	0.322627279005327	0.172656317717637	0.0340179013406613	0.321798813279646	0.311473229909994	0.0591320222401344	0.198386667065765	0.95018600386704	0.947267665941857	0.286599191869973	0.0364443851919439	0.0501796079477185	0.00229408607939347	0.314881806863422	0.0116672446824873	0.322216683280942	0.322627279005327	0.958675088960161	0.126760711240493	0.284006689296464	0.230005980318085	0.204054521172762	0.0434081774866818	0.257610377749221	0.279445111200377	0.949685210813747	0.24478975712448	0.30967156756576	0.038938238577033	0.167676847353652	0.285255935063234	0.118179781593796	0.0477176406836717	0.0343584825718521	0.113466183643676	0.276050606186719	0.322627279005327	0.23669871424237	0.0117002991947614	0.103009752492825	0.0505611242493078	0.319280520981092	0.312157623873933	0.139156180045259	0.176911509728826	0.200137957844935	0.0730634633587691	0.384049597723517	0.196882781109765	0.00959599018799535	0.0834916433016928	0.247158319791191	0.289288130609534	0.289997969099268	0.293015702435486	0.322387664110887	0.000700414998381763	0.797777198559059	0.474725906100737	0.322627279005327	0.105961314810018	0.184134896509784	0.322627279005327	0.0821018968700307	0.972926768705193	0.250488961704286	0.405875581070117	0.11353557872938	0.307940415482982	0.0584396218670434	0.305001969950151	0.353938009705042	0.150371376557651	0.314846261080344	0.0326510739310243	0.834948822542571	0.246802978087951	0.413866714601287	0.114426600104409	0.321975401236118	0.321405309010361	0.195065609419273	0.178369194121843	0.861766649633897	0.322627279005327	0.250122093327755	0.322627279005327	0.542999391661271	0.28044081153603	0.322627279005327	0.285541632416206	0.159815311129011	0.047716121328516	0.272222618245465	0.27999391689456	0.312433412909997	0.155153508463769	0.284692158905271	0.330464321161809	0.322627279005327	0.837661311160898	0.133565667886678	0.295021411280273	0.240929118173183	0.0925522277318344	0.206807624120553	0.0458876203619322	0.304803910237048	0.227603121274028	0.643666593296632	0.0624085211292984	0.269871758776072	0.132497234735189	0.680340784235016	0.322627279005327	0.259331845570212	0.913860957843647	0.322627279005327	0.25091138082392	0.258869296065705	0.100016643756011	0.200792630760675	0.0573105667340227	0.281410220350683	0.284978354795786	0.908964983213929	0.952948937435664	0.553656948430004	0.16399533318725	0.281583061887921	0.294267180723796	0.199480711697422	0.0702799645178129	0.178052083217255	0.231224175524019	0.25409597727063	0.423572396316483	0.836320208572906	0.688514016485029	0.127144856598283	0.217464835967212	0.322627279005327	0.282030787654018	0.244223984245334	0.128103112026639	0.146042984755069	0.2954947476508	0.322627279005327	0.275104556452222	0.322627279005327	0.123653147059461	0.322627279005327	0.972926768705193	0.322170760222847	0.307821468996418	0.322627279005327	0.320584062336131	0.0373631190122083	0.972926768705193	0.495012797420663	0.146696595406543	0.92836467523606	0.322627279005327	0.307286203182023	0.306222719811862	0.174207577484361	0.000642241554066644	0.025672902114856	0.11730380067725	0.168880397081059	0.237113835742846	0.940144969694143	0.214435267141877	0.110778639367517	0.065463875962667	0.0757331310187497	0.322627279005327	0	0.140141066080911	0.00783017694246724	0.972926768705193	0.228304100976713	0.322627279005327	0.271793659793685	0.805348054069212	0.298378203254854	0.175739646715595	0.261400592815044	0.924428512962132	0.90859579484986
"SRR5928175"	0.698312092705353	0.0213145237613335	0.148883538660177	0.165585991188139	0.112919233235574	0.0936842638852348	0.190600418876943	0.036217546568956	0.00163467547333607	0.19285026807863	0.251415673335381	0.977657897281793	0.978260470528797	0.129310536067619	0.98642895638234	0.108800074695728	0.167713145542153	0.190600418876943	0.287306492702338	0.0632666370898896	0.233254938694167	0.0724483211159284	0.190600418876943	0.15016682792265	0.0356526037877842	0.306618069706487	0.730455193375856	0.190600418876943	0.0763517025401534	0.11907431457801	0.377551213184951	0.98642895638234	0.0426434444046011	0.190600418876943	0.703328177166028	0.955489084188437	0.190600418876943	0.135647283675391	0.234415529657616	0.171854396477974	0.350371876090305	0.107285259616123	0.190600418876943	0.190600418876943	0.0332733045123274	0.173380699092566	0.189713454168501	0.433785703767561	0.0816461022881994	0.0598113315986057	0.968851999537496	0.966589547937538	0.152214542133909	0.104197764409308	0.189068778257952	0.142392048263193	0.182315926199136	0.128671916239335	0.190160805169005	0.190600418876943	0.975424398297803	0.013607968890001	0.149467002551903	0.0926776920566756	0.0656819899083112	0.0972901532902138	0.121602911375557	0.144637371062705	0.968463868044276	0.10814176503909	0.176753030439793	0.10172549707012	0.0281588106099402	0.150790711949836	0.254354383822969	0.0930090580714208	0.10626435675998	0.249866186677187	0.141047309435122	0.190600418876943	0.0996706862755283	0.128639372706425	0.0376429758462935	0.0901816082728003	0.187018585173106	0.179406361015762	0.00100330894751135	0.0376493335447256	0.331523839122093	0.0677305922531654	0.498907665152187	0.0582551478025343	0.13071058490401	0.0572804829498619	0.110625116956863	0.155066349783279	0.15581953422661	0.159023182335073	0.190343863661815	0.140828465395934	0.84858781845988	0.578621120843502	0.190600418876943	0.242708832778975	0.316583844528527	0.190600418876943	0.21986106793975	0.98642895638234	0.114119889917987	0.518260321509895	0.0270101376509255	0.174906469520874	0.082336365931408	0.171774142102578	0.472033515997375	0.28486023517136	0.18227794745265	0.107955108664173	0.878321309006371	0.11025245178522	0.525319462985203	0.0261086808576321	0.189902494233737	0.189292235018044	0.0563756295112652	0.039149569896797	0.899610187879591	0.190600418876943	0.113734786913074	0.190600418876943	0.637465601590588	0.145691066938802	0.190600418876943	0.410226103738457	0.0200980772857822	0.0930105682885172	0.137002794165925	0.145218106920038	0.179700818396126	0.289370280360338	0.150193274716941	0.450941651942454	0.190600418876943	0.880480739633986	0.00669336517118152	0.161153926316235	0.10409746168478	0.0481772070839043	0.0685368604880527	0.184909055717677	0.171563105232443	0.0901701386330736	0.722447255999513	0.0783779897457692	0.134521059956681	0.00777985020875272	0.752892172135653	0.190600418876943	0.123413975952105	0.940580102199961	0.190600418876943	0.114563352492943	0.122927268566268	0.0406610486105008	0.0623022824155694	0.195969645112665	0.146717216189399	0.15049654680644	0.936751042925496	0.970992546972792	0.646562124226871	0.024381885425644	0.146900202949392	0.160352539648837	0.0609438203611279	0.0705150362244426	0.0388231517557788	0.360370044638603	0.117908240936483	0.533874226640014	0.879413252748484	0.759640336569874	0.013217970219443	0.347630553661331	0.190600418876943	0.147374249042023	0.107548810057	0.0122449383391862	0.280773299242331	0.16165694146207	0.190600418876943	0.140047352657936	0.190600418876943	0.0167614060365301	0.190600418876943	0.98642895638234	0.190111639689387	0.174779625643322	0.190600418876943	0.188413294290598	0.103287173110191	0.98642895638234	0.596210190318498	0.00668493044042969	0.951897347309618	0.190600418876943	0.429992159393683	0.173075131023533	0.0348680336644402	0.140771377816005	0.114857257935143	0.0231963130930076	0.0293943658820793	0.100104851582863	0.961061144178354	0.0764576069350756	0.029798003049474	0.075327886796933	0.0650580770657009	0.190600418876943	0.140141066080911	0	0.132447736745669	0.98642895638234	0.0909014911698982	0.190600418876943	0.136549836047853	0.854665108880508	0.16472260620628	0.308721621735789	0.125591522091787	0.948829778593553	0.936462127800198
"SRR5928234"	0.619844294522972	0.111429406581614	0.276202954220915	0.292003797433862	0.019807434236772	0.22352053513335	0.315547675724785	0.0966668031123572	0.130839734244696	0.0618910290247763	0.12281879357988	0.962569982514941	0.963338668307317	0.257604077981996	0.973771973589805	0.238018278502294	0.294011497992846	0.315547675724785	0.160613523221651	0.194182282812899	0.103827454569766	0.203061396521817	0.315547675724785	0.277419262230626	0.0972274280105129	0.181095091582586	0.657942638634418	0.315547675724785	0.206830045477232	0.247841671553232	0.257214227366658	0.973771973589805	0.174164963008271	0.315547675724785	0.625767675984012	0.934381023885174	0.315547675724785	0.0032546035322384	0.105038476069939	0.29791719884732	0.22788136299837	0.0255037042451141	0.315547675724785	0.315547675724785	0.165036222850777	0.0418375852419492	0.314715307803869	0.318571837746487	0.0513242207769045	0.190835615396224	0.951351537619733	0.948473767186394	0.279359304827668	0.0286218987803411	0.0579883315397531	0.0101240917866655	0.307766119052123	0.0038373978300304	0.315135144760277	0.315547675724785	0.959721917785443	0.119041787201874	0.276756011609361	0.222553201923529	0.196519995819447	0.0355893904295361	0.250255507848844	0.272175689183701	0.950857714775919	0.237388009586519	0.302532107480112	0.0311169947140361	0.16004452273945	0.278010444600273	0.125900260952177	0.0399015014248239	0.026535027354756	0.121194974511382	0.268767435890265	0.315547675724785	0.229268636604857	0.00387045612918953	0.0952519156849218	0.0427468821728487	0.312185216556802	0.305029456411218	0.131460876492256	0.169302156560697	0.207661717576246	0.0652684449512782	0.390773305152213	0.189327424278962	0.00176593818295057	0.0757080692041175	0.239765049201685	0.28205954096738	0.282772379697359	0.28580295140724	0.315306931161342	0.00853054788945944	0.800896676439743	0.480873019192427	0.315547675724785	0.113702664704132	0.191704820068768	0.315547675724785	0.0898776696355741	0.973771973589805	0.243107751998691	0.412471476867275	0.105793958215627	0.300793146032406	0.0506312598323247	0.297841546786736	0.360826615766228	0.158026358399266	0.307730409722123	0.024826873486181	0.837622730551362	0.239408430448266	0.420414073691333	0.10668642749467	0.314892726660822	0.314319953642016	0.187505095272307	0.170763582328022	0.864106675532212	0.315547675724785	0.242739547062073	0.315547675724785	0.548633182617991	0.273175454688611	0.315547675724785	0.292755495768442	0.152164425300043	0.0398999810878506	0.264924149070189	0.272726733680485	0.305306503841275	0.16279746105161	0.277444324616125	0.337472274527502	0.315547675724785	0.840301921814189	0.125859429904941	0.287817267922451	0.233513731887568	0.0847799012781841	0.199281297945963	0.0536996298500105	0.297642605086315	0.22014235469141	0.648419650564109	0.0546034683364187	0.262564001926768	0.124788959623529	0.684736353457742	0.315547675724785	0.251983455684024	0.915522678658084	0.315547675724785	0.243531712530305	0.251519160715582	0.0922544947130006	0.19324853627894	0.0651132311040091	0.274148835463143	0.277731709739521	0.91069212343605	0.954075950630899	0.559204478948089	0.156354202595474	0.274322386648801	0.287059793517081	0.19193281298599	0.0624821629526537	0.170445654831865	0.238647518306203	0.246728014762309	0.430059550117685	0.838977295341761	0.69282725310996	0.119426630461959	0.22493437438264	0.315547675724785	0.274771952737207	0.236820224144941	0.120386636326565	0.15370765961613	0.28829264436375	0.315547675724785	0.267817584964945	0.315547675724785	0.115928657520969	0.315547675724785	0.973771973589805	0.315089005411013	0.300673664602252	0.315547675724785	0.313494853633828	0.0295410796772083	0.973771973589805	0.501014478622276	0.139016772290524	0.929830566361464	0.315547675724785	0.314404087422697	0.299067745672073	0.166591367535505	0.00847237837929868	0.0178461030632338	0.109568383633593	0.161250994796112	0.229685188001769	0.941449566367644	0.206932243743754	0.103032613175085	0.0576615291428566	0.0679408894520269	0.315547675724785	0.00783017694246724	0.132447736745669	0	0.973771973589805	0.220845655927396	0.315547675724785	0.264493489793444	0.808378404212361	0.291188599433956	0.18333228409788	0.254060048324435	0.925947850769175	0.910327854075491
"SRR5928158"	0.819890850311056	0.984606587639963	0.997390537596522	0.998456342552489	0.975856814728263	0.993651801270829	1	0.983288040969203	0.986291751954434	0.966740269269541	0.958939566791961	0.0953864824409376	0.0893774086493869	0.996103990019685	0	0.994710237575932	0.998590025067636	1	0.953586986629936	0.991436827235752	0.961474395132892	0.992117782086746	1	0.997473455132891	0.98333871278213	0.950500490572356	0.796051333520179	1	0.992403989021337	0.995414382282538	0.937700077442916	0	0.989866590963143	1	0.816440902000499	0.274915490743484	1	0.973422143446276	0.961315672556806	0.998848978218084	0.94290026582707	0.976442678642617	1	1	0.989133875762314	0.969109511037357	0.999946307638425	0.925544772030593	0.979025038537934	0.991177716796368	0.175538285822752	0.194060485233614	0.997605406037204	0.976760860722562	0.967208570220713	0.97267683897663	0.999495551938528	0.974181774291663	0.999973397404974	1	0.117035748808891	0.985273924259246	0.99742825863335	0.993580347519262	0.991617021674165	0.977465460130358	0.995585827989608	0.99711493658714	0.178770879860333	0.994664704032995	0.999153081470907	0.977014187509043	0.988728695227864	0.997513703695838	0.958518864485565	0.977897178982163	0.976548111930604	0.959160185312996	0.996880421165097	1	0.994074234567953	0.974185292146419	0.983159944014414	0.978180253111453	0.99978271149223	0.999316807755856	0.986344794337632	0.989477600978334	0.946283682275812	0.980371652351571	0.908511673655785	0.991060504585148	0.973960918024152	0.981358745213962	0.994836206903823	0.99778844025527	0.997836639610726	0.998040997680602	0.999984477171034	0.972850573309089	0.650706809180266	0.881598763268836	1	0.960168621786417	0.948846345885214	1	0.963275026756023	0	0.995076347892105	0.902684101146571	0.984107087871062	0.999038727999976	0.978957260037635	0.99884397622181	0.915985445019826	0.953967219068785	0.999493224100751	0.976373379538277	0.586850984772695	0.994810516026281	0.900456585430342	0.984186505523959	0.999957757474572	0.999920782810396	0.990918509456747	0.989594819889869	0.527955182054926	1	0.995049954923485	1	0.855463930939873	0.997183506206887	1	0.930886954410647	0.988082436377857	0.977897027349804	0.996614557267413	0.997152742800031	0.99933493489679	0.953264365514167	0.997475162122922	0.921401497427775	1	0.581459440815959	0.985864501075384	0.998176330337283	0.994383856136735	0.982202271521584	0.991829025638616	0.967719124203629	0.998830819905112	0.993401807140564	0.802395250842679	0.979344669231147	0.996450542860555	0.985772210286556	0.776605268563084	1	0.99570817902303	0.362755107730259	1	0.995106719384025	0.995675334579219	0.982887560018971	0.991364669251498	0.966350937598702	0.997250169693944	0.997494731350634	0.382293432626451	0.15728388208779	0.850785660116986	0.98842706328405	0.997262045627944	0.998125485544267	0.991262814574712	0.980105180703459	0.989569342493727	0.941033213165149	0.995335074800223	0.897679472032176	0.584139436139942	0.770218224341959	0.985307438442512	0.943403233441793	1	0.997292794946619	0.994623647565045	0.985390947982909	0.954597254702905	0.998208211027865	1	0.996814854058064	1	0.985002030526128	1	0	0.999970421078304	0.999030860449751	1	0.999867466459677	0.976854316337843	0	0.874457655277955	0.986985738671997	0.297996584112666	1	0.926431257831059	0.998924983458735	0.989259450847145	0.972856905495091	0.975653697418377	0.984442154013025	0.988826921688336	0.994104704384986	0.236270006273742	0.992411727231317	0.983860613497276	0.979641095694842	0.980626032735009	1	0.972926768705193	0.98642895638234	0.973771973589805	0	0.993453959410472	1	0.996584671946329	0.639045990656868	0.998401951799992	0.950154912308976	0.995854800588886	0.316682353443778	0.383724361521194
"SRR5928262"	0.744703381410789	0.112011669193415	0.0587304525431395	0.0757581924134878	0.2018696864863	0.00280526675699621	0.101352352190172	0.126726200975591	0.0925232214370174	0.27914415190437	0.335106067777711	0.98604839354943	0.986557485398019	0.0388389054331382	0.993453959410472	0.0180668268173236	0.0779303198720312	0.101352352190172	0.369130774036595	0.0277853125767305	0.317811495542101	0.0185683103637437	0.101352352190172	0.0600369853389791	0.126169085949694	0.387353974318064	0.773026898937978	0.101352352190172	0.0146454969112728	0.0284629075809439	0.453788580697554	0.993453959410472	0.0484348282273524	0.101352352190172	0.749133081457269	0.967285038642704	0.101352352190172	0.223948697166913	0.318918309552805	0.0821614294054402	0.428425494512514	0.196383435801136	0.101352352190172	0.101352352190172	0.0577927738949871	0.260417649911428	0.100442926225646	0.505903976499585	0.171350172969119	0.0312501382462799	0.978603083934014	0.976688527171805	0.0621223909342406	0.19337467032421	0.275511790805063	0.230484523597999	0.0928635287405492	0.217181560390509	0.100901588278532	0.101352352190172	0.984160970111504	0.104387877843104	0.0593244483621257	0.00179040299068719	0.0253620810180087	0.186637489024286	0.0310243238744663	0.0544094480077384	0.978274683676146	0.0174013394764741	0.0871702879263	0.190964308114713	0.0628942640939615	0.0606722744853196	0.337899672439251	0.182458053178092	0.195388739893285	0.33363253671848	0.0507585933025132	0.101352352190172	0.00884464778609217	0.217149969625378	0.128131641038054	0.179696077744631	0.0976806739639073	0.0898851023015944	0.0918969085682123	0.0534243139281582	0.410769593482636	0.157717776098315	0.565654647143479	0.0328099369962041	0.21916019658536	0.147459030007863	0.0199121637799985	0.0650279248760497	0.0657955388252012	0.0690616834342619	0.101089285611049	0.228970041037748	0.875873527000652	0.637929413916359	0.101352352190172	0.326821066067273	0.396735146541977	0.101352352190172	0.305022622904517	0.993453959410472	0.0234474238895291	0.583288156681853	0.117639667421757	0.0852816766652508	0.172025553654022	0.0820794047113294	0.541074676559024	0.366818188046246	0.0928246414367272	0.197035995997482	0.901454889083457	0.0195353072369657	0.589706301547009	0.116749276994782	0.100636741720983	0.100011089388499	0.034693264665634	0.0519259167059232	0.919696617727949	0.101352352190172	0.0230577547385533	0.101352352190172	0.690682659484903	0.0554814181431547	0.101352352190172	0.484129073840824	0.0709254204243562	0.182459528069182	0.0466483088952606	0.0550002313560344	0.0901864601412461	0.371081054638217	0.0600639142076612	0.5217071157419	0.101352352190172	0.903308050263512	0.0975389772416652	0.0712349994848656	0.0133146006337096	0.138507559305867	0.0224965984109542	0.271513439634701	0.081863718069623	0.000737040816719515	0.7659842771389	0.168151448927149	0.0441276436385295	0.0986156748788882	0.792710909879546	0.101352352190172	0.0328595835566389	0.954629235120684	0.101352352190172	0.0238961767141835	0.0323663174517398	0.131106262658829	0.028752531549085	0.282138771022727	0.0565255521134745	0.0603727231946574	0.951374031443497	0.980413851352119	0.698792628454578	0.0666587133558077	0.0567117654904581	0.0704175068869827	0.0301147561672542	0.160448153356335	0.0522519675566579	0.437768848250379	0.0272820764241589	0.597474320181679	0.902392043382896	0.798617203762949	0.104001800450888	0.425860998205428	0.101352352190172	0.0571941979425595	0.0168019841777993	0.103038439753681	0.362952465953797	0.0717481821078725	0.101352352190172	0.0497421078881561	0.101352352190172	0.107508663040576	0.101352352190172	0.993453959410472	0.100851177927292	0.0851519665127816	0.101352352190172	0.0991100950886949	0.192486997694106	0.993453959410472	0.653750742135525	0.0842647743378342	0.964238847957585	0.101352352190172	0.502403523553638	0.0834092329628686	0.0562011831990984	0.228914738567871	0.203755684947836	0.113871724576954	0.0616622604407231	0.00928289670217639	0.972007337826192	0.0145390285338572	0.120392441418736	0.165164501629731	0.15509593703313	0.101352352190172	0.228304100976713	0.0909014911698982	0.220845655927396	0.993453959410472	0	0.101352352190172	0.0461881643758472	0.881112020216839	0.0748767823122735	0.389335428031507	0.0350669823559284	0.961635838441983	0.951128335465856
"SRR5928409"	0.789918004018251	0.211107412683941	0.0428621292896069	0.0257805448813232	0.29749098567285	0.0985734744819501	0	0.225353219453453	0.192178715481573	0.370623462897448	0.422933222968152	0.99387729845637	0.994298453627036	0.0627460108210006	1	0.0834293689073278	0.0235975263877474	0	0.454473602144294	0.128796151422031	0.406825216843403	0.11970853991261	0	0.0415534427287181	0.224814571131965	0.471285003128532	0.814307209533871	0	0.115835952775654	0.0730879693622319	0.53209815559818	1	0.149098021863205	0	0.793740508590241	0.978328847759373	0	0.318494300745317	0.407857638748481	0.0193425831031976	0.508968625610609	0.292258550331894	0	0	0.158272219562691	0.352997340942746	0.000918227514612389	0.579288883634392	0.268315006107857	0.132208214846732	0.987713759216728	0.9861275139052	0.0394639192461285	0.289386697902839	0.367209340042813	0.324695087160471	0.00856472455289591	0.312066076339471	0.000455146581871004	0	0.992315567839666	0.203710894636597	0.0422671949807137	0.09957896325717	0.126408483099887	0.28295021396529	0.0705368655766861	0.0471879203051778	0.987441711262309	0.0840906559565809	0.0143010309413297	0.287084850056646	0.163266679397202	0.0409169877283617	0.42553032856801	0.27895322831771	0.291309296933554	0.421562797826278	0.0508400251051903	0	0.0925858518296457	0.312036048631359	0.226711821938746	0.276310104656458	0.00370622680179141	0.0115664650107119	0.191569234109308	0.15399156536643	0.492803953859615	0.255228639622088	0.632845377741935	0.133743526792714	0.313946459594652	0.245358655038622	0.0815952387702846	0.0365512527045784	0.0357814829533202	0.0325048963705549	0.000265629117110613	0.323258913919097	0.901844742209181	0.696858257494267	0	0.415223082267023	0.47991742455449	0	0.394880548827371	1	0.0780796401834517	0.648540306477995	0.216560805809361	0.0162025401616356	0.268962464241624	0.0194251027592709	0.61088385682674	0.452336138707827	0.00860392734456794	0.292881202340411	0.923372507542861	0.0819698592337277	0.65424044439537	0.215698424956381	0.000722549739770702	0.0013541873812969	0.135596681575583	0.152522467827146	0.938664650533188	0	0.0784672587498591	0	0.743058159802185	0.0461150972356706	0	0.559626178932729	0.171119552612329	0.278954639376268	0.054948657965531	0.0465966941822048	0.0112628265192701	0.456275487845523	0.0415264660166822	0.59351034730028	0	0.924928259748207	0.197057074337501	0.0303234926490061	0.0881497569069348	0.236730823395616	0.123583632233277	0.363448548832759	0.0196420847064335	0.102082212896504	0.808254328422367	0.265247412473984	0.0574667092234119	0.198103674744165	0.8311847969096	0	0.0687082254771207	0.967812664100625	0	0.0776332130656639	0.0691997755633537	0.229586124485665	0.129748868021474	0.373436426963098	0.0450699203129468	0.0412170984129501	0.965104027563601	0.98921352543248	0.750121982948833	0.166949051189265	0.0448834989284543	0.0311441343087357	0.131090370167521	0.25785234043387	0.152842178661631	0.517501676779081	0.0742636252748115	0.661130607739506	0.924159323729438	0.836237516682085	0.203336043118539	0.506623977745115	0	0.0444004965934228	0.0846861563586812	0.202400574535605	0.448761115614145	0.0298082673261764	0	0.0518564035089643	0	0.206739933810011	0	1	0.000506044602855559	0.0163331107879758	0	0.00226366726524606	0.288539109202013	1	0.710760126486081	0.184136398785737	0.975799778871248	0	0.57613324008585	0.01808708933079	0.156713030827943	0.323206463284583	0.299288489139826	0.212910402138759	0.16206096623668	0.0921510899434204	0.982246828852107	0.115730807222786	0.219226067632672	0.262381249193152	0.252707968331322	0	0.322627279005327	0.190600418876943	0.315547675724785	1	0.101352352190172	0	0.0554084160905273	0.906261043504963	0.0266661143774895	0.473109550115581	0.0665079371450311	0.97363758950137	0.964899522713396
"SRR5928415"	0.766080553135212	0.157432922154251	0.0125744053305367	0.0296677744776873	0.245899041362285	0.0433881909868163	0.0554084160905273	0.171966608531239	0.138155474871632	0.321430187734304	0.375817199626438	0.989791387961804	0.99025852310823	0.00736169352187098	0.996584671946329	0.0281434504533227	0.0318501007733909	0.0554084160905273	0.408757004717047	0.0738841971499154	0.359037217867321	0.0647042241257575	0.0554084160905273	0.0138850747581939	0.171416677545309	0.42635972256153	0.79256988985356	0.0554084160905273	0.0607949392749694	0.0177472250769723	0.490300600154922	0.996584671946329	0.0944240961783995	0.0554084160905273	0.770227562796845	0.972560563251662	0.0554084160905273	0.267531251391282	0.360111844907441	0.0361022647620229	0.465932362975043	0.240517423597682	0.0554084160905273	0.0554084160905273	0.103720248814608	0.303172241749328	0.0544927990586645	0.540206723036927	0.215929239774069	0.0773332022356049	0.98295741519106	0.981199377123435	0.0159773924226516	0.237564959546177	0.317891009220763	0.273926926105966	0.0468646321810832	0.260905431188748	0.0549545744366378	0.0554084160905273	0.988059343052789	0.149895546847089	0.0131702632952267	0.0444012186453152	0.0714714131966568	0.230951067983303	0.0151843277799204	0.00824078338869631	0.982655882238049	0.0288086266622307	0.041138078390722	0.235199148316769	0.108784874375264	0.0145224292643506	0.378525348457288	0.226846182806663	0.239541425680372	0.374388482303156	0.00458054035872616	0.0554084160905273	0.0373578863398634	0.26087449106639	0.173353807586272	0.224132661536493	0.0517121882829606	0.0438684229167694	0.137535403262039	0.0993815744388539	0.448937822636883	0.20251685746038	0.597152764596122	0.0788855400524601	0.262843147613256	0.192413258077969	0.0262987746498319	0.0188931912899472	0.0196636405411953	0.0229424259844071	0.0551435511642406	0.272445239964675	0.888227785928633	0.665650207245449	0.0554084160905273	0.367781819108822	0.435410780726856	0.0554084160905273	0.346612849539575	0.996584671946329	0.0227639533755256	0.613903417788498	0.162993936331577	0.0392390449721289	0.216593310028772	0.0360198169765574	0.573761558197181	0.406521196345657	0.0468255076776204	0.241157671686267	0.911893193183516	0.026675520249594	0.619994007811021	0.162114323625032	0.0546879278853483	0.0540580478927751	0.0807595790250719	0.0978930149291836	0.92873775468663	0.0554084160905273	0.0231536275104312	0.0554084160905273	0.715382466368473	0.00931573141648124	0.0554084160905273	0.519381847428242	0.116753455846287	0.226847631650523	0.000461079921838388	0.00883319548352517	0.044171544592572	0.410642192193192	0.013912090457447	0.555296228353328	0.0554084160905273	0.913605590926794	0.143120034943241	0.0251246710510974	0.0328926101402754	0.183589842413611	0.0686176293405944	0.313993951787964	0.0358030206191723	0.0469237011152017	0.785989235096155	0.212783557897576	0.00206448268154496	0.144185461583261	0.810942044461991	0.0554084160905273	0.0133476553302946	0.960923197315727	0.0554084160905273	0.0223151784312724	0.0138413299984978	0.176289265911084	0.0748471041966061	0.324347153816005	0.0103628625460693	0.0142218997164725	0.9579279573959	0.984619890524373	0.723008366639753	0.112520683958498	0.0105496204607905	0.0243037712551365	0.0762031187203292	0.205204433721739	0.0982169415733038	0.474915367591189	0.018928546468062	0.627361147055785	0.91275919579571	0.81644877956749	0.149513713295078	0.46346551906018	0.0554084160905273	0.0110334777793209	0.0294076687695509	0.148560886386551	0.402782827230072	0.0256400224648936	0.0554084160905273	0.00356164831631513	0.0554084160905273	0.152981559211199	0.0554084160905273	0.996584671946329	0.0549038210028805	0.0391086305148981	0.0554084160905273	0.0531510258761922	0.236693751080716	0.996584671946329	0.680588799600201	0.129976619963916	0.969760629068989	0.0554084160905273	0.536861596651257	0.0373565774132085	0.102139700538236	0.272391131423404	0.24774848241361	0.159271138974756	0.107561978763513	0.0369201727298839	0.976899701001203	0.0606888194943065	0.165712960781908	0.209845356454799	0.199935521278528	0.0554084160905273	0.271793659793685	0.136549836047853	0.264493489793444	0.996584671946329	0.0461881643758472	0.0554084160905273	0	0.893078063452615	0.0287823438552775	0.428272055875273	0.0111381683104315	0.967367484716424	0.957701849886634
"SRR5928423"	0.356933338672889	0.847894083484601	0.896176446428285	0.90028580103821	0.81588519997811	0.881864882213751	0.906261043504963	0.843017687080949	0.854154053251678	0.783391680542515	0.756257221619084	0.576762855080654	0.580909518163145	0.891233514169837	0.639045990656868	0.885900210422689	0.900802164020282	0.906261043504963	0.737984201068893	0.873461438223374	0.765008242702685	0.876039012645722	0.906261043504963	0.896495673249264	0.843204737094749	0.727572290860619	0.301349582023292	0.906261043504963	0.877123938242332	0.888591887900765	0.685338914954247	0.639045990656868	0.867537633807404	0.906261043504963	0.348695522683935	0.436303686850701	0.906261043504963	0.80712324042386	0.764458424284266	0.901802990479481	0.702314935829641	0.818002913156608	0.906261043504963	0.906261043504963	0.864782886406844	0.791753976659126	0.906052741474707	0.646593130927059	0.827380634897221	0.872482018805743	0.51824661059151	0.503815134552086	0.89700383947774	0.819154558511676	0.785040037348338	0.804453393817893	0.904305345306903	0.809850361791354	0.906157833268607	0.906261043504963	0.561555950241354	0.850369345505563	0.896321659952234	0.881592922645232	0.87414300704309	0.821708634373066	0.889248120825466	0.895115973665356	0.51575391604808	0.885726348556729	0.902979315786979	0.820072228212602	0.863262127205593	0.8966506561774	0.754810928102603	0.823276155444119	0.818384405621145	0.757016357739697	0.894214284451526	0.906261043504963	0.883473891307919	0.80986300511991	0.842544954308359	0.824305039247131	0.905418270842217	0.903613085240588	0.854351599584055	0.866074422884076	0.713492580963905	0.832298991697151	0.594402509099443	0.872039213340257	0.809056853290986	0.835916600885067	0.886381325916702	0.897709070881661	0.897894847810311	0.89868281389294	0.90620081849077	0.805075232665396	0.0191643932887896	0.516583536604875	0.906261043504963	0.760492409113034	0.722029336442351	0.906261043504963	0.771263162086291	0.639045990656868	0.887299001534071	0.577084056684101	0.846044545514431	0.90253684966535	0.827133594151103	0.901783650890514	0.617009206924176	0.739273148803138	0.904296327400594	0.817752230014748	0.0806866296417359	0.886283189827584	0.570534323717003	0.846338429375584	0.906097158815448	0.905953728558975	0.871502989942275	0.866515171150462	0.1628124775387	0.906261043504963	0.887198111023841	0.906261043504963	0.445985186708575	0.89537973745622	0.906261043504963	0.663462964256434	0.860840316471123	0.823275604537256	0.893192832175691	0.895261394459622	0.903683273001156	0.736891634308822	0.896502245880643	0.633676865675301	0.906261043504963	0.0885770325729935	0.852563968534648	0.899204898084195	0.884654504321033	0.83901637699114	0.874945361787885	0.786839653121092	0.901732785040999	0.880913635610582	0.315839862297164	0.828546293924788	0.892563093916981	0.852220757038156	0.258226298966099	0.906261043504963	0.889716643399515	0.353436832860309	0.906261043504963	0.88741511034343	0.889590854264349	0.841540333243562	0.873188610024585	0.782022974727185	0.895636221181599	0.89657759807162	0.333457905917236	0.532121799878479	0.433827778482889	0.862131203783685	0.895681918516887	0.8990087248771	0.872803599022316	0.831324191882359	0.866419361948537	0.696191759422212	0.888288441378668	0.562422040005521	0.0846647873112102	0.244472821597934	0.850493783921963	0.703969906756274	0.906261043504963	0.895800246224253	0.885569601960394	0.850803909112694	0.741411953396958	0.899327917895175	0.906261043504963	0.893962298980022	0.906261043504963	0.84936025748897	0.906261043504963	0.639045990656868	0.906146286513398	0.902506413487266	0.906261043504963	0.905746934660633	0.819493020046448	0.639045990656868	0.496827890054651	0.856741130063729	0.415563091728764	0.906261043504963	0.649375564938978	0.902096891080395	0.865254577739651	0.805097903073452	0.815151839082528	0.847284920741936	0.863630631266651	0.883590026710926	0.469526834138123	0.877153284379625	0.845132909065255	0.829628305702886	0.833230270969192	0.906261043504963	0.805348054069212	0.854665108880508	0.808378404212361	0.639045990656868	0.881112020216839	0.906261043504963	0.893078063452615	0	0.900075770500842	0.726412146773994	0.890278332598485	0.398250798412423	0.331970704516248
"SRR5928449"	0.778696089657077	0.185424143631374	0.0162134636876749	0.00088614309909893	0.272863010714023	0.072085772503387	0.0266661143774895	0.199817715977065	0.166315114733901	0.34718817208621	0.400520268502074	0.991965138773625	0.992407835359928	0.0361368278033731	0.998401951799992	0.0568824095527572	0.00307040717892262	0.0266661143774895	0.432745551442403	0.10246138057894	0.38408236748264	0.0933229229594836	0.0266661143774895	0.0149028769959147	0.19927329212169	0.449943116734603	0.804081161985876	0.0266661143774895	0.0894299392185095	0.046507200657552	0.512276060524197	0.998401951799992	0.122891963567354	0.0266661143774895	0.78267257950698	0.975628127949083	0.0266661143774895	0.294180695111726	0.385135530653416	0.00732708972859114	0.488545775020477	0.267555782572027	0.0266661143774895	0.0266661143774895	0.132131185134159	0.329249405001473	0.0257484804948971	0.560779244779152	0.243287899005604	0.10589361527973	0.985487442703831	0.983820678775407	0.0128104983763361	0.264643476748531	0.343712239445355	0.300478626598218	0.0181052832704137	0.287653849079992	0.0262112673355435	0.0266661143774895	0.990323611944053	0.177954986542613	0.0156176548827918	0.0730956059899787	0.100059947814676	0.258117863830996	0.0439485864769838	0.0205461490725365	0.985201575784937	0.0575460422319459	0.0123695249986841	0.262309510116725	0.1371628408851	0.0142655290637451	0.403171821454366	0.254066599127824	0.266593111020133	0.399121253778565	0.0242048081901403	0.0266661143774895	0.0660733357031477	0.287623365670569	0.201190951555458	0.251388031622659	0.0229620243447091	0.0151040357751842	0.16570013019667	0.127819659249614	0.471977817092491	0.230036676003418	0.61596672964193	0.107438196100428	0.289562861374971	0.220048149884296	0.0550418891944908	0.00989421860579288	0.00912356526242687	0.00584355114377087	0.0264006613387031	0.299019777514125	0.895455033469218	0.682127220588333	0.0266661143774895	0.392650546220586	0.458779538474598	0.0266661143774895	0.37190174202368	0.998401951799992	0.0515145168461587	0.632168212822428	0.190932879401418	0.0104678327025118	0.243943741157054	0.0072445449941806	0.593318168123136	0.430560041908627	0.0180660898330531	0.268187261172941	0.917989251141938	0.0554178010540188	0.638055536599959	0.190061645888754	0.0259440353122373	0.0253127876612077	0.109302697772792	0.126340181150939	0.934011478060351	0.0266661143774895	0.0519034029445471	0.0266661143774895	0.730011762203771	0.0194715282911409	0.0266661143774895	0.540555518573471	0.145076760869692	0.25406802920406	0.0283216178298025	0.0199539250722293	0.0154076449736812	0.434588124436522	0.0148758620223362	0.575419111682944	0.0266661143774895	0.919618703167837	0.171238203183501	0.00366016500411058	0.0616200249518296	0.211320774886105	0.0972191852303357	0.339884058435068	0.00702749547159729	0.0756098942105246	0.797778167385851	0.240180874500024	0.0308451007813132	0.172294557762968	0.821666489153007	0.0266661143774895	0.0421147649314622	0.964586013504414	0.0266661143774895	0.0510666392871918	0.0426076912454763	0.204096522901725	0.103419670032354	0.350052514480236	0.0184246557205484	0.0145660582561433	0.961742881659164	0.987063463030672	0.73734314079276	0.140873448519379	0.0182379376750287	0.00448152436162445	0.104769097192378	0.232692726616324	0.126662141716408	0.497297208886939	0.0476864282146889	0.645174252463946	0.918813324464309	0.826934049210891	0.177576527957635	0.486141786812692	0.0266661143774895	0.0177541748562035	0.0581436738125358	0.176632088914619	0.42690518938817	0.00314450639679101	0.0266661143774895	0.0252231301626667	0.0266661143774895	0.181013435849029	0.0266661143774895	0.998401951799992	0.0261604021651507	0.0103372428396013	0.0266661143774895	0.0244038341429205	0.263784029627016	0.998401951799992	0.696524112106471	0.158201703364323	0.97297203044679	0.0266661143774895	0.55753219861423	0.00858292284447306	0.13056064393892	0.29896650074044	0.274686532070117	0.187245262528607	0.135948032229752	0.065636842620224	0.979743582053369	0.0893242504598445	0.193625740939896	0.237278304909778	0.227485256952431	0.0266661143774895	0.298378203254854	0.16472260620628	0.291188599433956	0.998401951799992	0.0748767823122735	0.0266661143774895	0.0287823438552775	0.900075770500842	0	0.451810458105945	0.0399084656725502	0.970701514052452	0.961528238365383
"SRR5928421"	0.48881435832268	0.289198920622966	0.438622364641325	0.452526008931187	0.202447512444762	0.391737839297929	0.473109550115581	0.275403495605867	0.307232935902593	0.122752710140807	0.0618242355028046	0.934517246202236	0.935587991979529	0.422163601439214	0.950154912308976	0.404721741250768	0.454287477377969	0.473109550115581	0.0233666077999861	0.365270687400357	0.0809557871552598	0.373308204582647	0.473109550115581	0.439695202556036	0.275928654080766	0.00230938597007423	0.535420754011523	0.473109550115581	0.376712455145464	0.413483964174111	0.077314771612411	0.950154912308976	0.347062939037647	0.473109550115581	0.49601541855617	0.895485282821212	0.473109550115581	0.18017890763505	0.0797396382421289	0.457710841261363	0.046373273585235	0.207920620925314	0.473109550115581	0.473109550115581	0.338718819963514	0.14252401618623	0.472384547626496	0.143109474999587	0.23259578562086	0.36223504042174	0.91892913105026	0.914942081972143	0.441405517194132	0.21091211838524	0.126611335406744	0.173511426927965	0.466324000107485	0.187045779629692	0.472750255371915	0.473109550115581	0.930552984941879	0.296285650240992	0.43911023923026	0.390869286976397	0.367389134091544	0.217584943551175	0.415632686428307	0.435067066231167	0.918244620138852	0.404158582471349	0.4617501746216	0.213303527648546	0.334145337238437	0.440216496526429	0.0587079271480435	0.221706702380156	0.208910394580823	0.063465052144128	0.432054545127551	0.473109550115581	0.396893208389457	0.187077749179459	0.274077672554859	0.22442314197054	0.470179593947765	0.463933502677234	0.30780808407033	0.342621274133283	0.0252339927696566	0.245831017341114	0.222446323124524	0.360865901904243	0.185041814372236	0.255698670198821	0.406281903316975	0.443784189643266	0.444411785620918	0.447078312112534	0.472899879009563	0.175059520995349	0.716641433446471	0.324475077583778	0.473109550115581	0.0710236367210884	0.00865908548921801	0.473109550115581	0.0949273948378473	0.950154912308976	0.409264985670058	0.246704929609615	0.283940829507324	0.460228816239702	0.23193641071962	0.457644573595889	0.189284159378137	0.0260155981902183	0.466292821522294	0.207270867286244	0.764886631840735	0.405963455775489	0.255633761559574	0.284774207278101	0.472539098159388	0.472040120163308	0.359210667187835	0.343956894988119	0.80012344495056	0.473109550115581	0.408936555529052	0.473109550115581	0.403516236844121	0.435950106862471	0.473109550115581	0.115247335114579	0.326909822882981	0.2217052502303	0.428653435868595	0.43555381104716	0.464175603502848	0.0211285854181291	0.439717304177328	0.163674858670514	0.473109550115581	0.76843415500431	0.302617046840548	0.44884918991948	0.400694244851857	0.264245005993851	0.369889309987141	0.130845553938059	0.457470302117813	0.388703411440855	0.523706402749729	0.235713976862813	0.426562688605628	0.30162388981324	0.568614370254386	0.473109550115581	0.417169798147864	0.869624866967564	0.473109550115581	0.409643098864518	0.416756866678193	0.271266827562123	0.36442405940781	0.119562932803391	0.436809563639424	0.439970725794222	0.8630328750813	0.922708078780057	0.416032041319304	0.330759267399344	0.436962773514093	0.448183397171495	0.363230644702623	0.243191442961545	0.343666391576611	0.0576918901382827	0.412492042426577	0.266512480891555	0.766679734546687	0.578706407662616	0.296643434661767	0.0432826916531125	0.473109550115581	0.437359606820347	0.403651153215017	0.29753573826555	0.0304320860407839	0.449266943999629	0.473109550115581	0.431214377669252	0.473109550115581	0.29338969550253	0.473109550115581	0.950154912308976	0.472710067187416	0.460124254110077	0.473109550115581	0.471321159980267	0.211793340073714	0.950154912308976	0.347758360978396	0.314794839869507	0.889226889714208	0.473109550115581	0.138593680442207	0.45871846359607	0.340142105406179	0.175116015303694	0.200560536519022	0.287463624639144	0.335251430698888	0.397266423462201	0.905230162734615	0.376804712094497	0.281360718662359	0.238618694948815	0.24836039019268	0.473109550115581	0.175739646715595	0.308721621735789	0.18333228409788	0.950154912308976	0.389335428031507	0.473109550115581	0.428272055875273	0.726412146773994	0.451810458105945	0	0.419015887822514	0.883896116582353	0.862536305681505
"SRR5928431"	0.761056885642816	0.146536695919027	0.023709446997726	0.0407932504179309	0.235367851720822	0.0322647041172386	0.0665079371450311	0.161119016647512	0.127201608605859	0.311341545391829	0.366122050110427	0.988918567055808	0.989395500045791	0.00377676637498727	0.995854800588886	0.0170103027800472	0.0429739146794003	0.0665079371450311	0.399330692880831	0.0627946856793577	0.349213973195343	0.0536024294380259	0.0665079371450311	0.0250195997426517	0.16056716435198	0.417086523945078	0.78798144570919	0.0665079371450311	0.0496884514874469	0.00661028709261753	0.481639018551235	0.995854800588886	0.0833684849235612	0.0665079371450311	0.76527103551848	0.97132963633419	0.0665079371450311	0.257114473708916	0.350296624703759	0.0472225536549616	0.457027430529354	0.229959307362419	0.0665079371450311	0.0665079371450311	0.0926828972328029	0.29296555754845	0.0655934813564146	0.532083009873447	0.205255882593219	0.0662487634773056	0.981941796148138	0.980147186694838	0.0271110179586106	0.226992330832108	0.307778933581164	0.263545870247923	0.0579743067010419	0.250452558634661	0.0660546732755714	0.0665079371450311	0.987150234889412	0.138975851411793	0.0243050745320456	0.033278546659002	0.0603785017183668	0.220346597917408	0.00404680390161123	0.0193772770235122	0.981633985839696	0.0176757987181749	0.0522537027247335	0.224615023674477	0.0977582359668428	0.025656689981573	0.368851432370125	0.216222415301621	0.228978491664577	0.364682193547162	0.0157179536079358	0.0665079371450311	0.026229994641158	0.250421452140371	0.162511090531182	0.213496332929737	0.0628162895341621	0.0549812961246062	0.126579812934441	0.0883354745014897	0.439870656895352	0.191786020256255	0.589707701638515	0.0678034660439984	0.252400734924904	0.181641628463256	0.0151647888912404	0.0300254103297817	0.0307954581743114	0.0340723962277754	0.0662434099414365	0.262055831425146	0.88533673717403	0.659113286362626	0.0665079371450311	0.358024583629135	0.426218874427021	0.0665079371450311	0.33669860798683	0.995854800588886	0.0116285612163261	0.606671165077619	0.152115793080451	0.0503564907259051	0.205922897461604	0.0471401778191747	0.566029352292208	0.397075908068165	0.057935225177497	0.230602726816333	0.909452505045492	0.0155416998523634	0.612840620756089	0.151233276700605	0.0657883641801124	0.0651592754237516	0.0696804273303975	0.0868440047581012	0.926624988446553	0.0665079371450311	0.0120183775295609	0.0665079371450311	0.70956785216604	0.0204519016136452	0.0665079371450311	0.511027237052357	0.105744766159851	0.216223870893834	0.0115991921438244	0.0199695138661337	0.0552841027424422	0.401231963422875	0.0250466044131734	0.547345601234983	0.0665079371450311	0.911197959208184	0.132180264271683	0.0362532868576716	0.0217619488152568	0.172784350895042	0.0575208543717711	0.303856380238001	0.046923569973863	0.0358031518743441	0.781291261748967	0.202096378689543	0.00907388208874432	0.133248783587482	0.806664318427752	0.0665079371450311	0.00220979635317114	0.959454045608496	0.0665079371450311	0.0111796264784701	0.00270355413626792	0.16545699829329	0.063758983783803	0.314278024521931	0.0214986943807744	0.0253562861037045	0.956397964906371	0.98363891644709	0.717309199768474	0.101502293817116	0.0216853895322176	0.0354329082728461	0.0651169903173005	0.19448481014056	0.087168560732277	0.466098671752782	0.0077919249480598	0.620304215616663	0.910335217209271	0.812265600381827	0.138592860801698	0.454536656341584	0.0665079371450311	0.0221690808405475	0.0182751367147549	0.137637159970226	0.393306046728187	0.0367683038456015	0.0665079371450311	0.014699267571331	0.0665079371450311	0.142071327976787	0.0665079371450311	0.995854800588886	0.06600398418777	0.0502261985811773	0.0665079371450311	0.0642533781877843	0.226116875242155	0.995854800588886	0.674263275469409	0.119000664062395	0.968472118059171	0.0665079371450311	0.52870017064241	0.0484757541433606	0.0910991161328601	0.262001418737737	0.237226687658636	0.148380818023989	0.0965327041406891	0.0257919910283747	0.975758348778926	0.0495822087869545	0.1548438963876	0.199145455591168	0.18919405726079	0.0665079371450311	0.261400592815044	0.125591522091787	0.254060048324435	0.995854800588886	0.0350669823559284	0.0665079371450311	0.0111381683104315	0.890278332598485	0.0399084656725502	0.419015887822514	0	0.966029890127228	0.956167272463462
"SRR5928472"	0.666038738231038	0.945520141755716	0.968845312380081	0.970801380054833	0.929700173132989	0.961997593263421	0.97363758950137	0.943128678348617	0.948580421777509	0.913340440899702	0.899440892115827	0.227774321316216	0.233528627200617	0.966486472608217	0.316682353443778	0.963933979974002	0.971046852012865	0.97363758950137	0.889955756602125	0.95795096067866	0.903947590448996	0.95919421864815	0.97363758950137	0.968997427129743	0.943220533245237	0.884505482861072	0.628571112259117	0.97363758950137	0.959716976944716	0.965223160564668	0.862050572972311	0.316682353443778	0.955086821370564	0.97363758950137	0.660573017672499	0.0454964077435432	0.97363758950137	0.925318866258926	0.903665115610897	0.971522429058683	0.871144156956721	0.930755802730486	0.97363758950137	0.97363758950137	0.953751637293063	0.917580038692605	0.973538876420911	0.840946487786991	0.935414994885442	0.957478076265927	0.148939899160953	0.130153194845396	0.969239517164651	0.93132933211839	0.914177766252493	0.92397944666181	0.97271034238065	0.926684895833975	0.97358868022917	0.97363758950137	0.206865765169285	0.946731512805511	0.968914511445353	0.961866932728032	0.958279882158323	0.932599932920518	0.96553716782106	0.968339790841897	0.145676932058077	0.963850641557324	0.972081059496948	0.931786068382205	0.953013655743037	0.96907126820593	0.898693843968982	0.933378821857686	0.930945831274033	0.899832753050499	0.967909723706135	0.97363758950137	0.96277021768824	0.926691223953593	0.942896489198111	0.933889685932606	0.973238133664596	0.972381880549714	0.948676818153121	0.9543778846049	0.877081842533044	0.937848629055501	0.811726579346864	0.957264194497543	0.926287644326686	0.939634282837693	0.96416455389686	0.969575374541972	0.969663826298173	0.970038888744389	0.973609050411843	0.924291597351053	0.414436909609354	0.766378806296622	0.97363758950137	0.901624849987576	0.881590277783537	0.97363758950137	0.907154758918523	0.316682353443778	0.964604175552554	0.801822749910524	0.944613880081074	0.971870977964066	0.935292576840497	0.971513241716699	0.824497393363696	0.890628158149275	0.972706064405587	0.930630910106862	0.327472222923168	0.964117527383834	0.798049566655201	0.944757945042825	0.973559926497289	0.973491950759069	0.957005118782919	0.954591492271179	0.250746926392628	0.97363758950137	0.964555854055458	0.97363758950137	0.723277171021568	0.96846555371315	0.97363758950137	0.850195521541415	0.951837105819558	0.933378548239287	0.967422271533917	0.96840912994327	0.972415188865622	0.889385401744038	0.969000558767493	0.833801123377099	0.97363758950137	0.320312940532364	0.94780411649948	0.970287303290691	0.963336686797601	0.941161402243178	0.958666932046391	0.915091014833	0.971489077234738	0.96154048785856	0.638473222812658	0.935992389617461	0.967121611686777	0.947636462996231	0.598521844498383	0.97363758950137	0.965761284831109	0.0516607170498138	0.97363758950137	0.964659782456839	0.965701119601997	0.942402848071986	0.957819259746317	0.912644563248895	0.968587827581814	0.969036460726221	0.0740525120337661	0.167241954955832	0.715656739031506	0.952464438121044	0.96860961109266	0.970193970021928	0.957633370853399	0.937366835676442	0.954545063087946	0.867874726149464	0.965077922299441	0.793355007014703	0.323868148156964	0.588750878093219	0.946792366839391	0.872025778994982	0.97363758950137	0.968666014255024	0.963775500129228	0.946944008413693	0.89174277986102	0.970345827151022	0.97363758950137	0.967789498488608	0.97363758950137	0.946237880096226	0.97363758950137	0.316682353443778	0.973583208276463	0.971856525047111	0.97363758950137	0.97339393555443	0.931497816857286	0.316682353443778	0.754511445065001	0.949841977489876	0.0205080496441017	0.97363758950137	0.842478462046006	0.971662035352355	0.953980406670179	0.92430297533082	0.929334310857745	0.945221761299097	0.953192538735577	0.962825957242148	0.086506855213785	0.959731112580697	0.944166832895752	0.936528006179592	0.938308661803471	0.97363758950137	0.924428512962132	0.948829778593553	0.925947850769175	0.316682353443778	0.961635838441983	0.97363758950137	0.967367484716424	0.398250798412423	0.970701514052452	0.883896116582353	0.966029890127228	0	0.0757039991483021
"SRR5928428"	0.619758378655586	0.932676417582898	0.959397677511846	0.961642882410126	0.914607257964806	0.951543054584623	0.964899522713396	0.92994214684215	0.936176835622048	0.895967440315224	0.880167184900354	0.29862976520276	0.304169367884948	0.956691058905171	0.383724361521194	0.953763336942905	0.961924686444809	0.964899522713396	0.869404185818001	0.946905264870459	0.885286489629158	0.948329840030595	0.964899522713396	0.959572253070043	0.93004715033868	0.863226663398914	0.578800410741049	0.964899522713396	0.948928918526798	0.955241890605763	0.837829457711734	0.383724361521194	0.943624449504962	0.964899522713396	0.61376918932082	0.120808620337115	0.964899522713396	0.909610757164726	0.884965514034648	0.962470683356734	0.848104141525904	0.915811611746529	0.964899522713396	0.964899522713396	0.942095513549918	0.900793453221997	0.964786152946574	0.81403891575544	0.921129542226309	0.946363485963399	0.222283997497322	0.20396491659995	0.959850097781164	0.916466025194348	0.89692033604844	0.908083931987183	0.963834667696501	0.911168237001811	0.964843351293039	0.964899522713396	0.278463644457855	0.934061815573641	0.959477093799726	0.951393261472828	0.947282130012558	0.917916021226874	0.955602067884314	0.958817541389598	0.21910573410428	0.953667766642236	0.963112082381581	0.916987215339853	0.9412505756488	0.959656998764676	0.879318928237991	0.918805020051963	0.916028433405357	0.880612172930187	0.95832403203419	0.964899522713396	0.952428875367056	0.911175452768747	0.92967672747063	0.919388161333552	0.964440767179904	0.963457496840595	0.936287122602781	0.942812598280275	0.854820697703492	0.923908759927556	0.781224857599131	0.946118456650483	0.9107152768536	0.925948639368935	0.95402775939631	0.960235575546717	0.96033709867963	0.96076760303295	0.964866746030701	0.908439729507344	0.34904420896074	0.730585476977324	0.964899522713396	0.882647574487676	0.859924574939141	0.964899522713396	0.888931757930566	0.383724361521194	0.954531943905497	0.770135720098442	0.931640129071693	0.962870868015085	0.92098976773387	0.962460135245615	0.795548660137593	0.870166663366128	0.963829755200047	0.915669113286783	0.257785606408373	0.953973828576675	0.765915322715166	0.931804854307372	0.964810328345043	0.964732260473861	0.945821662547783	0.943057205534201	0.178228498040341	0.964899522713396	0.954476524251594	0.964899522713396	0.682774286074574	0.958961862565854	0.964899522713396	0.824455931491986	0.939903704467746	0.918804707734139	0.957764711665818	0.958897112230646	0.963495743726052	0.868757486470153	0.95957584715877	0.806001222811025	0.964899522713396	0.250324414539304	0.935288724914024	0.96105275194784	0.953078403807962	0.927693618161819	0.947725620664242	0.897959772917454	0.96243239174916	0.951019028486854	0.589602681049899	0.921788835301008	0.957419744427059	0.935096939373831	0.546117001862986	0.964899522713396	0.955859148503828	0.0241321471281376	0.964899522713396	0.954595719659368	0.955790133177887	0.929112469191578	0.946754372500747	0.895175607928207	0.95910218254673	0.95961705090618	0.00166025082449341	0.24008386789812	0.674353403016435	0.940621821305242	0.95912718131036	0.960945615724281	0.946541401084724	0.923358468376656	0.943004037684807	0.844408433274004	0.955075303104693	0.760667702819733	0.254028572179548	0.535520992104526	0.934131418735314	0.849101026308483	0.964899522713396	0.959191909984032	0.95358159747736	0.934304864993247	0.871430773539167	0.96111993161893	0.964899522713396	0.958186077364119	0.964899522713396	0.933497236056645	0.964899522713396	0.383724361521194	0.964837066879847	0.962854273547172	0.964899522713396	0.964619694707266	0.916658281995353	0.383724361521194	0.717390438712946	0.937620308619897	0.0960716077919067	0.964899522713396	0.815763340275402	0.962630969049991	0.942357458051702	0.90845269874646	0.914189895850677	0.932335210827849	0.941455375562216	0.952492785313404	0.161216742714128	0.948945118563197	0.93112899419653	0.922400476333728	0.924434234869202	0.964899522713396	0.90859579484986	0.936462127800198	0.910327854075491	0.383724361521194	0.951128335465856	0.964899522713396	0.957701849886634	0.331970704516248	0.961528238365383	0.862536305681505	0.956167272463462	0.0757039991483021	0
