	10333.Manaus.3546.1313272	10333.Manaus.3708.1313460	10333.Manaus.3318.1313403	10333.Manaus.3372.1313934	10333.Manaus.3658.1313980	10333.Manaus.3077.1313628	10333.Manaus.3653.1313829	10333.Manaus.3540.1313816	10333.Manaus.3400.1313349	10333.Manaus.3714.1313478	10333.Manaus.3439.1313981	10333.Manaus.3304.1313779	10333.Manaus.3648.1313498	10333.Manaus.3607.1313871	10333.Manaus.3597.1313596	10333.Manaus.3016.1313758	10333.Manaus.3602.1313826	10333.Manaus.3163.1313488	10333.Manaus.3528.1313466	10333.Manaus.3622.1313609	10333.Manaus.3149.1313617	10333.Manaus.3277.1313435	10333.Manaus.3170.1313505	10333.Manaus.3612.1313899	10333.Manaus.3617.1313375	10333.Manaus.3263.1313890	10333.Manaus.3379.1313436	10333.Manaus.3270.1313288	10333.Manaus.3552.1313714	10333.Manaus.3386.1313690	10333.Manaus.3643.1313501	10333.Manaus.3063.1313692	10333.Manaus.3070.1313274	10333.Manaus.3522.1313846	10333.Manaus.3177.1313640	10333.Manaus.3534.1313532	10333.Manaus.3462.1313495	10333.Manaus.3156.1313836	10333.Manaus.3663.1313687	10333.Manaus.3627.1313542	10333.Manaus.3702.1313957	10333.Manaus.3516.1313443	10333.Manaus.3668.1313378	10333.Manaus.3023.1313483	10333.Manaus.3436.1313694	10333.Manaus.3311.1313932	10333.Manaus.3339.1313814	10333.Manaus.3393.1313477	10333.Che.219.huma	10333.Che.254.huma	10333.Che.406.huma	10333.Che.103.huma	10333.Che.306.huma	10333.Che.288.huma	10333.Che.271.huma	10333.Che.226.huma	10333.Che.431.huma	10333.Che.231.huma	10333.Che.28.huma	10333.Che.156.huma	10333.Che.259.huma	10333.Che.449.huma	10333.Che.114.huma	10333.Che.248.huma	10333.Che.347.huma	10333.Che.342.huma	10333.Che.242.huma	10333.Che.300.huma	10333.Che.200.huma	10333.Che.400.huma	10333.Che.352.huma	10333.Che.177.huma	10333.Che.294.huma	10333.Che.394.huma	10333.Che.98.huma	10333.Che.132.huma	10333.Che.237.huma	10333.Che.34.huma	10333.Che.460.huma	10333.Che.138.huma	10333.Che.437.huma	10333.Che.265.huma	10333.Che.183.huma	10333.Che.189.huma	10333.Che.389.huma	10333.Che.21.huma	10333.Che.455.huma	10333.Che.150.huma	10333.Che.312.huma	10333.Che.318.huma	10333.Iqu.898.huma	10333.Iqu.1174.huma	10333.Iqu.892.huma	10333.Iqu.829.huma	10333.Iqu.1098.huma	10333.Iqu.823.huma	10333.Man.1756.huma	10333.Iqu.1139.huma	10333.Iqu.1133.huma	10333.Iqu.1044.huma	10333.Iqu.1209.huma	10333.Iqu.1006.huma	10333.Iqu.841.huma	10333.Iqu.1104.huma	10333.Man.1897.huma	10333.Man.1871.huma	10333.Man.1782.huma	10333.Man.1903.huma	10333.Iqu.1180.huma	10333.Man.1744.huma	10333.Man.1717.huma	10333.Iqu.1220.huma	10333.Man.1750.huma	10333.Iqu.1242.huma	10333.Iqu.915.huma	10333.Man.1877.huma	10333.Iqu.1012.huma	10333.Iqu.1018.huma	10333.Iqu.927.huma	10333.Iqu.886.huma	10333.Iqu.1038.huma	10333.Iqu.1086.huma	10333.Iqu.937.huma
10333.Manaus.3546.1313272	0.0	0.36336732723407944	0.5799487730186031	0.6111014520596342	3.099103222663496	1.5451968439124288	0.5460729602559286	0.3774002661335207	0.3905410142837615	0.5023340526921986	0.24573680247488075	0.6751793007018085	1.1389117183731414	0.25179800030960214	0.17337884391506928	0.2596882198145406	0.345271942436919	0.0849439581214746	0.1430712366934473	0.7539742660117352	0.6707635890681269	2.8547610336085962	0.38868182713856975	1.8425059614750936	0.7771859061445408	0.8875087262787359	0.4752166976000509	0.6458366944476367	0.27871557313438655	0.39407185817290274	0.9488948307090748	0.22173488370638691	0.17462646386658076	0.764812143177322	0.3958129855220043	1.2692045817218638	1.2214117502134554	0.261211569392063	2.1745199792126133	1.044826912729595	0.4754069551714877	0.3987754573668589	2.19713346937185	0.7268163746661042	2.005727601415871	0.5073314077606055	0.46398487855697856	0.6164173166708128	2.6982760450244485	2.2997030926379627	2.2054646353134926	1.2102998339333437	2.287760154654636	2.363334209174036	2.4328227203653396	2.064028083113261	1.7675855316604543	2.306688346936769	2.452122431919914	2.3709104025314716	2.2384683980237847	2.2054819726784594	2.6311623721491877	2.2805352028778376	2.234192607898134	1.478323255795251	2.287283547872474	2.3606179501496474	1.9049909924830846	2.276408763539191	2.3700386106182467	2.615736253049566	1.9085353166635464	2.663316149117058	1.9251384285439237	2.441488904457588	2.1231784281813137	0.9594815972241717	2.183624023569965	2.3483987839882143	2.6196733830075893	2.2342622539379184	1.9068227110058598	2.2183170789469036	2.2939307907139357	2.5796235893561406	1.9354710911669875	2.284947864865017	2.5900376912771206	1.3581866855830957	2.779330330534445	1.131405667248959	0.6814462460973274	0.4602559427076761	3.866226841599995	0.7686899322501256	0.4069172333459207	1.689641805643169	4.577923044677014	0.3945955819372812	1.9468588935516553	1.0672936433906728	0.9325537191385704	4.251693181138521	0.18151344641791003	0.7371112805414408	0.2740153566727275	0.4355043966510904	1.0109684680694446	0.6905828419289486	0.4710346223934051	0.6505407555253805	0.42532840965285035	2.20105076741095	2.059578148657508	0.6012025714593192	2.6699747069921718	1.643376925540707	1.9654201473616224	2.4783549058492627	2.3021386926823153	1.740539422610452	0.3468254007096051
10333.Manaus.3708.1313460	0.36336732723407944	0.0	0.3371519857411462	0.495497484622283	3.4120234730760464	1.887018587462173	0.7796015479870496	0.6901193894325104	0.5423893971442877	0.15661822126863698	0.23895184480005593	0.3297653295739551	1.4458411690509223	0.29067828757632475	0.3936844766950603	0.3015055922833322	0.6611512856673731	0.4103759968665153	0.3535321095891357	0.9456416942842709	0.984897531198384	3.153468663994957	0.2210246950074521	2.1391285904381854	1.0280834527992677	1.1707420140153424	0.27326383399977916	0.9824167143313403	0.23660835976700864	0.5933375730091297	1.2715859538286323	0.551960041534072	0.4183513335952526	1.0695859385091895	0.5948077452548619	1.552124058868155	1.50029135773611	0.327451797013346	2.467971169569792	1.3279336408730165	0.15227286641796234	0.05557534421101171	2.50331960068611	0.9803033607368887	2.3115753133368893	0.3736424557232329	0.7247230450996913	0.4084257932168887	3.0048002400220453	2.6175052521208833	2.505403373788967	1.3303100911276935	2.5769945771630747	2.6585456830509524	2.763935766944619	2.3528166273778535	2.0415393952908896	2.5909974070483783	2.7975798586610803	2.6775354882403852	2.558218172379439	2.515099120622965	2.9649372486279817	2.58843583654788	2.536140017992849	1.6933065081071645	2.6173660392624547	2.6430300042004022	2.1936258387216996	2.590346958084007	2.690662714566309	2.969893645370519	2.1483736337315325	2.906761561509234	2.1469474901394117	2.760758378846744	2.441642882082753	1.1380608433041033	2.463107007727806	2.62481737683863	2.9140290425298954	2.543020342566687	2.1677341550568023	2.526988975313107	2.646500009250131	2.9229196045481074	2.1926622501293465	2.5959968456419023	2.9126413993151052	1.517432517904617	3.0884524390103616	1.4169358036191104	0.9880770827418691	0.7188815276363554	4.1569501468590095	1.056277839038021	0.1267376615976756	1.9627089943215912	4.875082877878987	0.7030198920770266	2.2620406841611205	1.3648265463270912	1.2772399746748104	4.5447393575468364	0.28259505680102587	1.028191804971207	0.16171315073883957	0.3685285760986831	1.3196398398743894	0.3480434124313731	0.1362480359264056	0.6379204497521548	0.2183492071633783	2.523421961394352	2.3479090915322764	0.900275499528539	2.9623764062053417	1.961065808723926	2.2563005448990077	2.7941753607331177	2.605143479053228	2.0343094246325673	0.366586743454096
10333.Manaus.3318.1313403	0.5799487730186031	0.3371519857411462	0.0	0.2659426553446988	3.6769410535409057	2.113545623976342	1.0618236292036354	0.9482696938142755	0.5795758381936262	0.23411338938615392	0.517577205007158	0.34144311075941863	1.716232801495976	0.613066962778226	0.6575721551011285	0.41099513060067316	0.9179867608071943	0.65538669142602	0.6108174012048415	1.267562247416051	1.2493831381581462	3.426837549539108	0.2324529071048097	2.4201189201449615	1.3258532574069677	1.455719048177306	0.12634989251590567	1.2242475301401907	0.5572343427924629	0.6707926521769942	1.523303645704989	0.7572407740835371	0.6945903437406052	1.3412876829244054	0.9015197527619483	1.8416066296679559	1.7862267496558986	0.5522455506462457	2.7445112106071146	1.6162248557321257	0.2011721115433401	0.28554676158768383	2.7757543566548124	1.2813162884579705	2.5754677680208986	0.21454062780271127	0.9853148663233682	0.11854273959668117	2.993398430568849	2.621771969520372	2.4826652844469987	1.15074157106734	2.534011288956519	2.641676131099541	2.807162335468238	2.3201957686459025	1.9991384846935942	2.5570913701661087	2.861717807656489	2.6688657499998314	2.5797336795830987	2.5095540416591926	3.0006091332129388	2.5806984908749766	2.514559676447787	1.5893158807469403	2.657266991583926	2.610564176401435	2.1601305336693613	2.596172337239841	2.701871315596585	3.0607996743558203	2.060623854602088	2.8146129482018107	2.0299999385207936	2.774201159303651	2.454510228040814	1.0112107543940974	2.411186637579369	2.564734900994408	2.887605028122521	2.5419556958566307	2.099379815075806	2.5115774310049006	2.7378680789516636	2.9771848749836973	2.116179610194496	2.5938509186367544	2.937754658059978	1.3604742312678726	3.3533109355529644	1.703253934419521	1.2536385570842894	1.0096966332585893	4.437281865765562	1.3386256425737875	0.21468983197001937	2.257117945922696	5.148091346189184	0.7790683727695874	2.5231164152065473	1.6429070024189747	1.5058332939559507	4.822374749538526	0.41007485473040783	1.30945290740676	0.4652259084311679	0.24043510042605015	1.589519623151471	0.26197511022505277	0.2814720521956876	0.465935633711609	0.16844754736734935	2.779330716277704	2.631647405486675	1.1758453622295737	3.24182899806541	2.2208658046865737	2.537112147825479	3.055331269846467	2.8787221286554323	2.3155497017490454	0.675882600391184
10333.Manaus.3372.1313934	0.6111014520596342	0.495497484622283	0.2659426553446988	0.0	3.641335436028417	2.0569712754228253	1.0612237086864154	0.9500522909731394	0.4345011612915774	0.43338111344350433	0.5748948230322547	0.5119309366492694	1.7056640889699028	0.7123409779727714	0.6812498652314223	0.5083608496286918	0.951487778490324	0.6929589580351552	0.6956965540964193	1.3385688501779636	1.2521507572903963	3.390762326136521	0.2845001573844183	2.417209371920827	1.3433248000910656	1.4611716916421444	0.23098030336604147	1.218769770833384	0.6922063483989327	0.5362279842970774	1.4942653621585478	0.7910028041890395	0.7668456017910483	1.3602414395249627	0.9486356750622016	1.8613444312866103	1.7792480933836974	0.5551396515406641	2.7148750800778783	1.6297520087250594	0.39464333204285906	0.4525131055366419	2.7561492723606187	1.3285997225141206	2.5331682680638186	0.12652393165399192	0.9667899847983861	0.16421097062699053	2.880178192378287	2.5013585220022723	2.360617336248059	1.0426546233647853	2.4024799462852156	2.5416554117516124	2.711110082799583	2.2053439551949614	1.8936272751263834	2.4533248161157766	2.7544808258629363	2.5565922374563765	2.4803782720581173	2.3930221099604854	2.8886353202339246	2.4658004728460585	2.3897602580913855	1.479381588283086	2.558836985457038	2.513115166846435	2.0406488012616055	2.4880819421118248	2.5862744753081794	2.9585788034381393	1.9485164019381482	2.7023063313330704	1.8972513123599961	2.6661347276371203	2.3446187307595987	0.8603241131704256	2.285246839802154	2.433533142325443	2.7777733231060737	2.435036654733787	1.9787328659405778	2.378694426669442	2.6415903618117067	2.8632732947827013	1.988474190146784	2.4803726777037536	2.838807122781541	1.2400983561281196	3.311321686363765	1.7089166423311217	1.244660996920234	1.0362682117536224	4.4043078743459985	1.3722256270832243	0.37843832410668055	2.259613918259133	5.103050655365432	0.7235793942078093	2.487983454052196	1.6426213389233084	1.4793130220749335	4.7842636605111135	0.4384822783103365	1.3226581183827073	0.6094620395321321	0.27449498947585654	1.5863436847763153	0.5153016908503132	0.440063621123042	0.20626846792675518	0.27985367195887134	2.7451710349865124	2.6158088234243984	1.1978861609564349	3.214286269769621	2.190864277958992	2.5173097800101445	3.0177682082919444	2.8538381496376184	2.304779170927722	0.7420839111164242
10333.Manaus.3658.1313980	3.099103222663496	3.4120234730760464	3.6769410535409057	3.641335436028417	0.0	1.6082170088309313	2.673066194773441	2.7317134393011973	3.222828047288625	3.563877850033169	3.207618923939273	3.6887276190076634	1.9664255798539565	3.1321032636990296	3.0368860143358387	3.3177660548965	2.7768215890493164	3.026667275651262	3.0997557929605484	2.547679739258847	2.432742187860115	0.3947022104320883	3.4644588096202034	1.2955753726612569	2.406001117563116	2.245522596268342	3.563669778311437	2.4629371952793266	3.2093482301414054	3.1267814591981233	2.1548766322138992	2.9540652007210952	3.012067333691414	2.3586041389035013	2.8327272133691443	1.8904254594035976	1.9318790289893841	3.1756707013184053	0.9932384853340241	2.0941540707354345	3.5509360314108425	3.4604696943269984	0.9149484342459229	2.4594972846093484	1.1363930683920893	3.560583733179774	2.72879817289212	3.695966608199732	3.155973515034353	2.8907161820746374	3.0773865508542144	3.7026085041760064	3.2260631655306984	3.137745001920367	2.6640443240572123	3.1376528675106674	3.172123773509392	3.2403485375637775	2.433292042186284	3.0355325625274046	2.8051103706653278	2.961217552602314	2.717565560112793	2.9985784145133194	3.067888410212397	3.452013700844087	2.661838384706429	3.2658888863502784	3.102901580854689	2.91046334941972	2.862076279342308	2.206444888447189	3.467397642268519	3.79240159447476	3.6058441522931224	2.8832913454856772	2.8244143459231643	3.4266186251684125	3.27589740891021	3.372838790078218	3.265703049618464	2.9603637388239483	3.3273382718780935	2.9969915510614062	2.205870419859729	2.5238724619171937	3.370727495732864	2.959474130196746	2.851263855521848	3.6470806138388516	0.37554435199176917	2.0029738721036745	2.4283893865371193	2.6964197679819106	0.8781150956836975	2.3799304802527366	3.4926680392631546	1.5014113132244638	1.538891697373606	3.027258025932968	1.1555713377697572	2.0485238269332036	2.1954994524792384	1.2300282439859958	3.270958823440995	2.385005886443016	3.2838335646868027	3.507094099968049	2.0951970784021614	3.756276602593499	3.513870738815149	3.5664194447653887	3.515344736940412	0.9080420907790674	1.1030926877356846	2.518161007049924	0.5577084752310772	1.4561032303844874	1.1856363571130741	0.6235931413787691	0.815808317255592	1.3897835620077876	3.106992482312613
10333.Manaus.3077.1313628	1.5451968439124288	1.887018587462173	2.113545623976342	2.0569712754228253	1.6082170088309313	0.0	1.2004757091260974	1.1995439172347955	1.6401265587548082	2.034259897082529	1.6850670455357473	2.1771042778026914	0.5426349284742138	1.6320556608427168	1.506070612015437	1.7596681131937513	1.2488726212843513	1.4830375379657978	1.5691746593109448	1.1931196814286957	0.9221574747464948	1.416176822116023	1.9059162383543968	0.6088606718856236	0.99342615345848	0.8170331839031393	1.9996488609806689	0.9202604143244101	1.7083179320304402	1.548071741432002	0.6329244854778827	1.4003905680853872	1.4905023412638287	0.8816584777067871	1.357070894472083	0.6481586821082771	0.6380006477782507	1.6423451330107435	0.82789194198558	0.7252003301423867	2.013157311459582	1.9300573810498494	0.7937503008575764	1.0446228864043834	0.6184862880572645	1.9864424535266716	1.2197324846972961	2.124325343118807	2.2420466664050807	1.8441673560846863	1.9306644378597142	2.131828235900067	2.07191661247906	2.0672794828374896	1.784913037982999	1.9156333312061147	1.8271990484854181	2.1098255848797076	1.6346595808829512	1.9898908199358543	1.7671728109415237	1.8491705037994906	1.9256764474149752	1.9154894319188123	1.935658942105331	1.9675436762072842	1.694024119833782	2.158050402478845	1.8170349242379393	1.8555678587648619	1.8658954434202704	1.615666843165807	2.1117082058097925	2.6486380584088076	2.216484251786104	1.9261896571962045	1.7106153348677708	1.8360524957050945	2.065249768017977	2.205619997226752	2.275422211734125	1.8705611905846025	1.9955805829714264	1.8705528379658127	1.3854209208926158	1.7701907065165452	2.0367716899091035	1.890803841554161	1.997709918930422	2.1050781684075384	1.3038692830260896	0.6575745435862987	0.9209021832326865	1.2093525205204	2.4245787087289807	0.934123065149945	1.9482390111230286	0.6777133660273948	3.105380995757358	1.4304403446102474	0.5137041030747151	0.6401184356330362	0.6345191008241199	2.795370684680879	1.7048259393002352	0.9167789086130889	1.7670228049658332	1.9267174589036629	0.6404938769217219	2.2299645050196104	1.9879424386549789	1.9736660360993226	1.956466793733148	0.71566309153711	0.7745418671787352	1.0246032725068497	1.2707944108235731	0.3056589024842	0.6882429465694548	0.9940052787040531	0.8913669313193182	0.5485921834968547	1.622364235225999
10333.Manaus.3653.1313829	0.5460729602559286	0.7796015479870496	1.0618236292036354	1.0612237086864154	2.673066194773441	1.2004757091260974	0.0	0.24767755412417156	0.7097957925855555	0.9187317204097463	0.5540904516630529	1.0217039016778904	0.7367491441115236	0.5159745596578063	0.40953640567591115	0.799810901466397	0.39358152992531265	0.4771594577284027	0.5718901027308241	0.4170915351482726	0.37468170947642476	2.3946447444693892	0.8385511316408034	1.4256793537499075	0.3063459210843338	0.4566436621625947	0.9462883542485748	0.4567516468715995	0.6224114287119561	0.6330822934461765	0.5747901851279021	0.5573336602447605	0.4812729805981667	0.4853399028579265	0.22936888363028868	0.876515393982788	0.750597032081052	0.523979967378572	1.7084828495746298	0.6347512358663627	0.9117237884672874	0.8241931018924291	1.7748327344805674	0.40606488648133565	1.5536831769270878	0.9558436568355224	0.11844242297246906	1.0804094508462032	2.8252799812228897	2.402849829502104	2.361796817652354	1.6611809992777864	2.463901052397526	2.530167724505105	2.4868155775296628	2.254735989179328	2.0050784244862734	2.5011945404033353	2.444078106148952	2.5066628024886426	2.3399068012602458	2.3372795115401503	2.6705052103900146	2.4150835887402935	2.3833380210833583	1.8251925399432258	2.350744091541435	2.557921842551282	2.1008489779802764	2.3946357288205267	2.4632879786435726	2.549800044271865	2.200048071739616	2.9274301969408674	2.235038336536742	2.5379121800825795	2.232750191712104	1.3547679684273561	2.387327726356929	2.5515112135018154	2.780919174503468	2.3691367077991585	2.1593271258955173	2.345676264513549	2.2470702913998224	2.5784794828840494	2.19077759098552	2.4106716761965115	2.6705548928190455	1.7672723836531692	2.3358767108311325	0.7037729790462176	0.31040322239294876	0.17493270706667277	3.396060468484829	0.4899558423147208	0.8647032093562189	1.226700019465674	4.1099930887218274	0.7572104516317301	1.5257341428118514	0.6607006228879764	0.6891449473506509	3.7816234732821763	0.705445268431773	0.3713678259066286	0.6917827880047549	0.961111629510664	0.6379326424524076	1.1229327978819583	0.8588368085334104	1.0542683850456143	0.894505380592022	1.8047035487051037	1.5994321408386574	0.3447638310384094	2.205672243154695	1.2374664945638234	1.504727347767091	2.0566460378480276	1.8632356323304409	1.2993689622617257	0.4454275469478274
10333.Manaus.3540.1313816	0.3774002661335207	0.6901193894325104	0.9482696938142755	0.9500522909731394	2.7317134393011973	1.1995439172347955	0.24767755412417156	0.0	0.6009236368629737	0.8387461719094668	0.49077232202670634	0.981719661708008	0.7692835718217166	0.43902416783842885	0.31234480625655925	0.6242285685098239	0.16960538963022506	0.3043061519648936	0.40421384480317524	0.479699932007647	0.31096233868745193	2.4801487798639164	0.7371386272366738	1.476903394887688	0.4194905423842534	0.5153453612204134	0.8362861967733016	0.3235424877015341	0.522820070312787	0.5352332683293062	0.5822245260299318	0.32535602733148317	0.31864730898212906	0.42543941770984633	0.2304019619442283	0.91246114942566	0.8454738502760661	0.4703337886644632	1.798458094498845	0.6799687200139088	0.821757585319398	0.7347462859860581	1.829344148853376	0.40632603200221035	1.632036807998976	0.8505186258224151	0.18699947521161728	0.9747110056954563	2.6380833902417598	2.223460877031133	2.1689347379753112	1.4424126604635235	2.2698968891113083	2.3287263350531178	2.3155656203715815	2.0515021482005293	1.7894728361650618	2.2944337465265083	2.2964882596355483	2.3162010945397333	2.154733807600783	2.1487333717224177	2.5086331365631396	2.2255017492545055	2.1932013518706146	1.5989729760956362	2.176628550523384	2.349050024168415	1.8977530607770599	2.2073254630968804	2.2853527565430762	2.4230574419669977	1.978985501886668	2.71097853793488	2.0196743372753074	2.3570737233955854	2.0478600347766895	1.1498778578232072	2.185318359248848	2.3517311512912378	2.583985920278903	2.1770182670768823	1.946412454656043	2.163922602966391	2.1102898751185433	2.430720224201562	1.9800066018267686	2.222961906306958	2.4924043124961934	1.5465328544400931	2.4078311123205722	0.7616229896696632	0.30557127223584896	0.14865382412713368	3.4907118424977646	0.44072051748077185	0.7617259018742389	1.3176128820730606	4.203080907585854	0.5293194508568043	1.5782790295083475	0.6978540103056302	0.6083740404995989	3.8762872682412666	0.5526215812507355	0.3726304470914428	0.5786142650259862	0.8061264962256627	0.6464570531801623	1.036534005347329	0.7918641246744951	0.9422183000876095	0.7855272642448864	1.8397167359135311	1.6848319488695684	0.25929266662204586	2.294668058127934	1.2768717032926877	1.5900365930349938	2.11107600972815	1.9306767972320618	1.3683295562215776	0.44755897124411603
10333.Manaus.3400.1313349	0.3905410142837615	0.5423893971442877	0.5795758381936262	0.4345011612915774	3.222828047288625	1.6401265587548082	0.7097957925855555	0.6009236368629737	0.0	0.600467234240559	0.42944305908048985	0.7215997683742973	1.3122104713094442	0.5635547687086369	0.4189083642243447	0.48907985000921467	0.6513412522298522	0.44829174991017406	0.5304129080880917	1.0479247742034148	0.8850428845017159	2.970471418852281	0.3884962295757593	2.0218211479378807	0.9873370846151394	1.0861532610392943	0.4610637219197331	0.8531922591431336	0.6057670989665406	0.1034589214705626	1.09130651374138	0.5431752186781016	0.5548772485362978	1.0074234830662727	0.6652939427674898	1.4914163798154254	1.3868167369471482	0.342202994653127	2.299611646543283	1.2579593329849812	0.5635136145062549	0.5406008933169875	2.3479943691459764	1.0056710717324764	2.1123194933793346	0.38706162463217364	0.5993365308784533	0.5367016411792461	2.667568697422659	2.260994353440729	2.1544406338656494	1.1026611103955948	2.2150327318081113	2.349121125353223	2.445536792643252	2.0196600577318358	1.7314219553827626	2.280016382553815	2.4525805991369634	2.34113635474706	2.2383821836087803	2.1691537370682803	2.617238441959951	2.2464963125653594	2.179407288320004	1.406227797842392	2.2946757921371344	2.344046194145332	1.8517938629073591	2.2576467625262904	2.3416832181271507	2.631011255950262	1.8445109577317995	2.600945024180948	1.8178558152799322	2.4261124265342424	2.103002854032939	0.8044260737146417	2.1155720548927572	2.2701289022984747	2.588248145225177	2.2147299341517734	1.8382742180755776	2.152421329949394	2.317988354937349	2.567242094582359	1.8530433049543324	2.255082174553054	2.593167213926147	1.2456903741858085	2.8891227811999123	1.3279126488085085	0.863895769020323	0.7098302417950645	3.98393575753746	1.0340052492864826	0.5063074664829227	1.8683269267400322	4.677314085027028	0.46231415554143895	2.0722568366971967	1.25831735670055	1.091980342681722	4.361366700002583	0.33431327998161103	0.9609238296498366	0.5687382983470122	0.43976753721480333	1.2023105724467358	0.7848976939086507	0.5612129302793788	0.35690364648510237	0.4473944412938388	2.3319492688876458	2.2089103286065677	0.8544217394455136	2.7984977999432528	1.7802508985335534	2.108487417283154	2.5996296093106586	2.441205259389036	1.903416387083701	0.5586476504285718
10333.Manaus.3714.1313478	0.5023340526921986	0.15661822126863698	0.23411338938615392	0.43338111344350433	3.563877850033169	2.034259897082529	0.9187317204097463	0.8387461719094668	0.600467234240559	0.0	0.3673621956767602	0.2000953135617747	1.598173503024091	0.4427695034103554	0.5345940282130305	0.396248827791574	0.8149138787539292	0.5581950135366531	0.5045725778533596	1.0952086623671276	1.1378037109731427	3.3024133376940514	0.2195130546199252	2.29319054201543	1.176644381653815	1.322190574457555	0.21532257252666978	1.1339148266457566	0.388571412101709	0.6678873476065311	1.4204818497609355	0.6946279539854061	0.5736159732258985	1.2250370982103487	0.7430294589006197	1.7071372597150967	1.6492912100808599	0.43453531944387114	2.616486142484341	1.4815452583338204	0.048847987913761395	0.10664043296406182	2.656264528055488	1.1352445863203755	2.459141287354572	0.32657839240620046	0.861762950451488	0.3091019688981071	3.092202306536739	2.709867898239766	2.587441439004264	1.3373225473213195	2.6510743299167787	2.743183795387671	2.870613109190614	2.4307269327984637	2.114615815766958	2.668836868351223	2.9107684557078297	2.765416623794632	2.6569784201145286	2.6037517928982257	3.0691055092270827	2.6764593908379704	2.6186274453178777	1.7386832089314979	2.7226370157838153	2.7213946178798536	2.2707104781082	2.6834651099436586	2.7857960726368463	3.091442298223277	2.2026441501472886	2.96058634999616	2.188205710462979	2.8569586412338173	2.536956908046636	1.1680227744034726	2.5334457207194596	2.692089361233092	2.995482927902354	2.633507296538602	2.230515985918334	2.6114810601491008	2.767940305099547	3.032951861325026	2.252026255577852	2.6861348499497795	3.0132910215243425	1.5371078642679152	3.2379692716778905	1.569609226705662	1.1377981599133284	0.8696644209301965	4.305624222720712	1.2125187116925673	0.11700692219480557	2.113564520621206	5.022784164922665	0.8075354839499922	2.412708904046584	1.5177796560867127	1.4270693500925866	4.692963264836324	0.3829356723175451	1.181579289689673	0.31232937264285887	0.3674942355961865	1.4730534632815988	0.21326058638746018	0.07510797327964594	0.608651356952513	0.18676956499340072	2.6756707395672414	2.498354113805323	1.0550985684784053	3.111772094495336	2.112406124266619	2.4062336324997182	2.945360276014783	2.7566906703924796	2.1863177451430653	0.49384381930965304
10333.Manaus.3439.1313981	0.24573680247488075	0.23895184480005593	0.517577205007158	0.5748948230322547	3.207618923939273	1.6850670455357473	0.5540904516630529	0.49077232202670634	0.42944305908048985	0.3673621956767602	0.0	0.4921654805725388	1.2460817175461323	0.1712007924592744	0.1804904648493205	0.37314150864589585	0.5081724682207239	0.2668522558418725	0.2863760817946348	0.7836830006727563	0.7947778072330849	2.9412968816788476	0.307435562440204	1.9458936678751855	0.8237953844246891	0.9691809014110062	0.4107839347124221	0.8048921768414548	0.2290468784039766	0.44171756616609803	1.065611355100184	0.45221880802840436	0.30078281418183334	0.8939678654828175	0.3987084593860692	1.3690456183465385	1.2913634753935967	0.11410926128655233	2.2554454988793076	1.1359490615691665	0.35835638369354367	0.27535740829501665	2.3035638991243346	0.8089667438757974	2.096220160854093	0.45195729296491927	0.49476369113415725	0.5490998731672065	2.932920798429598	2.5303090087454745	2.435861094816576	1.3791902974608898	2.513988779897181	2.6010269284081926	2.668196418869035	2.2958413916338545	1.9993267820036402	2.5422815333324094	2.678374453361342	2.605228598956929	2.4752888693277275	2.4378661467757157	2.8618374467263017	2.5137418951626898	2.4636646586426503	1.6908282896856852	2.522288817590731	2.5978835037062202	2.1344817916578864	2.5114889465524284	2.6021662496795943	2.8356056748941936	2.130901528193902	2.889088650576721	2.1341745572987287	2.676331216027046	2.3568965276712066	1.1327687263409412	2.410627977243791	2.5733929343900503	2.8549785159235856	2.46988913708038	2.1313708771747404	2.444271083679199	2.516633353665595	2.8053508822466684	2.1565705929957035	2.518520613260726	2.8269478017720964	1.5432488018549324	2.8772359881887644	1.219738379487324	0.7826370101373851	0.5192470246646919	3.9455166336963403	0.8876111321142884	0.315578271233107	1.7623129311757724	4.660191494267433	0.6242389969539496	2.0552695388675075	1.1676785952130706	1.0952791278228782	4.331741577946531	0.2673661712083894	0.8353530954065711	0.2299189698665	0.4770558204654254	1.1259446780628772	0.5766550587200706	0.3090629186144327	0.649945553712065	0.35557989455554967	2.3233588116624317	2.141707032315521	0.7201054610153967	2.7523345524366936	1.7575865914937892	2.048006509038548	2.58839512783769	2.400224315140891	1.8324467591625224	0.1742374818124887
10333.Manaus.3304.1313779	0.6751793007018085	0.3297653295739551	0.34144311075941863	0.5119309366492694	3.6887276190076634	2.1771042778026914	1.0217039016778904	0.981719661708008	0.7215997683742973	0.2000953135617747	0.4921654805725388	0.0	1.7299369742874444	0.5783617254660222	0.6719632040320414	0.5956315947786432	0.9773553920183803	0.7245107144798173	0.6816762330326838	1.2054279985929686	1.2814600122014865	3.4139270314020407	0.36554236218811903	2.4203518424903745	1.2881316776696294	1.4458603999732114	0.3517591041614353	1.2906314999580395	0.5406769400313429	0.786943566521144	1.5560659564909742	0.8776392934633215	0.7382262538743211	1.3719799451002141	0.8601040845842246	1.8371142500751534	1.7620208472462087	0.5462582157633108	2.727135292176001	1.608533488216538	0.2381094630681335	0.2909643419922111	2.78277352654828	1.2660912969631528	2.574941753308222	0.4274232319829201	0.9746825430707948	0.37984642409007513	3.2777146971003996	2.8929752266692064	2.7692551409222097	1.4885139664055427	2.82890045937033	2.9310810563267475	3.0598853563959354	2.6135814544294775	2.2981370180786382	2.8545333452664767	3.094726644199658	2.9508134910684163	2.8458083244279115	2.787765605876866	3.2544346033173177	2.8610199861115406	2.79974019932626	1.9110894215325391	2.911193312355617	2.908551275053853	2.4519552217021534	2.8701222632036303	2.970464426719833	3.2732878985809815	2.378612725090864	3.1364423245422683	2.3536644976748455	3.043907976277553	2.7228104559709183	1.3236102871805446	2.7118620376081926	2.8683916405611574	3.180874758436296	2.8202847232951314	2.4077714778720933	2.7901701497911846	2.9513077859897514	3.215920429467005	2.426405486546985	2.871228380519715	3.2027214038936624	1.6937999890444062	3.356205767745671	1.6936753362768493	1.2710165591129197	0.9968661594067617	4.41082597601122	1.3567094674202043	0.308006756381702	2.2245697381416187	5.1280612282332125	0.9918039783486762	2.53966026891269	1.6477187975704946	1.5837760213219605	4.797710235652434	0.5644168563561499	1.3152497258897573	0.48322644644067403	0.5351958023023159	1.6100183836714068	0.2327125126830172	0.20501101507650363	0.6901558763748856	0.34520303218817766	2.8101533646672685	2.6113531895358704	1.1995453858320018	3.221855893056338	2.2438858918296716	2.5195813692241953	3.071903884004918	2.8775739340351687	2.3067998296498895	0.5839306321062973
10333.Manaus.3648.1313498	1.1389117183731414	1.4458411690509223	1.716232801495976	1.7056640889699028	1.9664255798539565	0.5426349284742138	0.7367491441115236	0.7692835718217166	1.3122104713094442	1.598173503024091	1.2460817175461323	1.7299369742874444	0.0	1.1683748669470948	1.0747449248238834	1.364815117929535	0.818656827485747	1.0636084582189458	1.137958467752984	0.656375545728286	0.4698475805332723	1.7221053316156039	1.5060904018846932	0.712070324353314	0.4760553252355817	0.29527940403360314	1.6052023801770983	0.5249364077574723	1.2465923391913667	1.2239633823020066	0.2324346280059311	1.0095642110144976	1.0481448265309263	0.4115296068371159	0.875454367276223	0.2470838050269664	0.20883426043824072	1.2228018556945714	1.0469200512647838	0.1850317022542953	1.5851706017582827	1.4943292830311516	1.0603041178638495	0.5255072972348415	0.8887288921270158	1.613813316501199	0.787132806392519	1.742386867628799	2.5461754550591555	2.1368018586428783	2.169338182535653	1.9842134541663203	2.3041833351775742	2.3048230567293633	2.117839695874718	2.1070794278016685	1.9369697776968684	2.3206652919421606	2.025383452824	2.259748796172539	2.045312391322909	2.106736036829381	2.2949741434334148	2.1783573793811217	2.184117011643147	1.9485357743573404	2.0074476401338956	2.3685747231262546	1.984178299133795	2.1287073026792536	2.172080623562495	2.057104703465023	2.1985003573370268	2.8308735870527038	2.2904181869781888	2.233010790493145	1.974221600372206	1.6855605361904387	2.262128511679294	2.4205092450331223	2.5438900830073794	2.1249750014241653	2.1167246879870474	2.1365203128216255	1.786163827658734	2.168222666858779	2.1600451919974413	2.1609267053501298	2.3239905033903767	2.016117984262405	1.6490660653457452	0.1330253166289103	0.46736165369022925	0.7339015314012963	2.731938796213161	0.44409845110362417	1.5274266303546633	0.5856123464537922	3.446661836765642	1.1425654541628352	0.8194733486237458	0.09869563722541928	0.357915353234256	3.118334321882575	1.3150436595905073	0.42084554041133626	1.3190257374952779	1.5604705909954542	0.13724856872254318	1.7903398602079323	1.5500168059623993	1.6647431933476557	1.5546523646294088	1.0818336249165246	0.9270952228114365	0.5555870034967519	1.5359668245805522	0.5193027901744234	0.8341384521705663	1.349314599520735	1.1639969354091613	0.604686853659035	1.1545685474374812
10333.Manaus.3607.1313871	0.25179800030960214	0.29067828757632475	0.613066962778226	0.7123409779727714	3.1321032636990296	1.6320556608427168	0.5159745596578063	0.43902416783842885	0.5635547687086369	0.4427695034103554	0.1712007924592744	0.5783617254660222	1.1683748669470948	0.0	0.19690392956787545	0.38273665939583157	0.41854117188602824	0.23054939935761207	0.20357411386236457	0.6573946016619133	0.716799784721412	2.8713517178214745	0.4344463806102013	1.854872483801277	0.7422941105031696	0.8880229865338853	0.5236483909931893	0.7328749654126703	0.11407408443943476	0.5645063705024139	1.007145055205131	0.39279240721682335	0.19540686643301758	0.7972320171360654	0.3103072288378361	1.2668114212438437	1.2165917582839456	0.26455604111244696	2.1857416220764807	1.0428239017928156	0.44055835628962436	0.34398445299069924	2.2215192300223614	0.6937367150396043	2.0350902405140245	0.58877335183684	0.48044439408934625	0.669132604971944	2.9278830421286064	2.5291698320859526	2.442136864217799	1.4363750893157203	2.5292167628449884	2.5927331338361745	2.6445389934203263	2.301887620087296	2.006582613865846	2.5404399837997222	2.657576047472242	2.601562090181894	2.459397252326802	2.437408416155899	2.847228057588741	2.512122632296078	2.4709458460076905	1.7210476868821536	2.501835115700328	2.592016453297317	2.145093580724538	2.5032921278507607	2.5962719621113917	2.806728489500408	2.1511017101255185	2.903763590706871	2.172129042435694	2.6651368628596934	2.349779676522014	1.2024567650584583	2.4258445276074956	2.591866758814259	2.8520378948479097	2.462897865690858	2.1508466877976837	2.455046168049193	2.486500067483222	2.7891783850809633	2.1813523050037804	2.514894794923735	2.8072193750383865	1.595402512320185	2.8093875040724563	1.1321813941687844	0.7192829129865899	0.43894224184438535	3.8720376338370026	0.7791737761645651	0.39985736160697233	1.674440866943432	4.592604051291635	0.6418388608655747	1.9858451622817845	1.0839921620174957	1.0298224060205527	4.260690170940749	0.3402299505962203	0.7484651662740488	0.18493542971822863	0.5619146933474007	1.0435570984536031	0.6281433695645625	0.400291317400727	0.7969111461794505	0.46460778591393614	2.2489741828996186	2.062545230271911	0.6271430808356462	2.6781672559348415	1.6864175380962614	1.972253926572304	2.516704443583585	2.3227976513427	1.7499356023451793	0.1676107803835803
10333.Manaus.3597.1313596	0.17337884391506928	0.3936844766950603	0.6575721551011285	0.6812498652314223	3.0368860143358387	1.506070612015437	0.40953640567591115	0.31234480625655925	0.4189083642243447	0.5345940282130305	0.1804904648493205	0.6719632040320414	1.0747449248238834	0.19690392956787545	0.0	0.4099539707177846	0.34641047915589224	0.14565817342184587	0.23722886093919443	0.6621200017182003	0.6201013072904217	2.776249060160467	0.4406628341348938	1.7791505906943244	0.6723365906802224	0.8051379661218648	0.5445616571573103	0.6271937308757237	0.28817972438584305	0.3950202525453527	0.8893360585451778	0.3291580009657252	0.20229597284130063	0.7245229298103867	0.26984778439936224	1.2067715485246093	1.1308081104731846	0.17426635945551153	2.091749826716738	0.9728045640291817	0.5191401201953315	0.4344218844136208	2.134101336949256	0.6587700232120034	1.9284622821644877	0.5687518623462596	0.3373855286485363	0.6845625889967496	2.8042432337814	2.3964031440350864	2.3141491178530047	1.3641948894488414	2.399503564450076	2.4792660709604504	2.5217951593645678	2.1811248671006664	1.894621495010199	2.427989507656972	2.522694733892726	2.4775402697608664	2.3379904600329877	2.3093770526536272	2.7148819453581727	2.3858772975189106	2.3408052566487885	1.6230948500654883	2.37750207639927	2.4837993341126317	2.021196255463775	2.3789476424112013	2.4655988989680377	2.671559647492987	2.045973559627712	2.7986228895863166	2.0611496311512782	2.539574919536833	2.222218719382895	1.0941977229781985	2.3020889810499723	2.466470304796742	2.733897770173893	2.3408058280535737	2.034968973333668	2.317853878492928	2.354114605420697	2.6517530313247684	2.062800834286421	2.3884347170261937	2.6862940333780125	1.507471351219973	2.7084256687137174	1.0558437060575765	0.6090601738951128	0.360768444037252	3.7837858309284744	0.7250007990120879	0.46388278266681066	1.6045495692301055	4.4969286133323285	0.5250601403892375	1.883244213830635	0.9992671518389861	0.9155681835392495	4.169540388551562	0.30436437380603465	0.6680400771039794	0.3206368296912381	0.5580924467231176	0.9537925770944721	0.7399188683189496	0.483024213098831	0.7145472409017232	0.49141542256794885	2.1489064172101258	1.9789808655483803	0.5514361317970733	2.589129290927024	1.584131936476464	1.8844330715607556	2.4165503879415873	2.2323262403044466	1.666937160649899	0.2078371551743666
10333.Manaus.3016.1313758	0.2596882198145406	0.3015055922833322	0.41099513060067316	0.5083608496286918	3.3177660548965	1.7596681131937513	0.799810901466397	0.6242285685098239	0.48907985000921467	0.396248827791574	0.37314150864589585	0.5956315947786432	1.364815117929535	0.38273665939583157	0.4099539707177846	0.0	0.5493003909622244	0.32616242339553836	0.2577619928908553	0.9539308450769878	0.8958151818540067	3.085649650904181	0.31911783137109945	2.0576062967052215	1.0158667091330378	1.1213739564993421	0.34840689080530984	0.8552956710954341	0.32306120178947556	0.5416756538823181	1.1810472467408428	0.36576016193912836	0.35343772156144415	0.972721730444781	0.6241840631280795	1.4798980604458514	1.4591354646988166	0.42387986112687476	2.4087144622395678	1.267281415647942	0.3602993859819323	0.3156496994503471	2.415411277219085	0.9350692304939415	2.240554296005106	0.4187366983224818	0.7229791006422123	0.4771887408701215	2.7192610836251814	2.3405516225435083	2.2232394228127665	1.0812595624074053	2.2961410537065348	2.3676554095064266	2.4878851978783056	2.0663867576190262	1.7518873891071138	2.299276261814729	2.5369375889723598	2.3930212333792906	2.2764391134043787	2.233875529272659	2.693272181153331	2.3056284585184104	2.2554649785891026	1.4111680278426901	2.3414772377096194	2.3492925076980358	1.9099960627009207	2.3077727062142963	2.4129913108621386	2.721222146225737	1.8607955305526376	2.6164170012371124	1.8708864921926298	2.4798580621356914	2.1624760661732023	0.8958658040938016	2.179112817852605	2.3420104729496556	2.624634312042939	2.2583122718930695	1.8823562883747402	2.2522271915685397	2.395526249352085	2.660881458186095	1.9102387388979274	2.313837820906188	2.631022008850115	1.2566027009817216	3.006818763063272	1.357854964015468	0.9212222736183336	0.6998546951086385	4.0967446202453575	0.9707675312507082	0.29249778292728335	1.9172318083704136	4.809574250651651	0.4545289524928417	2.1713953635086827	1.2929136016295049	1.1348666603978452	4.482814800115328	0.16705733680879722	0.9648311709480182	0.251355430172582	0.2559187372040368	1.2322951452848117	0.5280008811488417	0.4057796362602786	0.6033236655814668	0.3100608573826088	2.41536539562279	2.288940716879785	0.8197256388794351	2.9006052176380077	1.8658765281871867	2.1967337953958856	2.69940635868756	2.5261922380791555	1.9658577965895132	0.5155130095703427
