	10333.Che.103.huma	10333.Che.109.huma	10333.Che.114.huma	10333.Che.132.huma	10333.Che.138.huma	10333.Che.144.huma	10333.Che.150.huma	10333.Che.156.huma	10333.Che.16.huma	10333.Che.177.huma	10333.Che.183.huma	10333.Che.189.huma	10333.Che.195.huma	10333.Che.200.huma	10333.Che.21.huma	10333.Che.219.huma	10333.Che.226.huma	10333.Che.231.huma	10333.Che.237.huma	10333.Che.242.huma	10333.Che.248.huma	10333.Che.254.huma	10333.Che.259.huma	10333.Che.265.huma	10333.Che.271.huma	10333.Che.28.huma	10333.Che.288.huma	10333.Che.294.huma	10333.Che.300.huma	10333.Che.306.huma	10333.Che.312.huma	10333.Che.318.huma	10333.Che.34.huma	10333.Che.342.huma	10333.Che.347.huma	10333.Che.352.huma	10333.Che.384.huma	10333.Che.389.huma	10333.Che.394.huma	10333.Che.40.huma	10333.Che.400.huma	10333.Che.406.huma	10333.Che.431.huma	10333.Che.437.huma	10333.Che.443.huma	10333.Che.449.huma	10333.Che.455.huma	10333.Che.460.huma	10333.Che.98.huma	10333.Iqu.1000.huma	10333.Iqu.1006.huma	10333.Iqu.1012.huma	10333.Iqu.1018.huma	10333.Iqu.1038.huma	10333.Iqu.1044.huma	10333.Iqu.1050.huma	10333.Iqu.1056.huma	10333.Iqu.1080.huma	10333.Iqu.1086.huma	10333.Iqu.1092.huma	10333.Iqu.1098.huma	10333.Iqu.1104.huma	10333.Iqu.1127.huma	10333.Iqu.1133.huma	10333.Iqu.1139.huma	10333.Iqu.1145.huma	10333.Iqu.1174.huma	10333.Iqu.1180.huma	10333.Iqu.1187.huma	10333.Iqu.1209.huma	10333.Iqu.1220.huma	10333.Iqu.1224.huma	10333.Iqu.1230.huma	10333.Iqu.1236.huma	10333.Iqu.1242.huma	10333.Iqu.817.huma	10333.Iqu.823.huma	10333.Iqu.829.huma	10333.Iqu.835.huma	10333.Iqu.841.huma	10333.Iqu.880.huma	10333.Iqu.886.huma	10333.Iqu.892.huma	10333.Iqu.898.huma	10333.Iqu.903.huma	10333.Iqu.909.huma	10333.Iqu.915.huma	10333.Iqu.921.huma	10333.Iqu.927.huma	10333.Iqu.933.huma	10333.Iqu.937.huma	10333.Iqu.967.huma	10333.Iqu.973.huma	10333.Iqu.979.huma	10333.Man.1717.huma	10333.Man.1727.huma	10333.Man.1744.huma	10333.Man.1750.huma	10333.Man.1756.huma	10333.Man.1776.huma	10333.Man.1782.huma	10333.Man.1804.huma	10333.Man.1810.huma	10333.Man.1865.huma	10333.Man.1871.huma	10333.Man.1877.huma	10333.Man.1897.huma	10333.Man.1912.huma	10333.Manaus.3016.1313758	10333.Manaus.3023.1313483	10333.Manaus.3070.1313274	10333.Manaus.3149.1313617	10333.Manaus.3156.1313836	10333.Manaus.3163.1313488	10333.Manaus.3170.1313505	10333.Manaus.3270.1313288	10333.Manaus.3277.1313435	10333.Manaus.3304.1313779	10333.Manaus.3372.1313934	10333.Manaus.3379.1313436	10333.Manaus.3400.1313349	10333.Manaus.3436.1313694	10333.Manaus.3439.1313981	10333.Manaus.3457.1313376	10333.Manaus.3462.1313495	10333.Manaus.3516.1313443	10333.Manaus.3522.1313846	10333.Manaus.3528.1313466	10333.Manaus.3534.1313532	10333.Manaus.3540.1313816	10333.Manaus.3546.1313272	10333.Manaus.3552.1313714	10333.Manaus.3597.1313596	10333.Manaus.3602.1313826	10333.Manaus.3607.1313871	10333.Manaus.3612.1313899	10333.Manaus.3617.1313375	10333.Manaus.3622.1313609	10333.Manaus.3627.1313542	10333.Manaus.3643.1313501	10333.Manaus.3648.1313498	10333.Manaus.3653.1313829	10333.Manaus.3658.1313980	10333.Manaus.3663.1313687	10333.Manaus.3668.1313378	10333.Manaus.3702.1313957	10333.Manaus.3708.1313460	10333.Manaus.3714.1313478
10333.Che.103.huma	0	0.7944984436035156	0.8851195573806763	0.8831354975700378	0.8350573778152466	0.8385807275772095	0.8420169353485107	0.9059826135635376	0.8440396785736084	0.8534563183784485	0.77292400598526	0.8414682149887085	0.8672268986701965	0.8293194174766541	0.8714994788169861	0.865337610244751	0.7785309553146362	0.802869975566864	0.8450899720191956	0.7925401329994202	0.833486020565033	0.8360981941223145	0.8077400922775269	0.828607439994812	0.8460227251052856	0.8598557710647583	0.8773879408836365	0.8011442422866821	0.8119957447052002	0.8169819712638855	0.8533499240875244	0.8203340768814087	0.818122386932373	0.7970251441001892	0.8692906498908997	0.8670801520347595	0.8027937412261963	0.8103122711181641	0.866094172000885	0.875211775302887	0.7977110743522644	0.8020280003547668	0.8009887933731079	0.8758895397186279	0.8075669407844543	0.833341658115387	0.8223546147346497	0.8504028916358948	0.9534282088279724	0.8909358382225037	0.8090906739234924	0.8409973978996277	0.8342679738998413	0.8010518550872803	0.8242641091346741	0.8298145532608032	0.8895113468170166	0.8470262289047241	0.8340765237808228	0.8211182355880737	0.8419365882873535	0.8362483978271484	0.8762235045433044	0.8520520329475403	0.7821274399757385	0.8247137665748596	0.8642939329147339	0.8739594221115112	0.7905963659286499	0.7962630391120911	0.8763126730918884	0.8457641005516052	0.8615052700042725	0.8581730723381042	0.8263005614280701	0.8440572619438171	0.8243359923362732	0.7593633532524109	0.7598616480827332	0.8584970235824585	0.8803229331970215	0.8477841019630432	0.8425099849700928	0.8521040678024292	0.7881218194961548	0.8603511452674866	0.7999883890151978	0.8171552419662476	0.8027439117431641	0.8522248268127441	0.8501645922660828	0.8534637689590454	0.8156620264053345	0.801455557346344	0.8727473020553589	0.7614538073539734	0.7933124899864197	0.8114469051361084	0.8067252039909363	0.8608362078666687	0.811022162437439	0.8161276578903198	0.8373082280158997	0.8395758271217346	0.8301400542259216	0.8506669998168945	0.788602888584137	0.7896631360054016	0.8260840177536011	0.8294587731361389	0.854002058506012	0.8225306868553162	0.8572430014610291	0.8340258598327637	0.8305700421333313	0.8488612771034241	0.8635206818580627	0.8416274189949036	0.8462184071540833	0.8288810253143311	0.8236967325210571	0.8496400117874146	0.8249995112419128	0.8297863602638245	0.8573873043060303	0.8223696351051331	0.8810270428657532	0.8349400758743286	0.8612239360809326	0.8456465005874634	0.8288429379463196	0.7974386811256409	0.8268628716468811	0.8390851020812988	0.817301332950592	0.8221996426582336	0.8500181436538696	0.7951532006263733	0.8093847632408142	0.8448164463043213	0.8386656045913696	0.8301658034324646	0.8608866333961487	0.8483266234397888	0.8513899445533752	0.8605969548225403	0.8158444166183472	0.8215742707252502
10333.Che.109.huma	0.7944984436035156	0	0.7985645532608032	0.8186925649642944	0.8202928900718689	0.7551462054252625	0.7780222296714783	0.8625873327255249	0.7559325098991394	0.7509481906890869	0.7250277400016785	0.7565923929214478	0.8297061324119568	0.7380813956260681	0.8063116669654846	0.8063113689422607	0.750432550907135	0.78446364402771	0.7954367995262146	0.71209716796875	0.7644578814506531	0.7679682970046997	0.731755256652832	0.7919884920120239	0.7628733515739441	0.8190481066703796	0.8201197385787964	0.7361129522323608	0.7341167330741882	0.7251161336898804	0.7874904870986938	0.8036634922027588	0.8442190885543823	0.7636717557907104	0.8480509519577026	0.8075265288352966	0.786624550819397	0.7721601128578186	0.8198506832122803	0.8342973589897156	0.7171077728271484	0.765134871006012	0.7341541647911072	0.8242573738098145	0.7708675265312195	0.7320544719696045	0.7309048771858215	0.7715177536010742	0.9566935896873474	0.8572367429733276	0.7816956639289856	0.8059400916099548	0.8203356266021729	0.7920383214950562	0.8368582129478455	0.8083119988441467	0.8671627640724182	0.8310278058052063	0.8027918338775635	0.8002083897590637	0.8151195645332336	0.7946872115135193	0.8325575590133667	0.8284476399421692	0.7801867723464966	0.7945182323455811	0.8550891280174255	0.8693014979362488	0.8146237134933472	0.779807984828949	0.8980454206466675	0.8215749859809875	0.8160698413848877	0.8272141814231873	0.7822603583335876	0.8428652882575989	0.8218395113945007	0.8096505403518677	0.8048046231269836	0.848824679851532	0.8689500689506531	0.8246018290519714	0.8201640844345093	0.8195683360099792	0.8099810481071472	0.8523292541503906	0.7911993265151978	0.8218883275985718	0.798220694065094	0.8261839151382446	0.8382015824317932	0.8356641530990601	0.8143929243087769	0.8128314018249512	0.8809736967086792	0.7985460162162781	0.8247253894805908	0.8425909876823425	0.8142445087432861	0.8524211049079895	0.806948184967041	0.7775918841362	0.8394120931625366	0.8259520530700684	0.8119443655014038	0.8366983532905579	0.8120315670967102	0.7912181615829468	0.8383771181106567	0.8270679712295532	0.8520400524139404	0.8258175849914551	0.8617886304855347	0.8308873772621155	0.8485497236251831	0.8495795130729675	0.8526042699813843	0.8574361801147461	0.8721288442611694	0.8387098908424377	0.8567550182342529	0.8276617527008057	0.8324555158615112	0.8398316502571106	0.8508310317993164	0.8353082537651062	0.8735904097557068	0.8270629048347473	0.8415829539299011	0.8258013725280762	0.8457897305488586	0.8240579962730408	0.830554723739624	0.8352195620536804	0.8345567584037781	0.8026309609413147	0.8460389375686646	0.8025823831558228	0.8018930554389954	0.8225712776184082	0.8274897336959839	0.8162425756454468	0.8250440955162048	0.8327532410621643	0.8298209309577942	0.8691471815109253	0.8352380990982056	0.8238796591758728
10333.Che.114.huma	0.8851195573806763	0.7985645532608032	0	0.7946829795837402	0.8294051289558411	0.8010149002075195	0.7646771669387817	0.8236373066902161	0.7827457785606384	0.7598276138305664	0.8243075609207153	0.8014673590660095	0.8361522555351257	0.7929576635360718	0.7991361618041992	0.7783210277557373	0.8251219987869263	0.7839245200157166	0.8216250538825989	0.7688548564910889	0.7737029194831848	0.7887420654296875	0.787743091583252	0.8063588738441467	0.7582823634147644	0.8103806972503662	0.8079203367233276	0.8131303787231445	0.7850015759468079	0.8285371065139771	0.7798424363136292	0.8953057527542114	0.9051701426506042	0.8472242951393127	0.8339462876319885	0.7885225415229797	0.8837780356407166	0.8010228872299194	0.8143753409385681	0.8250214457511902	0.7729782462120056	0.812372088432312	0.8051744699478149	0.8042428493499756	0.8345091938972473	0.7735496163368225	0.8276899456977844	0.7977582216262817	0.9718337059020996	0.8769134879112244	0.8510319590568542	0.8300782442092896	0.8607866764068604	0.8491318821907043	0.8920480608940125	0.8639280796051025	0.8580642938613892	0.8620789051055908	0.8486245274543762	0.8487609624862671	0.8313979506492615	0.8183546662330627	0.837712824344635	0.8317857980728149	0.8537009358406067	0.8582398891448975	0.8901227712631226	0.885275661945343	0.8912903070449829	0.8323730230331421	0.9579060673713684	0.8565562963485718	0.8483643531799316	0.8669145107269287	0.8322397470474243	0.9109400510787964	0.8769500255584717	0.8830978870391846	0.8865453600883484	0.8740330338478088	0.8859941959381104	0.8430154919624329	0.8616726398468018	0.8373724222183228	0.8614374399185181	0.8648669719696045	0.8374406099319458	0.8543411493301392	0.8450196981430054	0.8680808544158936	0.9037804007530212	0.8722727298736572	0.9074775576591492	0.8946505784988403	0.919156551361084	0.8846242427825928	0.9069550037384033	0.912763237953186	0.9159676432609558	0.8760086894035339	0.8809025287628174	0.8626999855041504	0.8799782395362854	0.8779999613761902	0.8710405826568604	0.8809890151023865	0.8927398324012756	0.8834965825080872	0.8906447291374207	0.8800275921821594	0.8952784538269043	0.8844081163406372	0.9191659092903137	0.8964618444442749	0.9230443835258484	0.881502628326416	0.8604588508605957	0.9332565665245056	0.9333022832870483	0.9140030741691589	0.9297894239425659	0.8646197319030762	0.9033159017562866	0.9152705073356628	0.878879189491272	0.9001626372337341	0.89138263463974	0.8829994201660156	0.8631289005279541	0.8744603991508484	0.8990392684936523	0.901670515537262	0.903116762638092	0.8823395967483521	0.8985797762870789	0.8568287491798401	0.8836101889610291	0.8819524645805359	0.8697395920753479	0.8800420165061951	0.8686891794204712	0.8917431235313416	0.8469403386116028	0.8566833138465881	0.855953574180603	0.9141775965690613	0.9094691276550293	0.9115001559257507
10333.Che.132.huma	0.8831354975700378	0.8186925649642944	0.7946829795837402	0	0.8334029912948608	0.8166017532348633	0.7915091514587402	0.8363503813743591	0.8031649589538574	0.7761490345001221	0.8363426923751831	0.8124873638153076	0.8499605655670166	0.8022608160972595	0.8122491836547852	0.7895088791847229	0.8229273557662964	0.8051803112030029	0.8126193881034851	0.7794069051742554	0.7871782183647156	0.7990995049476624	0.8069859743118286	0.8124791979789734	0.7742984890937805	0.8316866755485535	0.8157902956008911	0.8125715851783752	0.7976207733154297	0.8374329209327698	0.7846935391426086	0.9052923321723938	0.9165385961532593	0.8404271602630615	0.8435183763504028	0.7963274121284485	0.8774109482765198	0.8055695295333862	0.8246875405311584	0.8282890319824219	0.7941325306892395	0.8115285038948059	0.8056027889251709	0.8118820786476135	0.8505060076713562	0.7911711931228638	0.8312812447547913	0.8031178712844849	0.9716847538948059	0.8608342409133911	0.8325383067131042	0.8206368684768677	0.838162899017334	0.8298488259315491	0.8919490575790405	0.8544790744781494	0.8557828664779663	0.8535915613174438	0.8263891339302063	0.8424080610275269	0.830514132976532	0.8174511194229126	0.8284792304039001	0.8435985445976257	0.8473706245422363	0.8386030793190002	0.891173243522644	0.8758864402770996	0.8901980519294739	0.8256409764289856	0.9592604041099548	0.847301721572876	0.8545545935630798	0.8533521294593811	0.8269215226173401	0.8953648209571838	0.8687722086906433	0.8822590708732605	0.8898072838783264	0.87415611743927	0.8847271800041199	0.8547756671905518	0.8672806620597839	0.8279829025268555	0.8564863204956055	0.8679975271224976	0.8443235158920288	0.8532190322875977	0.8430618643760681	0.8690894246101379	0.90089350938797	0.869545042514801	0.9065962433815002	0.8981236815452576	0.9161051511764526	0.8815805912017822	0.9073899984359741	0.9004342555999756	0.9111714363098145	0.8649942874908447	0.8741098642349243	0.8605437874794006	0.8753782510757446	0.8735110759735107	0.870760440826416	0.8786810636520386	0.8926618695259094	0.8791481256484985	0.8990117311477661	0.8857458829879761	0.8978997468948364	0.892945408821106	0.9212619662284851	0.9012341499328613	0.9295538067817688	0.891025185585022	0.8690913915634155	0.9395344257354736	0.9390199780464172	0.9213672876358032	0.9330481290817261	0.8794037103652954	0.9101728796958923	0.9217039346694946	0.8848612308502197	0.9089955687522888	0.8965156674385071	0.8906486034393311	0.870180070400238	0.8835675120353699	0.9014031291007996	0.9056381583213806	0.9110576510429382	0.8889067769050598	0.908825695514679	0.870743453502655	0.8941848874092102	0.8887782692909241	0.8818519115447998	0.8828211426734924	0.8737117648124695	0.8942509293556213	0.8499054312705994	0.8649885654449463	0.863203227519989	0.9122959971427917	0.9141567349433899	0.9146272540092468
10333.Che.138.huma	0.8350573778152466	0.8202928900718689	0.8294051289558411	0.8334029912948608	0	0.8047072291374207	0.8044499754905701	0.8720414042472839	0.8006975054740906	0.8120781183242798	0.7965329885482788	0.8200328946113586	0.834132194519043	0.829215407371521	0.8136318325996399	0.8177540898323059	0.795176088809967	0.8032130599021912	0.8335039615631104	0.7849068641662598	0.7983619570732117	0.8087369203567505	0.7971439957618713	0.8160874247550964	0.8085355758666992	0.7985153198242188	0.8478983044624329	0.8059931993484497	0.7802867889404297	0.7980721592903137	0.7990366816520691	0.8543482422828674	0.8694655299186707	0.8331711888313293	0.8400235176086426	0.8242534399032593	0.8317168951034546	0.7967684268951416	0.8163462281227112	0.823904275894165	0.7797365188598633	0.7965295910835266	0.8224583864212036	0.8182559013366699	0.8032122254371643	0.809306800365448	0.8163123726844788	0.8221852779388428	0.959289014339447	0.8734664916992188	0.823630690574646	0.8245460391044617	0.8448218703269958	0.8310338258743286	0.8458570241928101	0.8435705900192261	0.8656765818595886	0.8431681394577026	0.8433292508125305	0.8263605833053589	0.8182291984558105	0.8061383962631226	0.8435164093971252	0.8264327049255371	0.8168763518333435	0.8328655958175659	0.8811823725700378	0.8817678093910217	0.848755419254303	0.8094912767410278	0.9286613464355469	0.8476092219352722	0.846879780292511	0.8612849712371826	0.8217339515686035	0.8850686550140381	0.8416489958763123	0.8342320322990417	0.8468409776687622	0.8594613075256348	0.8793320059776306	0.8349292278289795	0.8629412055015564	0.8313759565353394	0.8340521454811096	0.8525221347808838	0.8201244473457336	0.8461238145828247	0.8112668991088867	0.8574566841125488	0.8787400126457214	0.8508134484291077	0.8708249926567078	0.8562189936637878	0.8996096253395081	0.8442174792289734	0.8635895848274231	0.8632338047027588	0.8706573247909546	0.8716250658035278	0.8500863909721375	0.835246205329895	0.8558235168457031	0.8571850061416626	0.845805823802948	0.8689154982566833	0.8432776927947998	0.8428943157196045	0.864697277545929	0.8574563264846802	0.8721986413002014	0.8563051819801331	0.8814153075218201	0.8646216988563538	0.893567681312561	0.8597050309181213	0.8515951037406921	0.9029568433761597	0.8972253799438477	0.875296413898468	0.8907379508018494	0.8460889458656311	0.8654780387878418	0.8673397302627563	0.8554743528366089	0.8678438067436218	0.8757368326187134	0.8675843477249146	0.8527878522872925	0.8611080646514893	0.8611804842948914	0.8546293973922729	0.8713666200637817	0.8569361567497253	0.8687625527381897	0.8411726355552673	0.8640172481536865	0.8429675102233887	0.8319863080978394	0.8620090484619141	0.8428036570549011	0.8626866936683655	0.8392817378044128	0.8332080245018005	0.839433491230011	0.8829886317253113	0.8750203847885132	0.876151978969574
10333.Che.144.huma	0.8385807275772095	0.7551462054252625	0.8010149002075195	0.8166017532348633	0.8047072291374207	0	0.7726520299911499	0.8524523973464966	0.7906188368797302	0.7688893675804138	0.7784898281097412	0.7873355746269226	0.8200742602348328	0.7651110291481018	0.7994341254234314	0.8110602498054504	0.782975435256958	0.7969989776611328	0.8034870624542236	0.7375022768974304	0.7667052149772644	0.7822717428207397	0.7627772092819214	0.7913376092910767	0.7475826144218445	0.8001624345779419	0.8215544819831848	0.7954363226890564	0.7688344120979309	0.7764629721641541	0.7660804390907288	0.845460057258606	0.8613320589065552	0.8344683051109314	0.8426528573036194	0.7967036962509155	0.8092952966690063	0.7686297297477722	0.8030879497528076	0.8071917295455933	0.7289390563964844	0.7875813841819763	0.7956520915031433	0.810222327709198	0.7803404927253723	0.7595142722129822	0.782110333442688	0.7759802341461182	0.9602060914039612	0.872270941734314	0.8243700265884399	0.8262438774108887	0.8157808184623718	0.8246510624885559	0.8422433733940125	0.8350672125816345	0.862496018409729	0.8365328311920166	0.833762526512146	0.8137754201889038	0.8289030790328979	0.7953125834465027	0.8282000422477722	0.8165188431739807	0.8164521455764771	0.8357186913490295	0.8768550753593445	0.8816190958023071	0.8426944017410278	0.795568585395813	0.9308655261993408	0.8376137614250183	0.8275943398475647	0.8606835603713989	0.8223051428794861	0.8757241368293762	0.8526501655578613	0.8293028473854065	0.839073121547699	0.8681076169013977	0.8700584173202515	0.8333082795143127	0.8278132677078247	0.8167085647583008	0.8373919129371643	0.8639270067214966	0.8117505311965942	0.8378503322601318	0.81769198179245	0.8466572165489197	0.8694889545440674	0.8512670993804932	0.8761519193649292	0.8549357056617737	0.905343770980835	0.8406344056129456	0.8679676651954651	0.866192102432251	0.867149829864502	0.8507584929466248	0.8451196551322937	0.8201162815093994	0.8561776876449585	0.852031409740448	0.8388046026229858	0.864044725894928	0.8351467847824097	0.8504517674446106	0.8605448007583618	0.8590669631958008	0.8760637044906616	0.8530899286270142	0.8798198103904724	0.8661110401153564	0.8968338370323181	0.8613847494125366	0.852755069732666	0.9071199893951416	0.9032605886459351	0.87900710105896	0.8968614339828491	0.8382619619369507	0.8662109375	0.8788201212882996	0.8647394776344299	0.8740049004554749	0.8810029625892639	0.8642275929450989	0.8599138855934143	0.8565477728843689	0.868052065372467	0.8652564883232117	0.8803891539573669	0.8586648106575012	0.8696810603141785	0.8330866694450378	0.8661671876907349	0.8490521907806396	0.8410219550132751	0.8652843236923218	0.8421807885169983	0.8663972020149231	0.8431358337402344	0.8377342224121094	0.8411893844604492	0.8923687934875488	0.8842645287513733	0.8826643228530884
10333.Che.150.huma	0.8420169353485107	0.7780222296714783	0.7646771669387817	0.7915091514587402	0.8044499754905701	0.7726520299911499	0	0.8006455898284912	0.7856605052947998	0.749212384223938	0.7805676460266113	0.7904496788978577	0.8044701814651489	0.7784478068351746	0.7850529551506042	0.7637597322463989	0.7742188572883606	0.7432416081428528	0.7668184041976929	0.7393631935119629	0.762509286403656	0.7602939009666443	0.7535054683685303	0.7669087052345276	0.7454468607902527	0.7959732413291931	0.8014022707939148	0.7613793015480042	0.7512069940567017	0.8006014227867126	0.7483581304550171	0.8599116802215576	0.8786769509315491	0.802848756313324	0.8354360461235046	0.786365270614624	0.8490795493125916	0.7616183161735535	0.7963904738426208	0.8081920146942139	0.7414879202842712	0.7595937252044678	0.755023181438446	0.7932904958724976	0.799723207950592	0.7280057072639465	0.766889214515686	0.7659239768981934	0.9669910669326782	0.8664367198944092	0.8064990639686584	0.801426887512207	0.8167831897735596	0.8058138489723206	0.8644773960113525	0.8311715126037598	0.8439710140228271	0.8428777456283569	0.8068408370018005	0.8206700086593628	0.7850627303123474	0.7917797565460205	0.8131424784660339	0.8136327266693115	0.8037070035934448	0.8352938294410706	0.8675934076309204	0.8616606593132019	0.8459131121635437	0.7826316356658936	0.9372643232345581	0.8354959487915039	0.8141567707061768	0.8317821621894836	0.794915497303009	0.8662825226783752	0.8279936909675598	0.8303996920585632	0.8266130685806274	0.8538706302642822	0.8610722422599792	0.8187710642814636	0.8247337341308594	0.8059030175209045	0.8249133825302124	0.8398847579956055	0.8025037050247192	0.8263254165649414	0.8044942617416382	0.8426090478897095	0.8660936951637268	0.8473787307739258	0.8657560348510742	0.8557720184326172	0.8919490575790405	0.8375152349472046	0.8624482750892639	0.8716506361961365	0.8723018765449524	0.8479475378990173	0.8319459557533264	0.8329524993896484	0.8441423177719116	0.8541780114173889	0.8326478004455566	0.8505696654319763	0.8503252863883972	0.8442366123199463	0.8620256781578064	0.8397333025932312	0.8667135238647461	0.8579703569412231	0.8977319598197937	0.8633649349212646	0.8946506977081299	0.8613544702529907	0.8398457765579224	0.9031021595001221	0.9125966429710388	0.8863864541053772	0.8925606608390808	0.8419951796531677	0.8778745532035828	0.8843878507614136	0.8570205569267273	0.8718869686126709	0.8652556538581848	0.8596220016479492	0.8433821797370911	0.8541184067726135	0.8672952651977539	0.8562873005867004	0.8774385452270508	0.8518742322921753	0.8651511073112488	0.8290494680404663	0.8583607077598572	0.8431301712989807	0.8347229957580566	0.859986424446106	0.8440612554550171	0.8674708604812622	0.8269761204719543	0.8299522995948792	0.8265472054481506	0.8870347738265991	0.8609029650688171	0.8789680004119873
10333.Che.156.huma	0.9059826135635376	0.8625873327255249	0.8236373066902161	0.8363503813743591	0.8720414042472839	0.8524523973464966	0.8006455898284912	0	0.8525420427322388	0.8321580290794373	0.8672866821289062	0.8589464426040649	0.8710412383079529	0.8390974402427673	0.8499323129653931	0.8352903127670288	0.8575606346130371	0.8411046266555786	0.8432111144065857	0.8302050232887268	0.8328784704208374	0.8453642725944519	0.8519526124000549	0.8514887094497681	0.8215080499649048	0.8665446639060974	0.8411349058151245	0.8536646962165833	0.8402776718139648	0.8784339427947998	0.8336058855056763	0.9153726696968079	0.9280012249946594	0.8764789700508118	0.8816721439361572	0.8405579328536987	0.9094453454017639	0.8476071953773499	0.860686719417572	0.8632194399833679	0.8416149616241455	0.8487930297851562	0.8502833247184753	0.840697169303894	0.8757569789886475	0.8283716440200806	0.8668475151062012	0.8400581479072571	0.9776883125305176	0.8997207880020142	0.8804849982261658	0.863123893737793	0.8745017051696777	0.878642201423645	0.9192479252815247	0.8887155055999756	0.8809650540351868	0.8913232684135437	0.8773193955421448	0.8812756538391113	0.8579136729240417	0.862016499042511	0.8627618551254272	0.8701808452606201	0.8796358108520508	0.8927505612373352	0.9060332179069519	0.8956452012062073	0.9079906344413757	0.8651123642921448	0.9654426574707031	0.8821746706962585	0.8736500144004822	0.8855187296867371	0.8692218065261841	0.9194555282592773	0.8886168003082275	0.900905430316925	0.9054327607154846	0.8943402767181396	0.9007090926170349	0.875224232673645	0.8846813440322876	0.8658440113067627	0.8970524072647095	0.8903424739837646	0.8770558834075928	0.8842602372169495	0.8794755935668945	0.8999898433685303	0.9149234294891357	0.8990234732627869	0.9237060546875	0.9161708950996399	0.9234309792518616	0.9025300741195679	0.9217771291732788	0.9203673005104065	0.9246731996536255	0.896330714225769	0.8972572088241577	0.8945842385292053	0.8985350728034973	0.9019197821617126	0.8916520476341248	0.8961789011955261	0.9105769395828247	0.9020363092422485	0.9129041433334351	0.8956822752952576	0.9086405634880066	0.9092271327972412	0.9356411099433899	0.9138947725296021	0.9371288418769836	0.9055060148239136	0.887441873550415	0.9433470368385315	0.9484585523605347	0.9331830739974976	0.9396812319755554	0.8986263871192932	0.9249637126922607	0.9330210089683533	0.9036291241645813	0.9219819307327271	0.9058877229690552	0.9123480916023254	0.8926990628242493	0.9092893600463867	0.9170850515365601	0.9155412316322327	0.9227024912834167	0.9060912132263184	0.9179300665855408	0.8893530368804932	0.9044354557991028	0.9028403162956238	0.8981281518936157	0.9083135724067688	0.8944252133369446	0.9182923436164856	0.8787325620651245	0.8843322992324829	0.8798778057098389	0.9260835647583008	0.9189454317092896	0.9284316301345825
10333.Che.16.huma	0.8440396785736084	0.7559325098991394	0.7827457785606384	0.8031649589538574	0.8006975054740906	0.7906188368797302	0.7856605052947998	0.8525420427322388	0	0.7681652307510376	0.7698274850845337	0.7837239503860474	0.8180696368217468	0.7660783529281616	0.7918707132339478	0.8032631278038025	0.7710232734680176	0.7785604000091553	0.7955533862113953	0.743015468120575	0.7703390121459961	0.7650441527366638	0.7583296895027161	0.7764033675193787	0.7691132426261902	0.744567334651947	0.8048812747001648	0.7742243409156799	0.76401287317276	0.8044657111167908	0.7914828062057495	0.8603500723838806	0.8663906455039978	0.8079124093055725	0.8242431282997131	0.7901776432991028	0.825930118560791	0.7589671015739441	0.808614194393158	0.7982094883918762	0.7475743889808655	0.7699488997459412	0.7731136679649353	0.8201718330383301	0.7986882328987122	0.7579491138458252	0.8113419413566589	0.7813745737075806	0.963649570941925	0.8651959896087646	0.8055198788642883	0.8030001521110535	0.8379374146461487	0.8093158602714539	0.8600199222564697	0.8237771987915039	0.8473929762840271	0.8318000435829163	0.8293319344520569	0.8100172877311707	0.8112368583679199	0.7946320772171021	0.8180280923843384	0.8298523426055908	0.7940857410430908	0.8305270671844482	0.8653435111045837	0.8789741992950439	0.8468067646026611	0.8029432892799377	0.9332982301712036	0.834096372127533	0.8273903131484985	0.852455198764801	0.8073368072509766	0.8733667135238647	0.8306884169578552	0.8446598052978516	0.8394381403923035	0.8463436961174011	0.8707752227783203	0.8299594521522522	0.8449157476425171	0.8252643942832947	0.8176959156990051	0.846003532409668	0.8010809421539307	0.8218095898628235	0.8074256181716919	0.8353526592254639	0.8623474836349487	0.8439494371414185	0.857723593711853	0.8443911075592041	0.8908423185348511	0.8458243608474731	0.8561867475509644	0.873397171497345	0.8656278848648071	0.858265221118927	0.843302845954895	0.841417670249939	0.8620745539665222	0.850593626499176	0.8324254751205444	0.8565027117729187	0.8497952818870544	0.8379723429679871	0.8604130148887634	0.8589094877243042	0.8645064234733582	0.8501573801040649	0.8956853151321411	0.8666926622390747	0.8963115811347961	0.8589317202568054	0.8499794602394104	0.9048262238502502	0.9148204922676086	0.8851701021194458	0.9042193293571472	0.8521548509597778	0.875765323638916	0.88558429479599	0.8585540056228638	0.8767346143722534	0.8820319175720215	0.8640788793563843	0.8582087159156799	0.862751305103302	0.8718205094337463	0.8697093725204468	0.8768742680549622	0.8624442219734192	0.8701448440551758	0.8292592763900757	0.8682613372802734	0.8434951305389404	0.8412991762161255	0.8657290935516357	0.848515510559082	0.8706574440002441	0.8420401811599731	0.8393098115921021	0.8394192457199097	0.8906474709510803	0.8801706433296204	0.869568943977356
10333.Che.177.huma	0.8534563183784485	0.7509481906890869	0.7598276138305664	0.7761490345001221	0.8120781183242798	0.7688893675804138	0.749212384223938	0.8321580290794373	0.7681652307510376	0	0.7726955413818359	0.7716649770736694	0.8111027479171753	0.7559299468994141	0.7665812373161316	0.7687303423881531	0.7751072645187378	0.7565089464187622	0.7885215878486633	0.7291688323020935	0.7478673458099365	0.7504355907440186	0.7424772381782532	0.7710692286491394	0.7480984926223755	0.8043547868728638	0.7819827795028687	0.7631702423095703	0.7414160966873169	0.7915894389152527	0.7561104297637939	0.8652701377868652	0.8834677934646606	0.8023633360862732	0.8256133198738098	0.7725651264190674	0.8428143858909607	0.7548386454582214	0.7976243495941162	0.8133907318115234	0.7297370433807373	0.7694674134254456	0.7700544595718384	0.7775354385375977	0.7962172031402588	0.726707398891449	0.7786992788314819	0.7492777705192566	0.966484546661377	0.8650050759315491	0.8106907606124878	0.8050104975700378	0.8230405449867249	0.8191800713539124	0.8611615300178528	0.8257236480712891	0.8429114818572998	0.8341037631034851	0.8182326555252075	0.8290959000587463	0.8018902540206909	0.7916550040245056	0.810899555683136	0.8043003082275391	0.8198583126068115	0.8237541913986206	0.8734319806098938	0.8659784197807312	0.8562109470367432	0.7875131368637085	0.9415006041526794	0.8405816555023193	0.8250232934951782	0.8498623967170715	0.7978993654251099	0.8793838620185852	0.8551123738288879	0.8522109985351562	0.8433135151863098	0.8623237609863281	0.8657875657081604	0.8218191862106323	0.8250647783279419	0.8102802038192749	0.8307838439941406	0.8478856682777405	0.8026485443115234	0.8238218426704407	0.8159962296485901	0.8557924032211304	0.8823969960212708	0.8441674709320068	0.8823739886283875	0.8643349409103394	0.8954874277114868	0.8410800695419312	0.8791433572769165	0.8754675388336182	0.8810020685195923	0.8554558753967285	0.838879406452179	0.8224834203720093	0.846903920173645	0.8491666316986084	0.8353572487831116	0.8616284132003784	0.8546920418739319	0.8357378840446472	0.8653848767280579	0.8478528261184692	0.8727506399154663	0.8580532670021057	0.8977543115615845	0.868442177772522	0.9017910957336426	0.8597515225410461	0.8335179686546326	0.9099937677383423	0.9162185788154602	0.8884944319725037	0.9070088267326355	0.8390145301818848	0.8792321085929871	0.8886295557022095	0.8599249124526978	0.8765542507171631	0.8694921731948853	0.8562713861465454	0.8420372009277344	0.8501556515693665	0.8778203129768372	0.8686146140098572	0.8804608583450317	0.8574129343032837	0.8751228451728821	0.8324052691459656	0.8657394051551819	0.8511139750480652	0.8335342407226562	0.8474588394165039	0.8421918749809265	0.8599812984466553	0.8157254457473755	0.8229601979255676	0.8233509063720703	0.8922355771064758	0.8807660341262817	0.8866457343101501
10333.Che.183.huma	0.77292400598526	0.7250277400016785	0.8243075609207153	0.8363426923751831	0.7965329885482788	0.7784898281097412	0.7805676460266113	0.8672866821289062	0.7698274850845337	0.7726955413818359	0	0.7684856653213501	0.8205715417861938	0.7510024309158325	0.8122373819351196	0.8275953531265259	0.764168918132782	0.770028293132782	0.8030958771705627	0.7378749847412109	0.7798616290092468	0.7537212371826172	0.7595841288566589	0.773133397102356	0.7898702621459961	0.7940775752067566	0.8302871584892273	0.7582626342773438	0.7517484426498413	0.767081618309021	0.8066115975379944	0.7993946671485901	0.8297881484031677	0.7680489420890808	0.839826762676239	0.802148163318634	0.7703456878662109	0.7522984743118286	0.8139591217041016	0.8293868899345398	0.7141854763031006	0.7474841475486755	0.7584406137466431	0.8222574591636658	0.7550575733184814	0.7826573252677917	0.7718814611434937	0.8004695773124695	0.9526309967041016	0.864424467086792	0.7855698466300964	0.820482075214386	0.8238570690155029	0.8068296313285828	0.8226600289344788	0.8218229413032532	0.8660450577735901	0.8327810764312744	0.8268042802810669	0.8025190234184265	0.8139071464538574	0.7980633974075317	0.8381376266479492	0.8261172771453857	0.7881350517272949	0.823921799659729	0.8620495200157166	0.8702936172485352	0.8108982443809509	0.7687193751335144	0.8984023332595825	0.8318984508514404	0.8138631582260132	0.8461874127388	0.7826189994812012	0.8558205366134644	0.8237470984458923	0.7951027750968933	0.7892053127288818	0.8596497774124146	0.8654950857162476	0.8294113278388977	0.8223111629486084	0.8144285082817078	0.8060094714164734	0.845587432384491	0.7898768186569214	0.8246936798095703	0.7980291247367859	0.8407322764396667	0.8513336181640625	0.8416568636894226	0.8215453624725342	0.8073648810386658	0.8749240636825562	0.7880343794822693	0.8164471983909607	0.8347851037979126	0.8318157196044922	0.8641397356987	0.8132666945457458	0.8046908378601074	0.8257167935371399	0.8431587219238281	0.8125689029693604	0.8546963334083557	0.8119938373565674	0.7992688417434692	0.826149582862854	0.8261352181434631	0.8424849510192871	0.8259770274162292	0.8581370115280151	0.8330654501914978	0.852988064289093	0.8401171565055847	0.8406289219856262	0.8596662282943726	0.8638129830360413	0.8432803750038147	0.8626506924629211	0.8166470527648926	0.836336612701416	0.8403633236885071	0.836694061756134	0.8303604125976562	0.8750414252281189	0.8339017629623413	0.8383373022079468	0.833856463432312	0.8403622508049011	0.817782461643219	0.8266861438751221	0.8298686742782593	0.8287883400917053	0.802992045879364	0.8427776098251343	0.8008648753166199	0.7949662208557129	0.8349138498306274	0.8170562386512756	0.8315616250038147	0.8292316794395447	0.8220652937889099	0.8261908888816833	0.8644545078277588	0.8378179669380188	0.8370503187179565
10333.Che.189.huma	0.8414682149887085	0.7565923929214478	0.8014673590660095	0.8124873638153076	0.8200328946113586	0.7873355746269226	0.7904496788978577	0.8589464426040649	0.7837239503860474	0.7716649770736694	0.7684856653213501	0	0.8180142641067505	0.7859954833984375	0.7892937660217285	0.8103104829788208	0.7862947583198547	0.7779133915901184	0.8188221454620361	0.7449220418930054	0.7447762489318848	0.776430606842041	0.7318753004074097	0.7663020491600037	0.773573100566864	0.8077394366264343	0.8231120109558105	0.7704175710678101	0.7592929601669312	0.7534002661705017	0.7789518237113953	0.8519052267074585	0.8600617647171021	0.7964944243431091	0.842642068862915	0.8032416105270386	0.8314601182937622	0.7633348703384399	0.8003705143928528	0.8180100917816162	0.7464088201522827	0.7746526598930359	0.7787312865257263	0.8188733458518982	0.7950440645217896	0.7664118409156799	0.7891467809677124	0.7859185338020325	0.9595665335655212	0.8621703386306763	0.8095755577087402	0.8188934326171875	0.8255804181098938	0.8154138922691345	0.847415566444397	0.8300298452377319	0.8591039776802063	0.8372457027435303	0.8311739563941956	0.8196442127227783	0.8162097334861755	0.7853275537490845	0.8245401978492737	0.7985321283340454	0.8129071593284607	0.8198618292808533	0.8789345026016235	0.8771968483924866	0.8418574333190918	0.7964696884155273	0.9286983609199524	0.8405608534812927	0.8182370662689209	0.8264418244361877	0.797792375087738	0.8574230670928955	0.8610594272613525	0.8357180953025818	0.8408386707305908	0.8681569695472717	0.8723729252815247	0.8301908373832703	0.8347691893577576	0.8237804770469666	0.83428555727005	0.852297842502594	0.8113336563110352	0.8336558938026428	0.8173314929008484	0.8451666235923767	0.8666145205497742	0.8539319634437561	0.8646009564399719	0.8444818258285522	0.8985267877578735	0.8422958850860596	0.8689625859260559	0.8806259632110596	0.8650838136672974	0.8661360144615173	0.8388997912406921	0.8256964683532715	0.8399866223335266	0.8521034717559814	0.8510722517967224	0.8683486580848694	0.8411773443222046	0.8492841720581055	0.8567639589309692	0.8521103262901306	0.867295503616333	0.8397822976112366	0.8755103349685669	0.8611938953399658	0.8849749565124512	0.8573186993598938	0.8467291593551636	0.9062338471412659	0.901849627494812	0.8757985830307007	0.8928602337837219	0.8297080397605896	0.8613053560256958	0.8748296499252319	0.8539861440658569	0.8672057390213013	0.8766303062438965	0.8480077981948853	0.8386811017990112	0.8365446925163269	0.8610140681266785	0.8589382767677307	0.8702029585838318	0.857446014881134	0.8687868118286133	0.8262385725975037	0.8534595966339111	0.8486760258674622	0.8342032432556152	0.8427671790122986	0.8361951112747192	0.8450954556465149	0.82295161485672	0.8351308703422546	0.8285635709762573	0.8828391432762146	0.8752603530883789	0.8711404800415039
10333.Che.195.huma	0.8672268986701965	0.8297061324119568	0.8361522555351257	0.8499605655670166	0.834132194519043	0.8200742602348328	0.8044701814651489	0.8710412383079529	0.8180696368217468	0.8111027479171753	0.8205715417861938	0.8180142641067505	0	0.8097400069236755	0.8157027959823608	0.8313562870025635	0.8236066102981567	0.8213156461715698	0.8435957431793213	0.812446117401123	0.8235227465629578	0.8200958371162415	0.8124139308929443	0.825882613658905	0.814958930015564	0.8238801956176758	0.8522900342941284	0.8158047199249268	0.8144246935844421	0.8170586228370667	0.805875301361084	0.8752825856208801	0.889312207698822	0.853188693523407	0.8651609420776367	0.8377672433853149	0.8538352847099304	0.8074636459350586	0.8147595524787903	0.8382324576377869	0.8027540445327759	0.8113877773284912	0.835731029510498	0.8201311230659485	0.8261962532997131	0.8146853446960449	0.8424186706542969	0.8139185309410095	0.9644548296928406	0.8942119479179382	0.8481262922286987	0.8531140685081482	0.8528653383255005	0.8508076071739197	0.8875937461853027	0.8655397295951843	0.8774715065956116	0.8666787147521973	0.8679467439651489	0.8490181565284729	0.8437191247940063	0.8424355983734131	0.8572139143943787	0.8442426919937134	0.8517447113990784	0.8612024188041687	0.8916072845458984	0.8929576277732849	0.8701562881469727	0.8468993306159973	0.9409462809562683	0.8679642081260681	0.8540843725204468	0.8745877742767334	0.8465484380722046	0.8960953950881958	0.8679001331329346	0.8643035292625427	0.8693904280662537	0.8832707405090332	0.8864120244979858	0.8498454689979553	0.8605599403381348	0.8512214422225952	0.8606472611427307	0.8733577728271484	0.8448842763900757	0.8588082194328308	0.8459948897361755	0.8722792863845825	0.8940302133560181	0.870912492275238	0.8933444619178772	0.8704714775085449	0.906597375869751	0.8598769903182983	0.8863797187805176	0.8980045318603516	0.8930782675743103	0.8849346041679382	0.8714130520820618	0.8656112551689148	0.8735935688018799	0.8697044849395752	0.8663424253463745	0.8776196837425232	0.8698993921279907	0.867179274559021	0.8780403137207031	0.8660677075386047	0.8811959624290466	0.8659760355949402	0.9009940028190613	0.8740459084510803	0.8987115621566772	0.8720805644989014	0.858307957649231	0.9081729650497437	0.9158695340156555	0.8927837610244751	0.9013515114784241	0.855039119720459	0.8829458355903625	0.8880658745765686	0.8733453154563904	0.8831631541252136	0.8863115906715393	0.8731669187545776	0.8701998591423035	0.871151328086853	0.8761757612228394	0.8702974915504456	0.8844853639602661	0.8727707266807556	0.8810335993766785	0.848807692527771	0.87626051902771	0.8581926822662354	0.8532415628433228	0.8733424544334412	0.8576005697250366	0.8815606236457825	0.8491736650466919	0.8493542671203613	0.8524994850158691	0.8959774374961853	0.8858407735824585	0.887229323387146
