	10333.Che.103.huma	10333.Che.109.huma	10333.Che.114.huma	10333.Che.132.huma	10333.Che.138.huma	10333.Che.144.huma	10333.Che.150.huma	10333.Che.156.huma	10333.Che.16.huma	10333.Che.177.huma	10333.Che.183.huma	10333.Che.189.huma	10333.Che.195.huma	10333.Che.200.huma	10333.Che.21.huma	10333.Che.219.huma	10333.Che.226.huma	10333.Che.231.huma	10333.Che.237.huma	10333.Che.242.huma	10333.Che.248.huma	10333.Che.254.huma	10333.Che.259.huma	10333.Che.265.huma	10333.Che.271.huma	10333.Che.28.huma	10333.Che.288.huma	10333.Che.294.huma	10333.Che.300.huma	10333.Che.306.huma	10333.Che.312.huma	10333.Che.318.huma	10333.Che.34.huma	10333.Che.342.huma	10333.Che.347.huma	10333.Che.352.huma	10333.Che.384.huma	10333.Che.389.huma	10333.Che.394.huma	10333.Che.40.huma	10333.Che.400.huma	10333.Che.406.huma	10333.Che.431.huma	10333.Che.437.huma	10333.Che.443.huma	10333.Che.449.huma	10333.Che.455.huma	10333.Che.460.huma	10333.Che.98.huma	10333.Iqu.1000.huma	10333.Iqu.1006.huma	10333.Iqu.1012.huma	10333.Iqu.1018.huma	10333.Iqu.1038.huma	10333.Iqu.1044.huma	10333.Iqu.1050.huma	10333.Iqu.1056.huma	10333.Iqu.1080.huma	10333.Iqu.1086.huma	10333.Iqu.1092.huma	10333.Iqu.1098.huma	10333.Iqu.1104.huma	10333.Iqu.1127.huma	10333.Iqu.1133.huma	10333.Iqu.1139.huma	10333.Iqu.1145.huma	10333.Iqu.1174.huma	10333.Iqu.1180.huma	10333.Iqu.1187.huma	10333.Iqu.1209.huma	10333.Iqu.1220.huma	10333.Iqu.1224.huma	10333.Iqu.1230.huma	10333.Iqu.1236.huma	10333.Iqu.1242.huma	10333.Iqu.817.huma	10333.Iqu.823.huma	10333.Iqu.829.huma	10333.Iqu.835.huma	10333.Iqu.841.huma	10333.Iqu.880.huma	10333.Iqu.886.huma	10333.Iqu.892.huma	10333.Iqu.898.huma	10333.Iqu.903.huma	10333.Iqu.909.huma	10333.Iqu.915.huma	10333.Iqu.921.huma	10333.Iqu.927.huma	10333.Iqu.933.huma	10333.Iqu.937.huma	10333.Iqu.967.huma	10333.Iqu.973.huma	10333.Iqu.979.huma	10333.Man.1717.huma	10333.Man.1727.huma	10333.Man.1744.huma	10333.Man.1750.huma	10333.Man.1756.huma	10333.Man.1776.huma	10333.Man.1782.huma	10333.Man.1804.huma	10333.Man.1810.huma	10333.Man.1865.huma	10333.Man.1871.huma	10333.Man.1877.huma	10333.Man.1897.huma	10333.Man.1912.huma	10333.Manaus.3016.1313758	10333.Manaus.3023.1313483	10333.Manaus.3070.1313274	10333.Manaus.3149.1313617	10333.Manaus.3156.1313836	10333.Manaus.3163.1313488	10333.Manaus.3170.1313505	10333.Manaus.3270.1313288	10333.Manaus.3277.1313435	10333.Manaus.3304.1313779	10333.Manaus.3372.1313934	10333.Manaus.3379.1313436	10333.Manaus.3400.1313349	10333.Manaus.3436.1313694	10333.Manaus.3439.1313981	10333.Manaus.3457.1313376	10333.Manaus.3462.1313495	10333.Manaus.3516.1313443	10333.Manaus.3522.1313846	10333.Manaus.3528.1313466	10333.Manaus.3534.1313532	10333.Manaus.3540.1313816	10333.Manaus.3546.1313272	10333.Manaus.3552.1313714	10333.Manaus.3597.1313596	10333.Manaus.3602.1313826	10333.Manaus.3607.1313871	10333.Manaus.3612.1313899	10333.Manaus.3617.1313375	10333.Manaus.3622.1313609	10333.Manaus.3627.1313542	10333.Manaus.3643.1313501	10333.Manaus.3648.1313498	10333.Manaus.3653.1313829	10333.Manaus.3658.1313980	10333.Manaus.3663.1313687	10333.Manaus.3668.1313378	10333.Manaus.3702.1313957	10333.Manaus.3708.1313460	10333.Manaus.3714.1313478
10333.Che.103.huma	0	0.6314499974250793	0.5811054706573486	0.5087407827377319	0.2359947264194489	0.9334719181060791	0.5575067400932312	0.6068853735923767	0.4978487491607666	0.5167695283889771	0.1796139776706696	0.5013662576675415	0.264030784368515	0.6712778806686401	0.6547653079032898	0.5527475476264954	0.5081210136413574	0.3788528740406036	0.5071114301681519	0.4524975717067719	0.4775057733058929	0.5025521516799927	0.3870441615581512	0.5561569929122925	0.3918660581111908	0.4184489846229553	0.5807045102119446	0.4256347417831421	0.6741182208061218	0.7010141015052795	0.5995311737060547	0.5448969602584839	0.5532941818237305	0.4751746356487274	0.3201131224632263	0.535288393497467	0.4569921791553497	0.5380107760429382	0.6602325439453125	0.4964322149753571	0.2230990529060364	0.3888281583786011	0.4499692320823669	0.537939727306366	0.5765198469161987	0.448845386505127	0.5303512811660767	0.6347468495368958	1.400846838951111	0.9103955030441284	0.5551303625106812	0.5490075349807739	0.6407477855682373	0.6803111433982849	0.6763154268264771	0.6836433410644531	0.5378947854042053	0.795380711555481	0.5402091145515442	0.6543019413948059	0.5780104398727417	0.5615283846855164	0.6118568181991577	0.6472452878952026	0.5166046023368835	0.6906545758247375	0.7724555134773254	0.7295506596565247	0.5864165425300598	0.5251445174217224	0.6250289082527161	0.5975133776664734	0.7183613181114197	0.787301242351532	0.5876953601837158	0.9540215134620667	0.5863121151924133	0.5838806629180908	0.6328703761100769	0.7044174075126648	0.7383264303207397	0.5524211525917053	0.6380961537361145	0.5774655938148499	0.6181463599205017	0.664448618888855	0.5554583668708801	0.6208444237709045	0.5415988564491272	0.8206961154937744	0.490648478269577	0.647148072719574	0.592667818069458	0.7486625909805298	0.7002854943275452	0.4925838112831116	0.4307164251804352	0.5916105508804321	0.6682267189025879	0.6896366477012634	0.5258180499076843	0.5898934006690979	0.9358561635017395	0.702527642250061	0.4834907948970795	0.4748081862926483	0.6361291408538818	0.48358353972435	0.5302866101264954	0.6066451072692871	0.6031239032745361	0.5247260332107544	0.7393704056739807	0.5115470290184021	0.5108570456504822	0.5981810092926025	0.6052847504615784	0.6661567687988281	0.4429840445518494	0.4452670812606812	0.6522741317749023	0.6307177543640137	0.5936776399612427	1.012392044067383	0.5991353988647461	0.7638794779777527	0.6642531156539917	0.5285632610321045	0.5335930585861206	0.5366304516792297	0.7887436747550964	0.5847879648208618	0.5863580107688904	0.422172486782074	0.3505675792694092	0.4385826885700226	0.6896551847457886	0.490538626909256	0.5034844279289246	0.5198537111282349	0.540398895740509	0.5023790597915649	0.4203152656555176	0.3949829638004303	0.4478654861450195	0.685471773147583	0.5223853588104248	0.517539381980896
10333.Che.109.huma	0.6314499974250793	0	0.4704428911209106	0.4562190771102905	0.5784903168678284	0.9298311471939087	0.5199586749076843	0.6251242756843567	0.5089535117149353	0.4236553609371185	0.636752188205719	0.3954879939556122	0.639671266078949	0.7245810627937317	0.7047057151794434	0.4973869323730469	0.4831419289112091	0.4891724288463593	0.4398083984851837	0.3749628067016602	0.4451414048671722	0.451213538646698	0.482468843460083	0.5195406675338745	0.3986512422561646	0.6380218267440796	0.5281703472137451	0.4964255392551422	0.7400319576263428	0.700290858745575	0.5866093039512634	0.4881579875946045	0.4987742900848389	0.4212789535522461	0.6534779071807861	0.4291878044605255	0.8537641763687134	0.5207199454307556	0.7301070094108582	0.566355288028717	0.55186927318573	0.6048457026481628	0.366712749004364	0.5643327236175537	0.6681735515594482	0.3954331278800964	0.5750702619552612	0.6600266098976135	1.398009896278381	0.921812117099762	0.5213246941566467	0.4740575850009918	0.6784605979919434	0.7098966836929321	0.6253935098648071	0.6387507319450378	0.556839644908905	0.8087642788887024	0.5396343469619751	0.6048704385757446	0.5535270571708679	0.5049951672554016	0.5276226997375488	0.6279863119125366	0.6196381449699402	0.6132428050041199	0.8629664778709412	0.7800694108009338	0.7007111310958862	0.4775543510913849	0.7687462568283081	0.5808825492858887	0.7512012720108032	0.8555458784103394	0.5223795175552368	0.9701065421104431	0.6224079132080078	0.588650107383728	0.6387186646461487	0.7552025318145752	0.8050940036773682	0.5995883941650391	0.6085813641548157	0.6455506682395935	0.6363935470581055	0.6891278028488159	0.5156835317611694	0.6750045418739319	0.5632724761962891	0.890903115272522	0.7069343328475952	0.5999844074249268	0.6206861734390259	0.7613343000411987	0.6780142188072205	0.5460711717605591	0.6378048658370972	0.5822051167488098	0.7046172618865967	0.7256719470024109	0.6475569009780884	0.5415087938308716	0.9857927560806274	0.775015115737915	0.5244031548500061	0.565622091293335	0.6523095965385437	0.4510652124881744	0.6241410374641418	0.6964403986930847	0.5831036567687988	0.5515187978744507	0.776081919670105	0.6363616585731506	0.6517575979232788	0.6016481518745422	0.6164253354072571	0.7742847204208374	0.667652428150177	0.5513209104537964	0.7181601524353027	0.6201462149620056	0.6450595259666443	1.127835988998413	0.6004109382629395	0.8371070623397827	0.7125505208969116	0.5996107459068298	0.6255074143409729	0.6180455684661865	0.8903620839118958	0.7377802133560181	0.5844821929931641	0.5825633406639099	0.6684250831604004	0.5644992589950562	0.7742315530776978	0.6022010445594788	0.5085290670394897	0.5227597951889038	0.5344334840774536	0.5815381407737732	0.5403452515602112	0.4971637427806854	0.5283788442611694	0.7077443599700928	0.6636337041854858	0.5263400673866272
10333.Che.114.huma	0.5811054706573486	0.4704428911209106	0	0.2728021144866943	0.4700197577476501	0.7136486768722534	0.3790473937988281	0.4109713733196259	0.3605720698833466	0.2149427533149719	0.5874425768852234	0.2916350960731506	0.5489020943641663	0.5695558786392212	0.4805425107479095	0.2680279314517975	0.3497433364391327	0.3891904354095459	0.2752316892147064	0.2973913252353668	0.3098845481872559	0.2600616216659546	0.3581339716911316	0.3970814645290375	0.2925302684307098	0.5397202372550964	0.3762960135936737	0.4364696145057678	0.5609240531921387	0.5517646074295044	0.401888519525528	0.4944612979888916	0.5094020962715149	0.4022486507892609	0.5287975668907166	0.23564612865448	0.7808739542961121	0.4231806695461273	0.5446571111679077	0.3795026838779449	0.4646654427051544	0.4958408176898956	0.3661898374557495	0.3563549220561981	0.523346483707428	0.3549167513847351	0.5531090497970581	0.5694522857666016	1.231476068496704	0.7429796457290649	0.3908847272396088	0.3246803283691406	0.5044524669647217	0.6377304792404175	0.4858838617801666	0.4543646574020386	0.4098290801048279	0.6484065651893616	0.4501578807830811	0.5111837983131409	0.3839354813098907	0.33403480052948	0.2982184886932373	0.4281996488571167	0.5696744918823242	0.4396357238292694	0.7025085687637329	0.6116130948066711	0.5791758298873901	0.3481879830360413	0.6547561883926392	0.4347232282161713	0.5941346883773804	0.7112147808074951	0.3874819576740265	0.8370727300643921	0.5323901176452637	0.4593543410301208	0.4959548115730286	0.5956422686576843	0.6984883546829224	0.470372349023819	0.4487877488136292	0.4729570746421814	0.5190072059631348	0.5739983916282654	0.4196637868881226	0.5211367607116699	0.5247602462768555	0.7367566823959351	0.6361269950866699	0.532459020614624	0.5077457427978516	0.6777777075767517	0.5718450546264648	0.500890851020813	0.5759108066558838	0.4276578426361084	0.5793952345848083	0.5742484331130981	0.5956158041954041	0.3309653699398041	0.8067735433578491	0.6742302775382996	0.4741770327091217	0.4839727282524109	0.5182403326034546	0.4273561537265778	0.5152233839035034	0.5750796794891357	0.4801756739616394	0.4137133061885834	0.6340104937553406	0.514863908290863	0.5573701858520508	0.4504524171352386	0.4036182165145874	0.7038605809211731	0.5863455533981323	0.4811211228370667	0.5383003950119019	0.4080186188220978	0.4652135968208313	0.9815598130226135	0.4860493242740631	0.6843727827072144	0.557552695274353	0.5299860239028931	0.4964939951896667	0.4664539992809296	0.7375386953353882	0.6700666546821594	0.4386594295501709	0.5000215768814087	0.6141449213027954	0.4894574582576752	0.6044796705245972	0.5354774594306946	0.4011371433734894	0.4020047187805176	0.3907158672809601	0.459688663482666	0.4439126253128052	0.4229399859905243	0.440806657075882	0.5427417159080505	0.6021778583526611	0.4108867943286896
10333.Che.132.huma	0.5087407827377319	0.4562190771102905	0.2728021144866943	0	0.3909375965595245	0.7438600063323975	0.3521784842014313	0.411792516708374	0.3093585968017578	0.2033581137657166	0.5297390818595886	0.2698703408241272	0.5059584379196167	0.5959587097167969	0.5184064507484436	0.293285459280014	0.2852348387241364	0.3360017836093903	0.2248310297727585	0.2281209081411362	0.2494694143533707	0.2395604699850082	0.2794328033924103	0.3677276372909546	0.2271840572357178	0.5024123191833496	0.375569611787796	0.3845418989658356	0.58163982629776	0.5787016749382019	0.4382169842720032	0.4546554088592529	0.4673785865306854	0.350893646478653	0.4830938577651978	0.2483912408351898	0.7082333564758301	0.38026162981987	0.5599818229675293	0.3721823692321777	0.4277591705322266	0.4549557566642761	0.2894671261310577	0.330754280090332	0.4758728742599487	0.3210427165031433	0.5072833299636841	0.5529513359069824	1.233631014823914	0.7570917010307312	0.3521375060081482	0.3127190768718719	0.5177599787712097	0.6315234899520874	0.5103378295898438	0.4565735757350922	0.4056248068809509	0.6746428608894348	0.4162421822547913	0.5146437883377075	0.3770520091056824	0.3667063415050507	0.3494478464126587	0.4597611427307129	0.5246289968490601	0.4585271775722504	0.6836203932762146	0.6025742292404175	0.5346821546554565	0.3146360218524933	0.6137115955352783	0.4218765795230865	0.5707277655601501	0.6803747415542603	0.3827357590198517	0.8446087241172791	0.4842819571495056	0.4451654553413391	0.4987674355506897	0.5832040309906006	0.6666563749313354	0.4562167525291443	0.4565871953964233	0.4586355984210968	0.5014874935150146	0.5530591011047363	0.4168554544448853	0.5070594549179077	0.4848574101924896	0.7164313793182373	0.5949845910072327	0.4926161766052246	0.4833381474018097	0.668303370475769	0.5203591585159302	0.4503548741340637	0.5300679802894592	0.37203049659729	0.5649659037590027	0.5565369725227356	0.5426295399665833	0.3705541491508484	0.8143016695976257	0.6427834630012512	0.4147015511989594	0.421901673078537	0.5441299080848694	0.3631231784820557	0.4695924520492554	0.536573588848114	0.4213474094867706	0.3681156635284424	0.6333819627761841	0.4685524106025696	0.5141732692718506	0.4645690321922302	0.4243589341640472	0.660535991191864	0.5508875250816345	0.4254941046237946	0.5308236479759216	0.4104640185832977	0.4665571749210358	0.9704831838607788	0.4562859237194061	0.6649075746536255	0.5508435368537903	0.5075616836547852	0.4543159902095795	0.4387950599193573	0.7063885927200317	0.6257697939872742	0.3821652829647064	0.4333122968673706	0.5496692061424255	0.4283988475799561	0.5726656913757324	0.4788358509540558	0.3503029942512512	0.3592932820320129	0.355472058057785	0.4365649521350861	0.4019517600536346	0.3956147730350494	0.4130010008811951	0.5252645611763	0.5508885383605957	0.3638354539871216
10333.Che.138.huma	0.2359947264194489	0.5784903168678284	0.4700197577476501	0.3909375965595245	0	0.8104275465011597	0.4581799507141113	0.5010861754417419	0.4007542729377747	0.39202681183815	0.2528411149978638	0.3968408405780792	0.2511994540691376	0.6206255555152893	0.5559824109077454	0.4288670718669891	0.4284583926200867	0.2814559042453766	0.4035413563251495	0.3718489408493042	0.3839883208274841	0.398512601852417	0.2767577171325684	0.4560590088367462	0.2724034488201141	0.3363172709941864	0.4908555150032043	0.3596300780773163	0.5904710292816162	0.5919896960258484	0.4761092066764832	0.5278728008270264	0.5289560556411743	0.4485039710998535	0.2674305737018585	0.4385402500629425	0.5000953674316406	0.4383240044116974	0.5943436026573181	0.3703766167163849	0.1968871355056763	0.3221711814403534	0.4078622758388519	0.4322576224803925	0.4925900101661682	0.3640534281730652	0.5071263313293457	0.5939708948135376	1.34582507610321	0.8365779519081116	0.4883514642715454	0.4591386020183563	0.5747594237327576	0.6724163293838501	0.5506141781806946	0.5975784063339233	0.4619286358356476	0.7249197363853455	0.4719250500202179	0.5812599062919617	0.4782342910766602	0.4427270591259003	0.4858873188495636	0.5100422501564026	0.4649766683578491	0.5851489901542664	0.7414714694023132	0.66424161195755	0.5251531600952148	0.4414248168468475	0.5853914618492126	0.4826776385307312	0.6558365821838379	0.7559722661972046	0.5104911327362061	0.8985487222671509	0.5492965579032898	0.5035793781280518	0.5429137349128723	0.6498554944992065	0.6704443693161011	0.4776224195957184	0.5671550035476685	0.5222367644309998	0.5532429218292236	0.5980263352394104	0.4679401218891144	0.5272269248962402	0.5046968460083008	0.7516984343528748	0.4952404201030731	0.5907434225082397	0.5119142532348633	0.7230387926101685	0.6265356540679932	0.4317063689231873	0.3766219019889832	0.5147039890289307	0.5893753170967102	0.6262701749801636	0.4754752814769745	0.4913958013057709	0.8830921053886414	0.6706445217132568	0.4165544807910919	0.4116646647453308	0.5497072339057922	0.4499078094959259	0.4485019147396088	0.5439097285270691	0.5502495169639587	0.4402443468570709	0.6482247710227966	0.4234342575073242	0.4362274706363678	0.5036025643348694	0.482862263917923	0.6112858057022095	0.4044556617736816	0.3763592541217804	0.5862495899200439	0.4956353902816772	0.5185028910636902	1.003113150596619	0.5197379589080811	0.7176149487495422	0.5883446335792542	0.4685340821743011	0.4611279666423798	0.4477176666259766	0.7506349086761475	0.5189348459243774	0.5112186074256897	0.3408083021640778	0.3950757682323456	0.3539104163646698	0.6311179995536804	0.4324836432933807	0.4128596484661102	0.4286640882492065	0.4458112418651581	0.4063932597637177	0.3239599764347076	0.315642237663269	0.3496840596199036	0.6086467504501343	0.4709624350070953	0.4601196050643921
10333.Che.144.huma	0.9334719181060791	0.9298311471939087	0.7136486768722534	0.7438600063323975	0.8104275465011597	0	0.8075299859046936	0.7405585050582886	0.7556784152984619	0.6912702322006226	0.9386990070343018	0.7422078847885132	0.9226973652839661	0.8286061882972717	0.8223027586936951	0.7315118312835693	0.8215800523757935	0.8071096539497375	0.757761538028717	0.740379810333252	0.7210924029350281	0.744669497013092	0.7816295623779297	0.8523252606391907	0.7402378916740417	0.8624834418296814	0.7729998230934143	0.85325688123703	0.8483343124389648	0.8836838006973267	0.7755663394927979	0.899211049079895	0.9151194095611572	0.8693093657493591	0.8940672278404236	0.7396597862243652	1.124135851860046	0.838063657283783	0.841529905796051	0.7741876840591431	0.8486906290054321	0.8598628640174866	0.797054648399353	0.7775052785873413	0.8795011639595032	0.7321634292602539	0.8758904337882996	0.9280421733856201	1.612599492073059	0.9941880702972412	0.8307029604911804	0.7622313499450684	0.8380320072174072	0.9850916266441345	0.7989742159843445	0.847847044467926	0.8275420069694519	1.023350596427917	0.8331551551818848	0.9319989085197449	0.820547878742218	0.7341571450233459	0.7508711218833923	0.7581450343132019	0.9438666105270386	0.8239769339561462	0.98332279920578	0.9771745800971985	0.9334508776664734	0.7703632116317749	0.9290343523025513	0.7676898837089539	0.9644919037818909	1.11104679107666	0.8152427077293396	1.205030083656311	0.9159927368164062	0.7624680995941162	0.8283393979072571	0.9539960622787476	1.068228602409363	0.85378497838974	0.8423907160758972	0.7940235733985901	0.8253105878829956	0.9244711995124817	0.8378503918647766	0.8255425691604614	0.9102796316146851	1.136379480361938	1.019268155097961	0.9215197563171387	0.9020559191703796	1.064229607582092	1.022113561630249	0.8907281160354614	0.9364897012710571	0.8382630944252014	0.8782047033309937	0.8789793252944946	0.9789383411407471	0.7691121697425842	1.216111063957214	1.083626747131348	0.8421075940132141	0.8573991060256958	0.8195782899856567	0.872366189956665	0.8482902646064758	0.8906652331352234	0.884922206401825	0.7439720034599304	0.9222949147224426	0.8324108123779297	0.9065078496932983	0.7905673384666443	0.7667752504348755	1.055457353591919	0.9500405788421631	0.8311036229133606	0.8598958253860474	0.8002195358276367	0.8036467432975769	1.296375155448914	0.8669060468673706	1.030822992324829	0.8536699414253235	0.9039376378059387	0.8245881795883179	0.8167493939399719	1.083707094192505	1.044074535369873	0.8365802764892578	0.8591375946998596	0.9582026600837708	0.8457926511764526	0.9279640316963196	0.894133448600769	0.8229044079780579	0.7550999522209167	0.7705875039100647	0.8273352980613708	0.8244912624359131	0.8276128172874451	0.826653003692627	0.8913006186485291	0.9563999772071838	0.8060650229454041
10333.Che.150.huma	0.5575067400932312	0.5199586749076843	0.3790473937988281	0.3521784842014313	0.4581799507141113	0.8075299859046936	0	0.3419952094554901	0.4229469299316406	0.3314194977283478	0.5571780204772949	0.3432238399982452	0.5360398292541504	0.6216523051261902	0.5199156999588013	0.3346313834190369	0.3956333696842194	0.2841423153877258	0.2878042161464691	0.3344112038612366	0.3127336502075195	0.3353889882564545	0.286682665348053	0.2770733535289764	0.3297854959964752	0.5356564521789551	0.3639362752437592	0.3422648012638092	0.6032204627990723	0.5661317110061646	0.4273000359535217	0.5573691725730896	0.5661069750785828	0.3446330726146698	0.4970988035202026	0.3431937694549561	0.7594735026359558	0.2104104608297348	0.6148040294647217	0.3948071897029877	0.4775929749011993	0.461979478597641	0.3516585528850555	0.3770612478256226	0.4701521098613739	0.3992043733596802	0.5464081168174744	0.5195420384407043	1.323228240013123	0.8107484579086304	0.4266096353530884	0.3726902306079865	0.513152003288269	0.6698634028434753	0.4990705847740173	0.5033060312271118	0.3761677145957947	0.6412921547889709	0.3486676514148712	0.5104200839996338	0.2926755845546722	0.3773615956306458	0.3740923702716827	0.4446385204792023	0.354095071554184	0.4882100522518158	0.7057361602783203	0.5986903309822083	0.4728213548660278	0.3167256116867065	0.5930062532424927	0.4022786319255829	0.5989012718200684	0.6457616686820984	0.3808072209358215	0.8347995281219482	0.3896552920341492	0.4414539337158203	0.4181391000747681	0.613273561000824	0.7051547765731812	0.3710512816905975	0.4583117067813873	0.4762021005153656	0.4460363984107971	0.5179188251495361	0.3549495339393616	0.4838725030422211	0.3331156671047211	0.6784147620201111	0.5412523746490479	0.4684529602527618	0.3786238133907318	0.6393731832504272	0.4269974529743195	0.2855039238929749	0.4236158728599548	0.4301949739456177	0.5336093902587891	0.6332760453224182	0.3722947239875793	0.4198580682277679	0.8252018690109253	0.5969987511634827	0.347418874502182	0.3715330362319946	0.5209375619888306	0.3698358237743378	0.4409371316432953	0.4092302024364471	0.4672989845275879	0.3959223628044128	0.61760014295578	0.4251474142074585	0.4106458723545074	0.4582658708095551	0.4308921992778778	0.4569783210754395	0.5267601013183594	0.4195845723152161	0.5080280900001526	0.4127735793590546	0.4631735980510712	1.009613752365112	0.4864739775657654	0.6340791583061218	0.540202796459198	0.3615961074829102	0.3533099591732025	0.3846775591373444	0.7012878060340881	0.49041348695755	0.3880216777324677	0.3852903246879578	0.4949037134647369	0.3688661754131317	0.580055296421051	0.3172022700309753	0.3012933433055878	0.407502293586731	0.3760990798473358	0.3664099872112274	0.3172568380832672	0.3487986326217651	0.3351934254169464	0.5341112613677979	0.3308430910110474	0.3483193814754486
10333.Che.156.huma	0.6068853735923767	0.6251242756843567	0.4109713733196259	0.411792516708374	0.5010861754417419	0.7405585050582886	0.3419952094554901	0	0.4531519114971161	0.3652833104133606	0.6115728616714478	0.4381198883056641	0.5767711997032166	0.6080582737922668	0.5559163689613342	0.4155473113059998	0.4602272510528564	0.4049785733222961	0.3600167036056519	0.4231269657611847	0.3947753608226776	0.3949451446533203	0.4198254644870758	0.4300902485847473	0.4083632826805115	0.5404843688011169	0.4003680348396301	0.4536831974983215	0.5975671410560608	0.6075649261474609	0.4580736458301544	0.6667318344116211	0.6786248087882996	0.4801156222820282	0.5123832225799561	0.4009798169136047	0.7813688516616821	0.4280658960342407	0.5870296359062195	0.400507777929306	0.5090700387954712	0.4567361176013947	0.4245678782463074	0.4162038564682007	0.4819488227367401	0.4510802626609802	0.5748893022537231	0.5705304145812988	1.39931309223175	0.753392219543457	0.525485634803772	0.4295501112937927	0.4974229037761688	0.6705365180969238	0.5486027598381042	0.5446398854255676	0.3849700391292572	0.6730297803878784	0.3975071907043457	0.5301681160926819	0.4080341756343842	0.4129409790039062	0.4297181665897369	0.4845883846282959	0.5126463174819946	0.5347570776939392	0.7230566740036011	0.5811909437179565	0.5000248551368713	0.3982580900192261	0.6532607078552246	0.4000362455844879	0.5441997647285461	0.6727921366691589	0.4644583761692047	0.8650602102279663	0.4518282413482666	0.5238303542137146	0.5076187252998352	0.6103261113166809	0.7108629941940308	0.409772515296936	0.4620285332202911	0.5016286373138428	0.4609043300151825	0.4932383596897125	0.4478791654109955	0.4539860486984253	0.4636291563510895	0.7115926146507263	0.600272536277771	0.5731874704360962	0.4632089138031006	0.7161144018173218	0.6015814542770386	0.4416263997554779	0.531005859375	0.4842729270458221	0.6092063188552856	0.537333071231842	0.5282834768295288	0.4571971595287323	0.8355110883712769	0.6648949384689331	0.4353474974632263	0.440542995929718	0.5507453680038452	0.4848511219024658	0.4677483141422272	0.4795751571655273	0.5500499606132507	0.4459030628204346	0.6792076826095581	0.4427154958248138	0.500963568687439	0.4924178421497345	0.4398211240768433	0.6229471564292908	0.5776491761207581	0.4704890847206116	0.5134057998657227	0.4385347664356232	0.4691207706928253	1.027858018875122	0.4906144738197327	0.6591903567314148	0.5516794919967651	0.4846464991569519	0.4048607647418976	0.4118751287460327	0.7146816253662109	0.5981572270393372	0.480489194393158	0.4592220783233643	0.5945150852203369	0.4538167715072632	0.591888964176178	0.4591164886951447	0.4228537678718567	0.4401918053627014	0.4248471856117249	0.396405816078186	0.4027771055698395	0.4132211804389954	0.3884837031364441	0.5660272836685181	0.5083032250404358	0.4472044408321381
10333.Che.16.huma	0.4978487491607666	0.5089535117149353	0.3605720698833466	0.3093585968017578	0.4007542729377747	0.7556784152984619	0.4229469299316406	0.4531519114971161	0	0.3026039004325867	0.5227454304695129	0.333111584186554	0.5017939209938049	0.6379625797271729	0.604238748550415	0.3768593966960907	0.3896317780017853	0.3463217616081238	0.326272040605545	0.3004797697067261	0.3345630764961243	0.3168531656265259	0.3124595880508423	0.4283044636249542	0.2584923207759857	0.4666980504989624	0.4019981920719147	0.3804318010807037	0.6345891952514648	0.6568893194198608	0.5271141529083252	0.5213773846626282	0.5324779152870178	0.3954626023769379	0.4882580637931824	0.3376453816890717	0.7197996973991394	0.427749365568161	0.6370136141777039	0.3631569743156433	0.4129626154899597	0.4642184376716614	0.354778379201889	0.4144174754619598	0.5392225384712219	0.3755968809127808	0.5805239081382751	0.5843924880027771	1.323958158493042	0.810583770275116	0.4351682066917419	0.3759706616401672	0.5691484212875366	0.6697450280189514	0.5759843587875366	0.5080338716506958	0.4553005695343018	0.7447394132614136	0.4598258435726166	0.5584796071052551	0.4598013460636139	0.4515000283718109	0.4321134984493256	0.5441239476203918	0.5556713938713074	0.5159615278244019	0.7495611310005188	0.6801362037658691	0.5760352611541748	0.3836200833320618	0.6671979427337646	0.4679191112518311	0.6365916728973389	0.7495591044425964	0.4489317238330841	0.9066230654716492	0.5461381077766418	0.5267518162727356	0.5695803165435791	0.6593408584594727	0.7218530774116516	0.5107764005661011	0.5134009122848511	0.5407200455665588	0.5301381349563599	0.5890980362892151	0.4702073037624359	0.5377563834190369	0.5282266139984131	0.77647465467453	0.6212987303733826	0.5566539168357849	0.5153648853302002	0.7169730067253113	0.5958917140960693	0.4891614317893982	0.5577769875526428	0.4788952171802521	0.6444807648658752	0.611665666103363	0.5772749781608582	0.4296283423900604	0.8764636516571045	0.6764036417007446	0.4576442241668701	0.462064653635025	0.6059174537658691	0.4229890406131744	0.4824437201023102	0.5795375108718872	0.4784896373748779	0.4379431009292603	0.7135563492774963	0.4862009286880493	0.5451036095619202	0.5438612103462219	0.5150684714317322	0.6909330487251282	0.5955013036727905	0.4652181267738342	0.5846474170684814	0.5139313340187073	0.5429798364639282	1.039835453033447	0.5252461433410645	0.7394698262214661	0.6101847290992737	0.5359722375869751	0.4840375483036041	0.4800623655319214	0.7802965044975281	0.6667135953903198	0.4650534093379974	0.475428968667984	0.580740213394165	0.4630952477455139	0.6540680527687073	0.519769012928009	0.3959313631057739	0.4306080639362335	0.4183599352836609	0.4516542255878448	0.4347943067550659	0.4353623688220978	0.444035530090332	0.6034263968467712	0.5836431980133057	0.42665696144104
10333.Che.177.huma	0.5167695283889771	0.4236553609371185	0.2149427533149719	0.2033581137657166	0.39202681183815	0.6912702322006226	0.3314194977283478	0.3652833104133606	0.3026039004325867	0	0.5154187083244324	0.2463775724172592	0.4876450598239899	0.5166012644767761	0.4522929191589355	0.2480025142431259	0.2835896015167236	0.3323967158794403	0.1925377249717712	0.2090634852647781	0.2370792031288147	0.1878195255994797	0.2778387665748596	0.344251424074173	0.2220925241708755	0.455137312412262	0.3244854211807251	0.3659183382987976	0.5005077719688416	0.5221086740493774	0.3727969229221344	0.4358496367931366	0.4468293786048889	0.3246089518070221	0.4675131738185883	0.1858525276184082	0.7293652892112732	0.3532559871673584	0.4885498881340027	0.3177559673786163	0.4052564203739166	0.436577707529068	0.2964339256286621	0.3063537180423737	0.4652233123779297	0.3185025453567505	0.5101330876350403	0.5330552458763123	1.207095384597778	0.72980135679245	0.3140284419059753	0.2772882580757141	0.4441578090190887	0.5852517485618591	0.4399601221084595	0.4286487996578217	0.3638858497142792	0.6386777758598328	0.379498153924942	0.4959638118743896	0.336485892534256	0.3004280626773834	0.2900777757167816	0.3959212005138397	0.511588454246521	0.4046226739883423	0.6716805696487427	0.569175660610199	0.5214045643806458	0.2844850420951843	0.5902905464172363	0.3484307527542114	0.5425978302955627	0.6785532236099243	0.352502852678299	0.8167799711227417	0.4760265648365021	0.4215608239173889	0.4618698060512543	0.5507305860519409	0.6604525446891785	0.4116467535495758	0.3903937637805939	0.4360702335834503	0.4515620470046997	0.5200970768928528	0.3768162429332733	0.4453402161598206	0.4705200493335724	0.7007541656494141	0.5999910235404968	0.4859755337238312	0.4577229619026184	0.6532573699951172	0.5217427015304565	0.4372575581073761	0.5135414004325867	0.3545337021350861	0.5377421379089355	0.5142770409584045	0.5349122285842896	0.3065893054008484	0.799329400062561	0.6418774127960205	0.4007293581962585	0.4182309806346893	0.465720921754837	0.3399035632610321	0.4374860227108002	0.4990633130073547	0.4259689748287201	0.3319137990474701	0.5919010639190674	0.424849808216095	0.4960654079914093	0.4126957058906555	0.3703995943069458	0.644314169883728	0.5164570808410645	0.4071187674999237	0.4947150051593781	0.3634590804576874	0.4373717308044434	0.9674519896507263	0.4489447474479675	0.6542365550994873	0.4999048113822937	0.469917356967926	0.4241381883621216	0.4046984910964966	0.69571453332901	0.6273386478424072	0.3742111325263977	0.4252132773399353	0.5451431274414062	0.4128578901290894	0.5585861206054688	0.4753791689872742	0.3307740688323975	0.3401985764503479	0.3158131539821625	0.3890615701675415	0.3824089765548706	0.3722907900810242	0.3714362680912018	0.506227433681488	0.5404728055000305	0.3455392718315125
10333.Che.183.huma	0.1796139776706696	0.636752188205719	0.5874425768852234	0.5297390818595886	0.2528411149978638	0.9386990070343018	0.5571780204772949	0.6115728616714478	0.5227454304695129	0.5154187083244324	0	0.5180711150169373	0.2405801266431808	0.6316723823547363	0.648065447807312	0.5639036893844604	0.5196419954299927	0.3677269220352173	0.5023401379585266	0.4649326801300049	0.4896001219749451	0.4884452521800995	0.3826579451560974	0.5413631796836853	0.3883222639560699	0.3552647531032562	0.5858020782470703	0.4386329352855682	0.6308842897415161	0.6515599489212036	0.5701584219932556	0.5725155472755432	0.581205427646637	0.4875138103961945	0.3589610159397125	0.5463551878929138	0.441998302936554	0.5510661602020264	0.6498425602912903	0.4780615568161011	0.1995538324117661	0.3616757094860077	0.4814925789833069	0.5555563569068909	0.5725395679473877	0.4689033627510071	0.5436967015266418	0.6517620086669922	1.390867233276367	0.9469021558761597	0.5817751884460449	0.5809062719345093	0.6350366473197937	0.6755229234695435	0.6376073360443115	0.6998200416564941	0.5613223314285278	0.7724949717521667	0.5450602173805237	0.6754301190376282	0.5957760214805603	0.5534920692443848	0.5964800715446472	0.6365605592727661	0.5172476172447205	0.6660258769989014	0.7756841778755188	0.7077832221984863	0.5888884663581848	0.5422558784484863	0.6069731712341309	0.5826173424720764	0.7267144322395325	0.807345986366272	0.6061230301856995	0.9517930746078491	0.6062771081924438	0.5942122340202332	0.6443028450012207	0.6982961893081665	0.7275565266609192	0.5330876111984253	0.6361658573150635	0.5906961560249329	0.649155855178833	0.6863932013511658	0.5610033869743347	0.6385525465011597	0.5728994011878967	0.810498833656311	0.5012682676315308	0.6827828288078308	0.5637417435646057	0.783657968044281	0.7205495834350586	0.4959249496459961	0.4098078608512878	0.5998544096946716	0.669354259967804	0.7073010802268982	0.5275992155075073	0.6049270629882812	0.9581243991851807	0.7264196276664734	0.5012019872665405	0.488807886838913	0.6097049713134766	0.5107293725013733	0.555394172668457	0.6284779906272888	0.6341254711151123	0.5610191822052002	0.7235819697380066	0.4976359903812408	0.4873916208744049	0.5798636674880981	0.5961911678314209	0.6482254266738892	0.3885832130908966	0.4513232111930847	0.638947606086731	0.6155880689620972	0.6196802854537964	1.012323141098022	0.6277278065681458	0.747591495513916	0.680495023727417	0.4850446879863739	0.5512171387672424	0.5382730960845947	0.798126220703125	0.5585088729858398	0.6015657782554626	0.419234573841095	0.3187965452671051	0.4301292598247528	0.694061279296875	0.4826922416687012	0.504882276058197	0.5471246242523193	0.5713528394699097	0.5030844211578369	0.4182133674621582	0.3746258318424225	0.4142244160175323	0.688385546207428	0.5049925446510315	0.5585604310035706
10333.Che.189.huma	0.5013662576675415	0.3954879939556122	0.2916350960731506	0.2698703408241272	0.3968408405780792	0.7422078847885132	0.3432238399982452	0.4381198883056641	0.333111584186554	0.2463775724172592	0.5180711150169373	0	0.5054187774658203	0.5665887594223022	0.4404779076576233	0.2432893067598343	0.3287001252174377	0.3215504884719849	0.2737118005752563	0.2007157802581787	0.2373024225234985	0.2767199277877808	0.2712020874023438	0.3341394066810608	0.2479474246501923	0.4944884181022644	0.3674580752849579	0.3589861690998077	0.5468184947967529	0.5337302684783936	0.4032107889652252	0.3873700201511383	0.4028837084770203	0.3246098458766937	0.4734521806240082	0.2083892077207565	0.7236582636833191	0.3469811379909515	0.5222495198249817	0.3726384043693542	0.4198828339576721	0.4188345372676849	0.2507579326629639	0.3319796025753021	0.4343843460083008	0.2633872330188751	0.3819355666637421	0.4338469505310059	1.241903185844421	0.7496386170387268	0.3677156865596771	0.2747418880462646	0.4774162173271179	0.5669951438903809	0.4588006138801575	0.4310756623744965	0.3560216724872589	0.6459022164344788	0.374460905790329	0.4441138207912445	0.3438871204853058	0.3157762587070465	0.3244946897029877	0.4170474112033844	0.4565475583076477	0.4216844141483307	0.6373446583747864	0.5652464628219604	0.4685243368148804	0.275425136089325	0.5612325668334961	0.3980487287044525	0.561385452747345	0.6555092930793762	0.3459425568580627	0.8141940236091614	0.4581692516803741	0.4080114364624023	0.4244177639484406	0.578187108039856	0.6405436396598816	0.410152792930603	0.4356512725353241	0.4475605189800262	0.4641289114952087	0.514654815196991	0.3673640489578247	0.4625702798366547	0.4061207473278046	0.7112583518028259	0.5557937622070312	0.4338801205158234	0.4402600526809692	0.6271316409111023	0.5244318842887878	0.3884868323802948	0.457423210144043	0.3921927213668823	0.4985616207122803	0.5597317218780518	0.5008187890052795	0.3482735455036163	0.8137845396995544	0.6095201373100281	0.3338382840156555	0.3727479577064514	0.4765843749046326	0.3181609809398651	0.4185940623283386	0.5000609755516052	0.3898997604846954	0.3376317918300629	0.5544863939285278	0.4190594553947449	0.4733589291572571	0.4192112684249878	0.3953733444213867	0.6023705005645752	0.493412971496582	0.3611589968204498	0.5007169842720032	0.4009068608283997	0.4079590141773224	0.9641197919845581	0.3950527310371399	0.6528840065002441	0.4867590665817261	0.4607717990875244	0.4042930006980896	0.4110654890537262	0.6912018060684204	0.5731663703918457	0.3850494921207428	0.3948028981685638	0.511483907699585	0.3711237609386444	0.5671733617782593	0.4286362826824188	0.3243111371994019	0.3221230804920197	0.3277823328971863	0.3868360221385956	0.3414981365203857	0.3298251330852509	0.3599619269371033	0.4903661608695984	0.4931091368198395	0.3183339834213257
10333.Che.195.huma	0.264030784368515	0.639671266078949	0.5489020943641663	0.5059584379196167	0.2511994540691376	0.9226973652839661	0.5360398292541504	0.5767711997032166	0.5017939209938049	0.4876450598239899	0.2405801266431808	0.5054187774658203	0	0.6478687524795532	0.6150206923484802	0.5348345041275024	0.5269076228141785	0.3788915574550629	0.4936627745628357	0.4731346666812897	0.4889419078826904	0.4654209613800049	0.3792710304260254	0.5466129779815674	0.3777495920658112	0.3621158599853516	0.564281165599823	0.4336610734462738	0.6284509897232056	0.651663601398468	0.5502731800079346	0.5967333912849426	0.6006673574447632	0.5031444430351257	0.3668719530105591	0.5075397491455078	0.4919642210006714	0.5476734638214111	0.6269139647483826	0.4435072243213654	0.2264292240142822	0.3741464912891388	0.493526428937912	0.5190012454986572	0.5652132630348206	0.4617396295070648	0.5670983195304871	0.6346601247787476	1.403944969177246	0.928429126739502	0.5813186168670654	0.5641149878501892	0.6241980195045471	0.6803449392318726	0.6589000225067139	0.6856527328491211	0.5325817465782166	0.7656021118164062	0.5384067296981812	0.6601046919822693	0.5690938234329224	0.5401549935340881	0.5610819458961487	0.6197253465652466	0.5400408506393433	0.660664975643158	0.77823805809021	0.7074858546257019	0.5989728569984436	0.5421633720397949	0.6366803050041199	0.5793256163597107	0.712810754776001	0.7870988845825195	0.6065296530723572	0.9481610059738159	0.6127886772155762	0.6121379733085632	0.6455819606781006	0.6904180645942688	0.72794109582901	0.514107882976532	0.6272069215774536	0.5834347009658813	0.637243390083313	0.6720673441886902	0.546586275100708	0.6168133020401001	0.5656113028526306	0.8005777597427368	0.5249148607254028	0.6816862225532532	0.5729888677597046	0.789204478263855	0.7233066558837891	0.5199128985404968	0.4515572488307953	0.6198845505714417	0.6899482011795044	0.6829735040664673	0.5405073761940002	0.5779683589935303	0.9196118116378784	0.7062041163444519	0.5060915350914001	0.5017613768577576	0.6099438667297363	0.5182110667228699	0.5492843985557556	0.6162517070770264	0.6323859691619873	0.552318274974823	0.7338553071022034	0.4971623420715332	0.4954995810985565	0.5759318470954895	0.5753079652786255	0.6635817885398865	0.420033186674118	0.4584221541881561	0.6330155730247498	0.6058509945869446	0.6096246242523193	1.029386639595032	0.6204084753990173	0.7579143047332764	0.6665370464324951	0.4997397661209106	0.5417444705963135	0.5246749520301819	0.7904618978500366	0.5864937901496887	0.5992499589920044	0.4292886853218079	0.4097233414649963	0.4518099427223206	0.6832723617553711	0.5063545703887939	0.5127949714660645	0.5314571857452393	0.5565764307975769	0.4901484251022339	0.4191006720066071	0.3756359219551086	0.4123598337173462	0.697194516658783	0.526456356048584	0.5615385174751282
