	SRR5928245	SRR5928275	SRR5928178	SRR5928253	SRR5928205	SRR5928207	SRR5928242	SRR5928390	SRR5928417	SRR5928231	SRR5928257	SRR5928160	SRR5928420	SRR5928475	SRR5928469	SRR5928460	SRR5928369	SRR5928199	SRR5928212	SRR5928202	SRR5928232	SRR5928405	SRR5928264	SRR5928363	SRR5928168	SRR5928192	SRR5928273	SRR5928214	SRR5928439	SRR5928392	SRR5928217	SRR5928235	SRR5928251	SRR5928391	SRR5928256	SRR5928373	SRR5928237	SRR5928415	SRR5928225	SRR5928449	SRR5928431	SRR5928421	SRR5928224	SRR5928261	SRR5928174	SRR5928382	SRR5928448	SRR5928187	SRR5928266	SRR5928477	SRR5928457	SRR5928414	SRR5928248	SRR5928452	SRR5928419	SRR5928367	SRR5928221	SRR5928247	SRR5928173	SRR5928402
SRR5928245	0.0	277.97125396481704	274.4619628071712	128.4078207677039	313.62804555221163	247.34087060475176	305.62939801870664	231.58187264313437	288.3245335031169	382.37910121905463	262.63318868488255	88.45792690244303	206.47854802592775	360.59555022502974	119.50044240952323	246.28865484368728	396.6327946571673	236.53667344450068	564.1646340174088	448.2633549516453	280.93475739450554	362.55793874400234	544.409236701456	220.56240651265108	371.2205091477124	334.78768526668415	279.3043792094639	228.9649347572305	440.72605477891926	414.3695438837294	322.43140795313303	286.4736834177934	79.37024634066363	198.86921726835425	355.50956680882695	396.3654687957856	194.3055095897175	220.28591461717573	326.5121047623697	401.00537006943426	354.68419831704546	373.36626263321006	225.00845424626826	392.3277351829238	343.8051574817117	320.21036967646694	252.0628885091316	409.24220867562747	236.17798483649455	210.03613421778607	204.79186986489358	342.95712873536854	453.3901758643172	427.2651729593965	388.1216259738728	371.5804324834392	471.9622487630125	376.10774166211866	473.56095853283625	427.50665963815294
SRR5928275	277.97125396481704	0.0	32.328961669940774	161.56239745959527	42.240029272370386	50.62860677331094	145.7024337050726	320.42799716930483	129.48926430442668	152.1036476884989	290.9800062573983	190.00942518976186	124.76644838193477	105.42609766192946	160.33908434857227	89.13412041438063	254.57893937888036	151.73102874719095	356.2932733209463	253.7987072648132	39.73709591521973	170.80058014729565	348.150404753421	181.93976996027197	94.29876262769402	210.3078394137759	340.9829093758771	103.47825939103126	196.14256973756088	208.23232873039174	47.80128580507167	72.36066333386061	206.85847253752763	203.57275033053958	197.4902712631104	183.98748481039485	164.7046168824329	63.436536264832235	149.5141967943389	125.93743665797689	101.97135149007805	289.56036357218187	164.3833021891691	145.2940765306355	181.41200695613128	239.6183619557335	249.47187726721825	192.68917965836195	288.3238562396621	478.57994109698524	97.05102923824235	96.62090120706169	207.23165403946714	185.61953334020075	296.76062035475627	360.2510421337259	339.0124463430757	412.7572835350253	262.3220848961272	378.3865536600938
SRR5928178	274.4619628071712	32.328961669940774	0.0	167.53949939676588	41.01934290308347	32.26631108085853	114.18914167498296	294.89957014711104	98.04388834229374	130.5960435992435	262.47180344691054	186.9314531629111	145.356180179589	91.52052508361768	160.11657792676394	61.174689088835315	223.96447918231493	123.51324663784331	334.6600633791758	228.54789443442428	71.43841449353953	143.22241498226182	324.5319911963293	154.81516844430587	101.75609118115939	178.8952498137836	313.3224756263126	78.69513884781492	180.65871737562506	183.97370988270276	69.65991712786689	44.79212493542988	200.40758520191437	178.8268758584989	167.21501067628205	160.12168521313026	141.20419355824	61.974796428112064	119.22970035014492	128.0605165274529	87.56443413803856	257.8419058338831	137.14852128109646	129.51585998559457	151.5535169538287	208.38610975759815	220.79980463071428	169.40762409388464	261.9509788175033	469.1972708851949	80.97120947800292	79.20014196449674	192.65403063113712	169.2237160011338	265.2508894363412	328.99781551953504	309.2606739499379	382.5713694190415	240.15909765146202	346.94735458425845
SRR5928253	128.4078207677039	161.56239745959527	167.53949939676588	0.0	201.64442972459318	144.4713982739533	236.53703228971108	275.4194365085838	216.19159685274676	291.61302870240155	278.285567765873	54.95435216997026	80.35129782894782	257.5810750461312	32.785652704437496	161.81022938509798	345.8950151837592	184.64709606722283	489.85671693448285	376.5772645281025	156.48380510890004	286.40603303644065	475.3587996854423	189.06716160691298	254.28338517550355	285.3489977147284	314.03016834190834	151.07404907413513	345.18851228713964	335.4955066510102	201.71573347102412	190.57667951759421	81.61236773530737	184.98121466299776	293.5459329170331	313.7505317249689	156.20552110580803	110.84984465956698	253.10403019259215	286.7094325674398	251.9769708706612	346.8586367822638	182.1950021920112	294.0147649992544	278.1805668390154	288.83865562628966	248.99658710750828	325.965989689801	259.42091107389984	337.25022884358003	118.49907227105128	242.20481627154157	357.22100155977887	332.53101952815865	359.2173502528356	379.22057294241256	429.4431638314951	407.0410568392884	394.87448898515584	420.6664111571905
SRR5928205	313.62804555221163	42.240029272370386	41.01934290308347	201.64442972459318	0.0	70.2281315009877	129.09113269891265	330.72868701974534	117.38277030914442	114.2773532399523	294.3176575153275	225.623735535226	166.56773322985416	64.44050766720105	197.33482671945782	95.42431798861851	229.18004542580178	155.54288345252965	317.03142486928914	218.52809332045064	71.79300686686524	141.29760722698697	310.392118735963	188.92372031096636	60.875098198847276	192.71804399857172	345.71668128624844	114.53053879306954	154.7747866644843	172.7536130520099	41.80047474530324	60.94058519318163	239.92520790854297	214.8888644571769	173.47603484531774	148.48713236897981	178.49292763184587	96.55703013807643	126.95955106850056	87.96338931498786	62.29675358197125	273.07309581240156	170.7644548157531	104.6145626596322	158.3423968359965	228.25959175650374	251.99052273245863	155.70594897324077	295.88343389268755	509.67426927908525	119.82835420760746	59.59861353600525	165.68251201375193	144.8745218110523	278.41180091423814	352.0487330198964	311.2061143261476	409.68641166122023	224.17718961022535	363.1245452108743
SRR5928207	247.34087060475176	50.62860677331094	32.26631108085853	144.4713982739533	70.2281315009877	0.0	111.77313881348773	271.40201767547404	92.36847409330997	147.63670197001062	242.16127889693337	159.7487975878098	134.62807869509808	114.74099985661042	133.46328069147836	41.84470429949426	225.37434920356017	102.82382757711602	348.8755931770402	238.86337928299648	81.1495785994014	149.82801644837383	336.81658213842417	132.38190057992028	129.01348486608475	173.58477631389317	291.3905408227313	53.16266301600705	200.80984909281108	195.25509912481346	93.00462785558265	47.565419905597494	171.5035930095434	153.52638983594244	168.00866744138213	172.27246009166566	114.81473937903378	36.327707453374835	121.44398690969308	155.41066231363828	108.88416060928073	250.28257943522044	114.73732773107743	149.8365114031445	151.3429385531428	196.89098331653594	200.5268735003364	183.7789464057222	238.28020330885653	440.22872853659163	49.80271695804344	98.34506182411349	212.96718750699375	188.17639936737413	258.8116558473717	314.9162891165571	310.5641053526924	365.03068004806977	253.52090965125223	336.87191850418134
SRR5928242	305.62939801870664	145.7024337050726	114.18914167498296	236.53703228971108	129.09113269891265	111.77313881348773	0.0	232.68286287333373	20.864194793808466	93.24862466941299	183.3219467569747	229.6643441665235	244.8638140086882	110.45925886679899	214.61033980622835	77.03299309898706	113.92224919747295	73.47061348288052	259.3399430999229	143.715041564237	183.13408720253287	58.67615374358299	241.50841520267159	102.04069960734823	168.969644607536	64.93727933128574	234.71726610519346	86.50711001069624	151.12722048585474	109.96780302587024	169.0725189532207	76.89608446499528	229.5038707933734	133.78380693232103	58.32786790427274	94.65464412305819	116.0321622989637	142.9444275849479	22.306934692857443	174.40152654724014	106.33892944281087	144.64619632683488	88.91869934052372	117.00570586549722	44.96391791317137	100.51075430381793	142.39814641891095	106.9201274288176	193.71771883857133	467.2792705906287	119.25808423337915	95.1543324691586	163.57288206793442	138.09091824623536	151.28053249768874	224.4487354456443	199.7603257199745	285.80500393598305	168.52429346199756	234.68438420023955
SRR5928390	231.58187264313437	320.42799716930483	294.89957014711104	275.4194365085838	330.72868701974534	271.40201767547404	232.68286287333373	0.0	230.07504013471794	325.0161621262739	61.61488775278909	225.7379019977274	340.59050433459157	338.5269894454155	243.76970366046834	236.48873371403909	256.114464185711	178.1664285164577	437.88544073596336	334.52644971010545	348.34155424029285	280.1606947367793	410.53423339169996	143.17442048010898	386.0159350869772	211.82296418230055	52.45067678132918	220.4158907343446	380.0313247225022	322.67642015925	363.09853425420596	275.8701562718647	202.7061994809208	119.64983735338856	247.86274413627515	317.12847703522283	157.7633793967004	273.1725617716682	252.27265924442267	400.3850177599685	333.3658956838568	198.5793971470517	162.06437997086215	349.5993357683294	247.60217754722532	171.8141484820614	93.78259201518074	328.21225624385124	48.38491133676373	285.76088678038656	229.72253893120944	320.61826192899264	391.64142514337414	367.4923543833453	213.68794461619538	153.2470192985392	303.1812576371415	145.4285363291788	369.0703194183462	218.94009319445544
SRR5928417	288.3245335031169	129.48926430442668	98.04388834229374	216.19159685274676	117.38277030914442	92.36847409330997	20.864194793808466	230.07504013471794	0.0	102.04304976870044	184.48395776006583	210.67851165754976	224.76453582371826	108.84091030891315	194.63969644638175	56.45810417851015	134.24036782939254	60.54445895731544	277.84216098074165	162.48225390034895	166.3047326646933	74.57108643728594	260.8076617225861	92.825585702782	162.24293869595797	81.67423507157224	235.97267276522672	66.00473986598004	161.1655550152043	126.25992260447084	156.2792910359304	61.367786687237945	211.43962227874619	124.19086947568526	78.37999909336664	108.8138692067049	101.645285332631	122.53177241232133	38.4487310309042	171.70281530293525	103.70746082774377	160.16214713984402	77.29010566953619	121.97874358893979	63.41222008611869	111.42901911655633	142.18864614566075	121.70361800316633	191.3763865013504	454.6360147774877	98.60297037987308	91.31859242005447	173.8067209276988	147.6787262252245	167.72763784210917	234.8559056132587	219.5917044422468	293.32559424517666	185.6289535944137	249.02362656340614
SRR5928231	382.37910121905463	152.1036476884989	130.5960435992435	291.61302870240155	114.2773532399523	147.63670197001062	93.24862466941299	325.0161621262739	102.04304976870044	0.0	272.9990867365949	299.2017765267992	274.50159223249193	54.489122518163214	277.2563717674074	136.42640364347932	137.10013753962912	162.42697379656505	204.4349062643683	105.36038508076915	184.5559065132043	53.27631406408643	196.28711609622417	194.13477585358967	117.45074549710378	128.69487942465196	323.3041344948959	154.44780755723602	60.098726965804595	60.55817945054919	147.94335906731877	101.88842024772754	304.7977621059429	225.66642170669678	94.13729801696763	37.72848880026152	203.04566023246448	183.0373613768152	72.96948945093172	105.19564993707763	56.62021125564035	200.13286098684435	179.18624162372245	30.626950904586447	86.90148314542807	175.19918782207728	233.5020325200069	41.642029224733996	285.4717453718475	556.208571685587	180.56411432526053	58.378203467824456	73.15052901376635	47.79821274726457	199.96418628484858	294.78078628742725	208.5017405392844	362.5369411817297	110.68881295686707	287.0098143019427
SRR5928257	262.63318868488255	290.9800062573983	262.47180344691054	278.285567765873	294.3176575153275	242.16127889693337	183.3219467569747	61.61488775278909	184.48395776006583	272.9990867365949	0.0	235.68746324224009	332.88242215448855	292.7294835715256	246.0683635165579	203.00282617880015	195.2085299630407	141.25436067195383	376.48452063999486	274.3367334778222	322.566094647103	225.4500283671887	349.08245030825793	110.21554657929951	345.580819922907	153.55605627022686	53.41327570632364	189.91015548661946	325.4873023974347	265.05580280680084	329.8175439357863	237.1238508418337	216.2962523156725	98.09096682258426	190.42901251420378	261.4963833425661	135.35572796073225	251.22593466733684	200.91213459883727	356.0925282516814	287.86952475984504	137.52085634365423	128.04583117443437	299.0932330163969	192.00897759788768	111.6649266294549	43.82351969033517	272.1556011879089	35.89000878948132	343.59145598406474	207.16787093126638	275.6305311495382	336.6094526106485	313.3664151484911	152.79400223714413	109.23712255313225	242.6298819923921	130.1714826423654	309.2072218538582	168.86113806300105
SRR5928160	88.45792690244303	190.00942518976186	186.9314531629111	54.95435216997026	225.623735535226	159.7487975878098	229.6643441665235	225.7379019977274	210.67851165754976	299.2017765267992	235.68746324224009	0.0	133.72048760871212	273.9015967832793	33.079170044188224	163.0877084134516	330.91908572215704	166.4495145862238	488.4750674982223	372.97991888454027	194.4705046258903	284.48538510653395	470.98542573536207	160.84633907946582	282.8879510628326	268.7144037049683	267.0514655635216	147.38944550956217	356.363416608718	335.74425801064694	234.5459054291478	200.7218330631555	28.126490179411032	149.02450339001413	283.59845000579304	316.1158562975076	129.26936209668676	131.85790329348117	249.08304247485634	312.75443085806415	267.94580349129177	320.7481211090616	159.1227179764376	306.89556703510624	269.9983431311712	263.7887310509031	211.65240639506203	328.91906141395276	214.28489220437342	291.99728196944733	119.73135008589793	256.57459133237137	368.8825092802904	343.05148463675425	334.2999126864627	340.8689109002674	411.3742414178948	362.1711983612857	395.4703525388943	387.8326878176347
SRR5928420	206.47854802592775	124.76644838193477	145.356180179589	80.35129782894782	166.56773322985416	134.62807869509808	244.8638140086882	340.59050433459157	224.76453582371826	274.50159223249193	332.88242215448855	133.72048760871212	0.0	229.5786516575298	104.57208175759366	168.9459408788405	358.7439382786438	214.16145033936562	478.5832029608645	371.90177558951166	102.64684757714733	283.92545518569585	468.7527775501768	230.3581197073754	207.09091083116218	303.8610846252649	374.54267283265705	167.49570213140396	320.02391577958736	327.06327514810954	151.6667573498623	179.8593879717654	159.71716488938432	236.13143355046674	302.08074251218255	303.3112817199855	199.9600356010273	103.39677706545626	255.97623647885484	241.6618075806986	225.1574809375376	375.81564578725624	218.06445716330396	268.9337897603141	285.3908418675526	319.0467432775284	297.7062820062457	313.7941493544647	318.70362115482266	415.65060060975975	137.21017000926207	218.76252330189874	330.8837996776966	309.0217859832749	386.1072692435138	425.0457486520397	444.18210539292016	462.50354915182663	383.4950698777039	457.6405608159976
SRR5928475	360.59555022502974	105.42609766192946	91.52052508361768	257.5810750461312	64.44050766720105	114.74099985661042	110.45925886679899	338.5269894454155	108.84091030891315	54.489122518163214	292.7294835715256	273.9015967832793	229.5786516575298	0.0	248.2033555947051	119.1268745135883	185.72786080239993	164.12739483508614	253.26722483894406	159.40514221558087	134.03681108085766	95.40535409962706	247.91914118666818	198.6928128061258	65.54013991016303	163.73066587427417	344.1812120282416	139.2775051376101	90.74408337928838	113.95932316094466	94.12933713413375	76.45698745754328	283.7681058034047	228.70384458333746	135.06277823963822	90.5038561471786	198.61267347170167	147.81080415713762	97.51975107576227	63.98939300684693	10.369469173169687	241.50931714615874	181.26390632248973	40.22228603615596	122.6210807247192	206.63461439962322	250.8010932391219	95.71509544038828	300.0520725135335	546.6327380911029	157.46390799034413	21.554979994757367	102.08347191419921	80.4947511947403	243.58578981124532	330.832724544495	261.228923482852	394.9353020990125	161.25918209008927	330.49060410185194
SRR5928469	119.50044240952323	160.33908434857227	160.11657792676394	32.785652704437496	197.33482671945782	133.46328069147836	214.61033980622835	243.76970366046834	194.63969644638175	277.2563717674074	246.0683635165579	33.079170044188224	104.57208175759366	248.2033555947051	0.0	143.00212228343466	321.0441790140749	157.3505124581203	471.1129752101179	356.5323914039818	162.45167984602867	266.79816296866403	455.19457717780926	158.87599701214532	253.11115121530042	259.3739054750403	281.56620315018455	129.30557048485068	332.86855030979655	317.1336072718119	203.60651184413385	176.7269232277871	55.969464932442094	152.9837393440725	270.36067749485255	296.41999527461144	125.91375398221834	102.68483293379468	232.50421349944463	283.81113892994676	242.15687526110125	317.8320764535291	153.2703843728892	282.5254692257219	255.51300976729436	259.7976443852785	217.11506739107077	309.2092449675972	226.7890453214459	323.9960055352099	98.34399743773453	231.3144950613624	345.1574494010693	319.7031581307688	330.50834196757	347.35277368539397	403.2665116440874	374.56396233964017	376.8373621301084	389.6911614244604
SRR5928460	246.28865484368728	89.13412041438063	61.174689088835315	161.81022938509798	95.42431798861851	41.84470429949426	77.03299309898706	236.48873371403909	56.45810417851015	136.42640364347932	203.00282617880015	163.0877084134516	168.9459408788405	119.1268745135883	143.00212228343466	0.0	190.46673651097103	62.72957675050458	328.6052348726835	214.83213665424134	122.5869087451563	124.81655030887723	313.57629308571427	94.58138357053926	152.15565147894037	135.15304222522965	253.14051156894215	21.445327274048108	194.44659648939248	174.60241712522836	127.32606981003802	44.79133291170551	168.58500326220602	119.50281087500487	134.7250438489633	153.80455692657625	83.63120842689257	67.19110146591429	91.57053364997597	172.33650985494899	113.02146124493571	209.85088559374876	76.40316578540724	146.80656319368612	118.86494492240547	155.74182126079134	160.80973914237987	166.34767279198795	201.5801638939021	427.5268446526734	45.73058746250168	100.28987536118518	207.1342865216008	181.0214881162112	219.05114677059447	273.12598576012255	275.7319137029734	324.05409723568147	234.29201273627802	295.831214717293
SRR5928369	396.6327946571673	254.57893937888036	223.96447918231493	345.8950151837592	229.18004542580178	225.37434920356017	113.92224919747295	256.114464185711	134.24036782939254	137.10013753962912	195.2085299630407	330.91908572215704	358.7439382786438	185.72786080239993	321.0441790140749	190.46673651097103	0.0	165.4174723260988	182.71429525629597	84.23271465046076	292.0696336332568	92.86567342240345	156.60195661045663	176.7499610851405	251.25265880765562	64.05885047938077	236.34690834573053	196.93090449341176	164.72869114609156	95.68669311418108	268.9311348999176	186.13307109761294	325.3748888035642	202.30205411469998	59.12049898777099	107.27517707620632	204.50780945644843	256.7233974886753	105.80400202094522	242.26951729097232	184.8366974614017	75.65608605587686	173.799200108325	166.26562543670389	78.11189358985091	90.99005646730363	170.46112847476954	109.83922985677115	219.66984226934977	528.6355167683906	230.08662959914338	179.33033831781486	172.16666335346477	157.5938132367368	70.82569931078213	174.0446707144975	87.72991053249119	246.013851515102	120.47410002714986	155.1383153147435
SRR5928199	236.53667344450068	151.73102874719095	123.51324663784331	184.64709606722283	155.54288345252965	102.82382757711602	73.47061348288052	178.1664285164577	60.54445895731544	162.42697379656505	141.25436067195383	166.4495145862238	214.16145033936562	164.12739483508614	157.3505124581203	62.72957675050458	165.4174723260988	0.0	328.0590324822799	212.26012478377376	183.77325420021072	129.75845568356485	308.22918338319573	35.328755909353916	208.74671278166633	102.55137549209044	191.04387331128387	51.124268022864506	221.07154683135465	181.10119715889888	189.2448661673525	98.05612915367722	161.5570173051715	64.75087770406485	119.3381159936204	166.2611107667438	43.241858994839035	117.85861449091969	94.85961631990394	224.0490214566104	158.02759382661452	163.65585106425345	17.27495361167841	181.23333217182702	107.47509557722113	105.83201071243141	98.47649875723192	179.7533740739245	140.55385259650475	394.8611046766962	77.3897920671749	144.90292969190162	233.52181007005382	207.31250527296174	175.209247547027	214.5862911789512	246.0269664884552	262.4003069616131	238.9645001587113	243.57729428466666
SRR5928212	564.1646340174088	356.2932733209463	334.6600633791758	489.85671693448285	317.03142486928914	348.8755931770402	259.3399430999229	437.88544073596336	277.84216098074165	204.4349062643683	376.48452063999486	488.4750674982223	478.5832029608645	253.26722483894406	471.1129752101179	328.6052348726835	182.71429525629597	328.0590324822799	0.0	115.92181828606076	386.87993498374846	204.3641394446357	30.869904656977702	348.7681472410101	301.5882139980783	236.65060312751382	413.5195289733774	342.07504497283605	168.1762795051407	154.48510584304205	345.74686637307985	301.82347438336825	488.06242410143284	377.06184158277665	209.5668942201293	176.73398907198256	370.94130463008264	383.8070113490047	239.4784983058539	273.5730987343124	256.41415765486147	244.3340006510304	340.803943226251	214.04698783567173	220.82290542437343	269.6362210983914	351.66641174968305	165.56936772605215	400.15052473458604	708.9675400371143	373.0194956847616	260.7776773303707	161.4454706341348	175.584855544599	231.65667356999484	332.7332226925827	156.34001466313828	403.2918131731115	95.79041039428041	284.8521321535787
SRR5928202	448.2633549516453	253.7987072648132	228.54789443442428	376.5772645281025	218.52809332045064	238.86337928299648	143.715041564237	334.52644971010545	162.48225390034895	105.36038508076915	274.3367334778222	372.97991888454027	371.90177558951166	159.40514221558087	356.5323914039818	214.83213665424134	84.23271465046076	212.26012478377376	115.92181828606076	0.0	287.5549947981195	90.27523381285013	98.8418471871265	234.0615374474544	219.3709928140821	125.25216654376132	316.94853000426656	227.2680875032787	100.72039425476358	46.685054952524965	252.7617816439781	192.45038083454565	372.1929758447709	263.1714719043915	94.59999388057751	70.70825660078674	255.246551184856	273.3895317199072	124.34992395297185	200.14111108210275	160.62844912630717	156.38350341410376	225.31958866627483	125.59899488223087	105.14654595965206	164.55916817648693	244.22091076954084	64.18267682744408	295.08545112606424	597.4001064463854	258.8952104992893	161.0451683082038	103.37760805427102	98.83089810752458	148.18180687001504	254.8692193949456	116.34216243150135	327.2205181396864	36.24786311586054	224.911115158805
SRR5928232	280.93475739450554	39.73709591521973	71.43841449353953	156.48380510890004	71.79300686686524	81.1495785994014	183.13408720253287	348.34155424029285	166.3047326646933	184.5559065132043	322.566094647103	194.4705046258903	102.64684757714733	134.03681108085766	162.45167984602867	122.5869087451563	292.0696336332568	183.77325420021072	386.87993498374846	287.5549947981195	0.0	206.1323912861387	380.4832197758551	212.5272680453659	104.54720457445212	247.1111344807758	371.0191540791204	133.35161458150344	222.86839741098717	241.29079010492046	49.16376164976294	107.51197213639139	214.24317330142557	231.0840469499882	234.2872828511031	217.00614659494823	191.6097363049192	77.38620764194609	186.5724737944172	139.14582191396923	130.47451313971467	326.33716486974356	195.20079304015712	173.3047693507591	217.47212819654737	275.10633758167455	281.26836471524086	225.79846546172703	316.87624046595334	486.03609920062047	119.59702823814621	127.1808742810291	232.8619412508567	213.0162205029341	333.4544191256807	395.41607185421975	375.387754540513	446.1218306718393	293.50115469243104	414.19920361071894
SRR5928405	362.55793874400234	170.80058014729565	143.22241498226182	286.40603303644065	141.29760722698697	149.82801644837383	58.67615374358299	280.1606947367793	74.57108643728594	53.27631406408643	225.4500283671887	284.48538510653395	283.92545518569585	95.40535409962706	266.79816296866403	124.81655030887723	92.86567342240345	129.75845568356485	204.3641394446357	90.27523381285013	206.1323912861387	0.0	189.0971192864195	157.46199339518608	160.37654052992286	76.86821397841219	274.1673686452767	137.71649365334517	100.4003738251865	51.83664995908323	178.97570924522122	104.31301977123317	285.30446927363835	188.36529267138692	42.38224178486842	37.75216680647782	172.82584479173974	183.7990862409482	36.93735018373491	154.171451672364	93.16434335409657	148.90388120879385	145.01483182733398	80.97693887996138	34.59764626183436	123.15378575414842	187.13920684198095	51.77988739968634	239.2687346556037	523.4235241675531	168.8444069072063	87.5260713675832	111.64836755821658	87.96296661930388	149.38733542137103	242.8771512625727	170.46788340223335	310.6661101469832	111.17268982070256	236.20090253724612
SRR5928264	544.409236701456	348.150404753421	324.5319911963293	475.3587996854423	310.392118735963	336.81658213842417	241.50841520267159	410.53423339169996	260.8076617225861	196.28711609622417	349.08245030825793	470.98542573536207	468.7527775501768	247.91914118666818	455.19457717780926	313.57629308571427	156.60195661045663	308.22918338319573	30.869904656977702	98.8418471871265	380.4832197758551	189.0971192864195	0.0	326.9031447518192	300.8804272162516	213.34023824731173	385.08715765631644	325.9384528639235	168.49039739175242	142.14211872566239	341.67628976487373	290.13140755755455	469.2985653268235	354.43231550211095	188.95142398827917	165.65412573685103	350.6246807670178	371.618243263045	222.83009491898827	275.1800344230475	250.55303816811912	215.57632166431472	320.11210963900527	209.9734091838469	201.8061563368961	243.93292024813482	325.89992076614584	155.4963682517864	373.6208631221119	684.2134908689841	357.70606900505663	253.45496736478123	163.9364131196344	173.82810780192065	202.64875753708668	302.5965256813637	125.93678439748041	372.9505374882591	87.96914558042522	254.68816681816273
SRR5928363	220.56240651265108	181.93976996027197	154.81516844430587	189.06716160691298	188.92372031096636	132.38190057992028	102.04069960734823	143.17442048010898	92.825585702782	194.13477585358967	110.21554657929951	160.84633907946582	230.3581197073754	198.6928128061258	158.87599701214532	94.58138357053926	176.7499610851405	35.328755909353916	348.7681472410101	234.0615374474544	212.5272680453659	157.46199339518608	326.9031447518192	0.0	243.4093377402319	114.64012558149416	159.0747624883464	79.90438242847648	252.43515042531882	207.44243317885616	221.87130884809187	132.82235685425474	150.8356414731488	32.01679450360154	139.48826531061394	194.90087830021034	33.20200850776567	141.80702414839797	123.70664801000966	258.9583384151043	192.88642374418325	159.98732023680824	19.03744273065279	214.64220760077404	130.96065305130625	103.27097972554195	69.546655531701	207.8621606862762	107.22844913757827	366.32372808671494	98.19465975748825	179.83138905539235	264.79075364754675	238.91227121835743	173.4768230476928	194.71739322853512	252.599972183434	235.95162021949955	263.3346922112803	232.22538463377145
SRR5928168	371.2205091477124	94.29876262769402	101.75609118115939	254.28338517550355	60.875098198847276	129.01348486608475	168.969644607536	386.0159350869772	162.24293869595797	117.45074549710378	345.580819922907	282.8879510628326	207.09091083116218	65.54013991016303	253.11115121530042	152.15565147894037	251.25265880765562	208.74671278166633	301.5882139980783	219.3709928140821	104.54720457445212	160.37654052992286	300.8804272162516	243.4093377402319	0.0	226.70086882700167	396.91376101955956	171.29536329491873	133.43658562339664	175.0721593360586	55.42526115801521	110.98562473372806	297.91406428963353	270.6399814009372	199.8650924892149	152.89321577117354	235.60294387372957	152.0500482761522	159.61151128693558	34.76561406050191	67.49789398333668	305.7087011810411	224.98577110455315	93.81264098419942	186.25795790139398	267.3596250793659	302.846382696963	156.47077493522409	348.9164230614159	568.6973256728392	178.06265354307854	75.97972445989946	140.8507638055284	127.54190091380701	308.25549483391137	392.58634474461616	325.4127895351853	454.46470318867085	214.98370646742822	394.7198015602437
SRR5928192	334.78768526668415	210.3078394137759	178.8952498137836	285.3489977147284	192.71804399857172	173.58477631389317	64.93727933128574	211.82296418230055	81.67423507157224	128.69487942465196	153.55605627022686	268.7144037049683	303.8610846252649	163.73066587427417	259.3739054750403	135.15304222522965	64.05885047938077	102.55137549209044	236.65060312751382	125.25216654376132	247.1111344807758	76.86821397841219	213.34023824731173	114.64012558149416	226.70086882700167	0.0	200.3069651939039	137.93152103920062	174.6073511181486	111.52634968590084	232.34693370583983	140.10642205757674	262.532171360648	141.16888872541352	37.451864878252636	109.8352446420685	141.5438093179905	201.4814237109038	67.45316091394201	226.3751466272883	160.2348947133631	80.55517518349593	110.70129491112324	156.98340215341122	43.97260970742675	47.403186846137935	119.74001891240833	120.18170785383356	171.6257901132092	472.8069410279091	170.70506476247544	150.94853370339598	184.92767440870983	163.24985603037422	86.48414959363235	167.61549393500155	144.1296493474538	234.13617904934554	158.2749111846986	170.5386624672564
SRR5928273	279.3043792094639	340.9829093758771	313.3224756263126	314.03016834190834	345.71668128624844	291.3905408227313	234.71726610519346	52.45067678132918	235.97267276522672	323.3041344948959	53.41327570632364	267.0514655635216	374.54267283265705	344.1812120282416	281.56620315018455	253.14051156894215	236.34690834573053	191.04387331128387	413.5195289733774	316.94853000426656	371.0191540791204	274.1673686452767	385.08715765631644	159.0747624883464	396.91376101955956	200.3069651939039	0.0	238.62328908776627	374.11159260025914	311.328099142382	380.23879268882246	287.7587576594573	244.3171676568416	141.44542638726227	237.72010165011534	309.50036998019215	180.73227947948578	297.6467198413526	251.57990074254863	407.4891639896312	338.96925437924745	169.59187842838838	177.0317124796823	349.42810966922974	240.0268324930783	155.01293677483395	94.13379059789753	320.3055355144697	56.46422824564064	325.3286628953991	253.4273240698558	326.68603191445976	384.77402725014036	362.0390600807723	183.12189172898346	108.03622402829882	270.4816981355838	97.3892363452754	352.0772920291593	173.51574386354196
SRR5928214	228.9649347572305	103.47825939103126	78.69513884781492	151.07404907413513	114.53053879306954	53.16266301600705	86.50711001069624	220.4158907343446	66.00473986598004	154.44780755723602	189.91015548661946	147.38944550956217	167.49570213140396	139.2775051376101	129.30557048485068	21.445327274048108	196.93090449341176	51.124268022864506	342.07504497283605	227.2680875032787	133.35161458150344	137.71649365334517	325.9384528639235	79.90438242847648	171.29536329491873	137.93152103920062	238.62328908776627	0.0	212.55998095973465	188.5834646000567	143.57156307531258	63.87557032004645	150.65772521737887	101.85856463692228	142.77755976723734	168.88664189631123	64.72243523627634	67.57532519116444	103.52021961976678	192.19976325676961	132.67354250100988	208.61770709999269	61.990545617490646	165.72805778142606	127.11112422067754	152.11115186933597	148.06925131767414	182.23311990444338	185.6106931790094	407.6694609990734	33.193416113099694	119.76536432577068	225.14210544284268	198.80807832777901	218.7138234156717	265.4756348192917	280.8499234305692	313.1968792716557	248.3225891047914	291.7033757432909
SRR5928439	440.72605477891926	196.14256973756088	180.65871737562506	345.18851228713964	154.7747866644843	200.80984909281108	151.12722048585474	380.0313247225022	161.1655550152043	60.098726965804595	325.4873023974347	356.363416608718	320.02391577958736	90.74408337928838	332.86855030979655	194.44659648939248	164.72869114609156	221.07154683135465	168.1762795051407	100.72039425476358	222.86839741098717	100.4003738251865	168.49039739175242	252.43515042531882	133.43658562339664	174.6073511181486	374.11159260025914	212.55998095973465	0.0	70.77246242415947	179.04957187963723	156.21576407203958	362.76212740266186	283.7456931654467	137.37038457610336	64.93206527395508	262.10139986109266	234.9251814386609	129.57064175555902	106.82513838612587	95.14081336871942	235.4544159946744	237.74561107744822	51.5384013335596	134.41810663267344	221.17801758268786	287.3773451681799	56.593174730942934	339.52727023658423	615.3368225744223	237.212224583928	103.3795131292839	13.184059983971293	14.844392889967407	231.63207665933737	333.99541283545415	216.72001353741547	404.4026686283258	85.32400945543448	315.39105061390393
SRR5928392	414.3695438837294	208.23232873039174	183.97370988270276	335.4955066510102	172.7536130520099	195.25509912481346	109.96780302587024	322.67642015925	126.25992260447084	60.55817945054919	265.05580280680084	335.74425801064694	327.06327514810954	113.95932316094466	317.1336072718119	174.60241712522836	95.68669311418108	181.10119715889888	154.48510584304205	46.685054952524965	241.29079010492046	51.83664995908323	142.14211872566239	207.44243317885616	175.0721593360586	111.52634968590084	311.328099142382	188.5834646000567	70.77246242415947	0.0	206.62734151199317	148.20825290369228	336.98002222195714	237.8867623070198	74.861803921597	24.32083211469361	224.28334710643918	229.87513611051287	88.35191418964564	158.5849784937844	114.49990549022772	165.49193999658291	195.9251855775849	81.93081940453071	77.69495155467688	156.53501540756181	229.83467117134305	23.40005628913249	281.8355937859167	573.4093371236411	218.87201123908915	114.64107462330722	78.12091598222493	63.33384421902072	161.086250869533	264.4560365035281	152.79657611047708	335.44162722378985	59.7726588208144	244.72762666913366
SRR5928217	322.43140795313303	47.80128580507167	69.65991712786689	201.71573347102412	41.80047474530324	93.00462785558265	169.0725189532207	363.09853425420596	156.2792910359304	147.94335906731877	329.8175439357863	234.5459054291478	151.6667573498623	94.12933713413375	203.60651184413385	127.32606981003802	268.9311348999176	189.2448661673525	345.74686637307985	252.7617816439781	49.16376164976294	178.97570924522122	341.67628976487373	221.87130884809187	55.42526115801521	232.34693370583983	380.23879268882246	143.57156307531258	179.04957187963723	206.62734151199317	0.0	96.3690354104631	251.8818377717287	245.3532758655288	212.8578416313579	182.643214842664	207.3171959520885	106.74598197211647	166.79267825801563	90.05900181692567	92.24324512531732	312.883333272223	203.53357104640816	131.9449708144715	197.04975546131297	266.8901192245167	287.2904860654249	189.49111139569666	328.61846831724154	524.161060755335	140.9605776356513	92.95794677054795	188.24761914122783	170.5217488987554	318.02055024031415	391.0171285909039	349.2907246377505	447.42403657164243	254.61316697625324	402.25957973846005
SRR5928235	286.4736834177934	72.36066333386061	44.79212493542988	190.57667951759421	60.94058519318163	47.565419905597494	76.89608446499528	275.8701562718647	61.367786687237945	101.88842024772754	237.1238508418337	200.7218330631555	179.8593879717654	76.45698745754328	176.7269232277871	44.79133291170551	186.13307109761294	98.05612915367722	301.82347438336825	192.45038083454565	107.51197213639139	104.31301977123317	290.13140755755455	132.82235685425474	110.98562473372806	140.10642205757674	287.7587576594573	63.87557032004645	156.21576407203958	148.20825290369228	96.3690354104631	0.0	208.63408020698984	159.9887690169144	127.70770688008216	125.13627668540926	126.30950270982076	82.04892880212039	80.36930920097352	129.00685313232879	69.50074318894397	219.97669642803183	114.19754477100838	106.39837183374168	110.54721636185675	171.20973266299157	194.01528551711698	137.22805215897387	238.38662438790342	470.92739948662916	81.9975170888174	56.99672953491324	168.50784675609958	142.97681804528162	226.40328398896702	295.06646803850794	269.7308123830837	351.6492617400372	206.28398408919745	308.45149353667347
SRR5928251	79.37024634066363	206.85847253752763	200.40758520191437	81.61236773530737	239.92520790854297	171.5035930095434	229.5038707933734	202.7061994809208	211.43962227874619	304.7977621059429	216.2962523156725	28.126490179411032	159.71716488938432	283.7681058034047	55.969464932442094	168.58500326220602	325.3748888035642	161.5570173051715	488.06242410143284	372.1929758447709	214.24317330142557	285.30446927363835	469.2985653268235	150.8356414731488	297.91406428963353	262.532171360648	244.3171676568416	150.65772521737887	362.76212740266186	336.98002222195714	251.8818377717287	208.63408020698984	0.0	134.19666198663103	280.6626268983886	318.61582205746095	121.03948958299344	146.3501152705261	249.77934015484095	326.4287054858483	277.41469669220817	309.1072422342531	151.83407275069268	314.54155224234205	267.75656339735224	252.87310152954996	195.07512276348834	331.96441783445573	192.5240370233193	272.38655098696285	126.69468738371974	265.42506800354744	375.30425435962064	349.0912489721448	322.9939658057198	322.6818028032939	403.07312938788647	340.43950030722124	396.34752277573017	371.6742595091313
SRR5928391	198.86921726835425	203.57275033053958	178.8268758584989	184.98121466299776	214.8888644571769	153.52638983594244	133.78380693232103	119.64983735338856	124.19086947568526	225.66642170669678	98.09096682258426	149.02450339001413	236.13143355046674	228.70384458333746	152.9837393440725	119.50281087500487	202.30205411469998	64.75087770406485	377.06184158277665	263.1714719043915	231.0840469499882	188.36529267138692	354.43231550211095	32.01679450360154	270.6399814009372	141.16888872541352	141.44542638726227	101.85856463692228	283.7456931654467	237.8867623070198	245.3532758655288	159.9887690169144	134.19666198663103	0.0	168.76184152233463	225.89640379960846	39.602809345143754	156.45408635409882	155.23731009185317	287.83294622904316	222.55521947125752	175.7534917707734	47.52487932758581	245.60843839270538	160.76110066429467	121.40234610214833	64.3769976822825	239.15669836462243	86.18556880043165	335.5737255235132	112.31603951638121	209.38357889077503	296.009026509208	270.07250353396654	189.99127000945666	194.48442101141572	273.57656188231914	226.58354125652988	293.03284096352263	238.81044813841453
SRR5928256	355.50956680882695	197.4902712631104	167.21501067628205	293.5459329170331	173.47603484531774	168.00866744138213	58.32786790427274	247.86274413627515	78.37999909336664	94.13729801696763	190.42901251420378	283.59845000579304	302.08074251218255	135.06277823963822	270.36067749485255	134.7250438489633	59.12049898777099	119.3381159936204	209.5668942201293	94.59999388057751	234.2872828511031	42.38224178486842	188.95142398827917	139.48826531061394	199.8650924892149	37.451864878252636	237.72010165011534	142.77755976723734	137.37038457610336	74.861803921597	212.8578416313579	127.70770688008216	280.6626268983886	168.76184152233463	0.0	72.71909915541768	161.73679539267386	199.67043823036187	48.012795707986896	195.63253247484928	132.55018627692422	106.9913716162436	131.38460212205038	123.00119199835576	19.555646683736363	84.36840507219542	155.32833463491176	82.75190098416562	207.65251123356583	503.53859076358293	175.8522312744133	125.16470696551356	147.61477975679716	126.3516048789502	108.53437303350258	200.8778224158108	142.70473899029338	269.25015268801656	125.25449859392943	195.65419646757377
