	SRR5928377	SRR5928413	SRR5928404	SRR5928178	SRR5928435	SRR5928400	SRR5928427	SRR5928255	SRR5928272	SRR5928253	SRR5928383	SRR5928205	SRR5928236	SRR5928393	SRR5928260	SRR5928232	SRR5928160	SRR5928274	SRR5928385	SRR5928401	SRR5928460	SRR5928364	SRR5928390	SRR5928204	SRR5928417	SRR5928191	SRR5928436	SRR5928206	SRR5928159	SRR5928259	SRR5928423	SRR5928258	SRR5928474	SRR5928384	SRR5928396	SRR5928380	SRR5928223	SRR5928439	SRR5928202	SRR5928479	SRR5928388	SRR5928461	SRR5928469	SRR5928239	SRR5928273	SRR5928246	SRR5928271	SRR5928369	SRR5928458	SRR5928363	SRR5928234	SRR5928227	SRR5928157	SRR5928398	SRR5928463	SRR5928362	SRR5928212	SRR5928197	SRR5928411	SRR5928189	SRR5928193	SRR5928440	SRR5928453	SRR5928366	SRR5928405	SRR5928456	SRR5928472	SRR5928237	SRR5928251	SRR5928184	SRR5928473	SRR5928235	SRR5928186	SRR5928448	SRR5928391	SRR5928386	SRR5928270	SRR5928368	SRR5928397	SRR5928243	SRR5928464	SRR5928268	SRR5928195	SRR5928365	SRR5928455	SRR5928250	SRR5928374	SRR5928419	SRR5928378	SRR5928164	SRR5928210	SRR5928454	SRR5928267	SRR5928169	SRR5928471	SRR5928238	SRR5928395	SRR5928224	SRR5928241	SRR5928403	SRR5928203	SRR5928449	SRR5928213	SRR5928466	SRR5928421	SRR5928424	SRR5928434	SRR5928209	SRR5928375	SRR5928416	SRR5928465	SRR5928418	SRR5928438	SRR5928219	SRR5928452	SRR5928371	SRR5928367	SRR5928441	SRR5928173	SRR5928446
SRR5928377	0.0	455.9618372413677	1148.9886339520258	1240.918546574326	1140.2844701253991	1265.4428033708002	1192.8501893476273	1317.1485096522088	692.5172863088635	854.3203460601918	1240.860360253151	1339.4698092880415	1170.290936682672	1289.8200469787134	1327.4379852724353	1424.3350697593062	1354.9203411747048	1429.0022043475994	530.9475618402736	789.1239886076403	964.5526866314323	1126.047313309159	864.0514635653662	1068.7609668657913	588.8487190776833	683.240552741078	1238.0495616862765	1298.3701956957448	634.9825170943643	850.221505765577	816.8859714985321	958.8862380082809	865.0980819966928	1106.8507963210386	1188.6392510555174	1308.9686396901172	1628.2665744495027	1613.251284476348	1124.8566421960181	1236.1023274159547	1331.251872099535	1450.8625882845542	751.8312192654034	822.0406060296981	1418.7066247953019	1552.131808779801	1348.9537210610488	1453.7066937195898	758.4124925710502	974.4525193724961	1103.469567240908	1208.2822251343896	640.5109538748409	790.7720058761748	1259.2375665890127	1413.246449005156	1041.1687216171167	992.862400869613	1417.1617677918616	1517.5218771335371	693.7930110389352	744.0175145049119	1304.726235303153	1384.1034758588917	686.1545161576508	919.8612046666625	623.2385370546995	845.9442052903238	1221.15904036615	1343.0409150156381	1134.3378428539945	1251.670721936922	1130.7056386584345	1278.13078060151	1044.426980522787	1183.1682680309505	1005.4473502540991	1144.4024830049611	1075.6352709782593	1146.6939869750902	1196.2987961198712	1382.717722041614	375.6860196190951	663.6222241252955	1350.398514669188	1436.19689960057	1399.920778822462	1509.7789439300602	891.7064734844674	1063.3712342502238	1015.1574100821268	1175.1942816777025	600.2196330101588	776.64223446936	888.2764403729627	870.950974805221	524.0380137126365	725.1462636332105	1469.3307544506865	1540.264499742993	1592.7217399104431	1640.594654327197	930.5915214962952	996.9321357479026	1138.015343112439	1286.4308944065983	695.204837504041	719.462046332029	1526.228298289548	1631.9092835431304	1272.3450011541152	1357.9777013626558	389.1844481404868	584.1443705072812	779.9804324635514	859.8843888068491	633.5163402259217	859.8403530850086	1154.9979703842912	1335.9448437908952
SRR5928413	455.9618372413677	0.0	939.6469796451967	950.9502934199794	769.4507033051889	868.6567740583201	764.4591428827651	879.7051938715223	793.7906149566722	723.9951127737164	841.9832091771586	919.4062971945004	752.7550900058084	853.1171914057189	915.1352107745016	1000.8519529330788	990.8707946806517	1047.0287778490663	416.73525915981196	415.0977616098121	610.4297164770857	715.7677810882489	732.7811315380553	809.1789904492767	722.7363953028602	506.9919530206425	1054.4895859569122	1029.8075634530853	537.1987317220751	546.7220613254068	696.3561117117167	671.0012643024244	484.79930978110025	693.7368225910287	839.0165428351133	932.3600965268805	1308.740930430227	1259.2921842168644	829.788136615496	868.3219156082916	926.6240763657173	1043.8210375029073	820.7915129922637	647.8363651358791	1007.0337980838058	1136.7521589762248	908.7772052247093	1009.5518239625255	426.1946783846864	566.3099915552758	782.4916343007363	817.232722221038	822.465515543323	666.9316387579474	848.3193658227556	1002.0494579105508	1063.3548179733978	828.687363257189	971.9783094359959	1074.8688141555772	755.9965489227905	519.9866612674723	932.2642587872626	984.8303909694771	428.69451883254715	519.4647773996754	464.2848349908038	492.80054600171997	884.2774307473719	979.9614590092065	806.4845572144852	872.8415979972078	930.3361625859987	1016.5798519269875	839.1558410545881	888.6838833687887	749.9565624090185	804.0563902731117	878.7741652747125	827.3730818799669	836.2173459009972	1004.3554327153579	399.46466222040584	326.95900550825763	1071.0518907210328	1120.791693072883	986.6837710003814	1091.8378464732305	670.2495769818211	717.0986319705631	902.221047115216	945.1249868191404	555.2472335538472	466.94295417013603	932.6439546248725	675.7405589974002	570.5367721380371	477.76427681877635	1029.0237880038387	1099.6801665208673	1154.0929977568876	1203.4837129067134	991.9209289031302	872.7253356174195	895.9162693458974	993.0857257168021	814.2556411683095	535.5315627446096	1116.5419065334943	1218.5906108224651	895.2949302230741	947.7249579319357	608.6680999152185	380.51519886768835	740.3552246809479	581.2937198801533	585.4252958886351	590.2244497152038	740.1866740588615	917.6913971765257
SRR5928404	1148.9886339520258	939.6469796451967	0.0	276.7047935244838	602.3221134122674	737.0863179850593	836.1853045925842	959.9798131171399	757.5328397545528	509.9935638239237	668.6418759189611	822.9273129393638	683.7826550410925	844.2562559552014	845.4546829281087	997.8000939033171	687.1068864526623	774.046805360612	909.9451908657472	901.1104674918707	504.20487191743405	674.8752835809157	623.6897936135899	668.9127504678593	777.6273643063009	495.92042202057536	195.9891378748114	281.8145967150432	596.2987931894486	541.7836245388331	422.6314650648224	380.89009521342774	928.6818320911149	1068.5518829919827	565.3353869295505	716.6191741573327	656.8249746665897	746.6762393341272	524.529031728532	696.6345134902821	1043.4460417556593	1171.0660353716312	706.033937618564	445.3542590509623	1155.6448828567216	1360.2703088997318	958.6647640583915	1126.233749671359	555.4990352345433	644.159522722443	446.0035005703436	625.9049703640629	1418.3029991569626	1280.5240498839357	1102.5167588334227	1249.8443800038203	717.5216125777865	378.57620158681635	1135.8874026230724	1279.349808869521	783.0925224034667	557.9570700433455	623.2543873181019	793.9777166853806	809.7653434288017	878.5305179541097	652.6013974608592	646.9405655282018	613.9344671862168	742.928376848685	556.284397846099	723.0584938649191	452.8725222395049	540.3702736228931	366.7044357342771	500.54614872713427	383.51774207968793	531.2167094484546	679.1502387732345	719.8252624733287	1086.0289486528204	1263.9193669896667	810.6196759058536	684.3754415574807	429.38917009838974	587.0007309378325	1082.4104270160024	1252.5735791385835	825.1831765178598	913.4831619383818	609.3644216559594	653.7275613734967	666.194249049061	567.0978984685489	862.4458986870285	630.3311180195595	702.5418670571237	530.6485217639207	1079.663717291831	1204.3548500246984	1184.0971658636215	1293.6555148758168	643.7644300481916	350.2169881409568	432.0109355933914	591.442136276243	990.9204739468616	776.1714793123218	1223.6174336612828	1420.1841893702901	629.7160014601947	802.7339540786948	1050.6201665111278	864.0888775622176	754.0279850740686	643.6117584444014	759.1550825131924	709.9166478459904	1077.229436987936	1220.2899007769997
SRR5928178	1240.918546574326	950.9502934199794	276.7047935244838	0.0	436.97543323448804	543.6057750362313	654.233306341272	770.0030114996963	904.0332486797755	560.2400046146656	498.90691496462864	632.9254608951834	522.2216871566839	661.7764713547704	679.1829527618528	819.0947619110676	442.57031247648575	531.222878709206	1009.8980514537985	895.4253715086794	465.876516055207	537.5228887734665	706.473526083296	633.5179034458174	978.9840152108209	604.6111826486047	403.1686763849996	180.95352232517038	718.4551184254677	520.6854391245637	606.19194516595	380.24900441950626	899.2536933308767	982.0508919523701	401.29202970470766	525.7484052325644	569.8165629224382	584.0302997880493	550.3102998184889	602.7162479960191	884.2895345381454	1010.8436375390531	923.7049089233448	561.0990953808122	1054.6476306364166	1240.4163624703708	798.7225482891405	961.6407299671976	551.3329982522573	530.653002989941	448.3822554218226	499.39362740200283	1532.2576135191719	1318.2685736126227	970.275006329221	1111.465901262394	972.2191394589822	556.6215890643626	967.2370509680854	1113.08157313548	993.0897265505539	661.6713577096431	490.6294159508025	631.988898791997	875.4385292405047	839.5970157747364	758.5600159116657	623.7578693146515	432.5189488634562	537.7935868906858	513.3163968717058	592.4505044231131	425.2640457237054	414.1953182366935	460.20019011516797	420.9184013784706	438.0769198045844	419.89293889602254	795.2532522159423	701.0708370044601	1020.679043512266	1164.551035127134	918.9612058692425	684.8378744490137	293.2624578635246	388.8748296424178	959.1638902986306	1118.8565105521416	899.9277713429045	881.8166335557821	719.1824076997718	637.5869752257452	826.8426387958482	594.5587040899109	1079.596617632596	735.9215161565335	859.1887750817721	572.5126292920138	891.0040542910272	1025.671632708614	985.3257388848192	1105.1975818098333	877.2843196863226	494.9207764778915	393.0746863303619	469.05914683293923	1185.2304295941017	871.7234885067272	1121.3400215565043	1303.384727833861	508.6981114487739	634.810951849694	1197.0146997683798	924.0455136154105	938.0315480208219	700.4283130126722	874.2547592307566	714.2774805576207	953.5080081556611	1082.7525644486127
SRR5928435	1140.2844701253991	769.4507033051889	602.3221134122674	436.97543323448804	0.0	167.86032525818288	335.6720031770783	465.57261775036477	1005.9698688914137	669.7023170004328	246.6280833015721	354.0566119823636	323.00462885461883	437.2299267211582	375.2953858768382	506.8533246665639	449.522839865401	507.4443115175863	910.2665582031867	695.3280122200315	465.49302588237435	452.2979659159596	878.4872005108599	786.0267799137788	1047.8217380795165	619.1702590451002	727.7483493831204	536.1539750301083	693.0434094409659	362.73796757372685	754.3861664035485	489.69119090906315	630.1604525190364	663.5576181117672	120.63850458405689	212.04222018304245	841.7343520901916	791.7486818792478	682.0646638712496	644.6374099841519	476.5525572461742	613.2849161968718	1001.8294428991666	572.8077389923802	881.5698419024698	1044.411368974468	618.6352098869919	768.8578498582203	440.2079650245757	299.6047344514259	547.4698450891904	487.28870472216033	1377.3175269004028	1068.6007332345187	573.9647262900205	722.025432811673	1148.7358657985037	716.7435397102402	634.0653901857388	785.42070259863	1045.5387475737148	625.4124600304948	308.6517063186277	365.3300421582332	717.9828168456635	565.4577735772069	679.7787250392762	395.45495651804043	521.271051872332	587.4727221098722	349.97559703403533	292.11186992153006	562.6537946746155	496.6481663212087	723.1378877926977	641.7343924358895	431.1574717117036	228.14071461754867	750.2725947294699	494.90031036578324	665.6170907454015	783.4061627718033	848.4650750961381	500.05588680678386	595.839447767285	601.643956504039	627.0513169386962	771.0165685323609	727.2709277129816	574.288896889533	957.6217673862809	862.6923379394085	812.8037822480228	449.5717892721707	1219.644528588062	844.5868586161248	861.0542130905935	473.5124468478906	556.7117797598235	691.0629384926712	679.32466165317	794.3904923784831	1056.9425498044804	687.2201468116949	433.38413571908444	402.497372792399	1227.1598538566054	840.0015624997055	922.7182276253205	1075.0833827015717	354.92989040971	394.2958923019457	1130.3896495740614	753.4598909049581	940.2735821465449	571.325825864966	939.1644312946049	738.7579876088583	554.7936059635167	691.4178112608674
SRR5928400	1265.4428033708002	868.6567740583201	737.0863179850593	543.6057750362313	167.86032525818288	0.0	274.89370826383885	360.4386615901616	1165.346550980752	821.4343653167074	222.26907750889438	249.72207149457273	321.66066677194374	368.07795828332814	273.7397661369155	378.6840122765264	454.4980360776333	474.1251066761675	1021.6279925662398	758.6116586278001	564.3637485747416	482.3504219453453	1010.8646719368602	879.0983719512257	1203.408973565311	772.8955107615625	850.2560264692391	632.5257065136053	840.5806358720972	496.0198771357398	902.517358900439	616.8327454321881	677.8727769928333	644.1333753092697	211.66687597506495	132.81577685132285	863.9329807122864	790.2137862229804	765.1456606175402	676.6367327146394	372.8799016272757	490.846039541561	1155.5724812724293	726.7372107441038	839.6964511573582	983.3112833390506	559.5054552420361	690.8449173195834	575.4461678244376	376.4941349955851	631.7346022744254	512.0751965599017	1484.0241877530048	1136.7126951794046	502.9831510271716	623.6700149858824	1291.4953067468462	855.6414115235716	517.7315620007997	664.774839622655	1190.9662333754882	761.8892311132886	310.05057622416183	281.2180537516149	816.4973680981815	602.269415702882	815.8520306764858	499.82874088141506	576.7174161861368	598.5876418897176	422.3247485129205	264.7059401259082	698.4680293259927	589.8676145840257	851.7097565026679	730.51517468879	560.4614989852001	307.9322120577175	843.5368129344968	541.541963671747	640.5993056448771	712.0076781818963	989.2040000556397	621.1202055473522	675.0978983664097	641.3856822702899	545.7747311469104	669.1487328728783	810.9099546128182	592.6611652042326	1089.2430361931024	959.0568569833621	957.3568966185605	580.3746535413312	1354.2109182536192	960.3182546614797	1016.4547436096019	626.673006867932	416.334379860062	551.9692227110982	529.8369426832486	650.2941762257151	1213.0935989770787	836.804852402609	564.8510905413862	470.5828701400221	1363.92094413503	955.5535140158669	865.2359810354347	1002.0931483216667	349.5853674815693	304.49017477927225	1267.3772608216016	865.4187079190554	1069.7798837541459	676.4322610578528	1076.3139933657528	840.588650084527	500.47715264306373	596.7006890554866
SRR5928427	1192.8501893476273	764.4591428827651	836.1853045925842	654.233306341272	335.6720031770783	274.89370826383885	0.0	160.1649075703116	1202.0281176479327	884.1668118310506	245.5857130939959	203.27423671849414	230.19948426311262	219.7524753857022	339.36194185937023	392.692089917198	520.5952619946835	521.5045691662203	937.0584591213219	618.7731496553002	516.0415922103535	375.5997442802415	974.1427154731211	822.0133485411783	1204.8656827717712	773.559413653113	963.1520883280374	761.327348832181	866.0369327686773	538.0603670688917	902.5250304087805	596.3398148799683	571.277958435024	507.5337426991116	411.7766685076153	370.77302778530253	904.7190234583994	791.1972227665182	716.3892503505812	573.6672390582594	440.0484684094759	538.6720036866869	1211.0583896180085	813.8759180371652	736.7306174746118	857.9055650333772	402.0160784284981	516.9949471744059	573.5509412102102	359.65874065062644	618.2380658562361	443.4530291684585	1458.111250761966	1110.553709713549	494.6287850366266	610.0815518215716	1321.007015002253	883.00267634665	399.301278398848	539.226978077236	1195.2731367933359	758.6290188642316	436.62265368806555	388.02966187090465	763.2329519213506	505.09362982054677	829.1488443649413	518.1928144072053	625.5889781094689	629.3347401442676	552.4143856209591	422.9111268616128	834.9248519368305	758.423371950062	883.7123180269125	749.1293847600276	649.5290876256684	432.23391325192927	913.2302965173266	625.0751860268715	637.6287640504992	697.1029348221869	973.538198877985	601.7457757380837	799.8807612713524	759.4271868529363	532.5423473086825	633.4956966090343	817.9287209545473	584.9814181966611	1067.2134208793289	916.1310506385854	958.0268018198618	572.275862013921	1322.9676965685542	888.2559453256761	1037.2630559885297	666.7658213642062	392.8318941981101	508.00355103291804	464.749350878317	561.252121303571	1283.497485589307	938.5394846294943	712.6504546914861	650.5951786653895	1321.0978524080779	877.1194793510504	784.9823052581318	897.7843767934176	403.1049337579321	307.8229225629909	1230.848511137615	816.6276492202276	1064.9149759844186	650.1776913055274	1009.8407830609839	739.9167202659686	396.3980886113145	495.8473974907158
SRR5928255	1317.1485096522088	879.7051938715223	959.9798131171399	770.0030114996963	465.57261775036477	360.4386615901616	160.1649075703116	0.0	1353.6889056154494	1035.0139191771575	326.4340441767585	201.57670105572575	319.0267037751046	212.84455737421655	336.7960152355775	328.96681594419346	601.8530241877964	570.8192153212751	1041.3041020313365	696.3963533739267	629.4437784209842	453.90287770464863	1104.9463982312243	930.6493790617635	1343.282109602733	918.5715233285806	1075.3068721264613	866.1270051155636	1002.8445754202464	674.0344428385243	1035.1582521670998	727.3320917628307	646.5172857456051	520.6922539474624	527.735646828839	445.34091590454415	941.646736719362	814.7724531412532	800.1099326563728	625.8730913302054	440.7719044071156	495.6696628871309	1345.668746438468	952.4191706486689	701.062260084124	796.1711723646723	361.08039010273285	434.7698233201584	715.486559231128	488.5235422050556	706.7391503203921	502.7964661165047	1560.42978582217	1189.290583455173	495.0375097093537	565.6902477303647	1440.5290221387402	1008.1503813292499	288.3007729151158	411.2950107224933	1320.5942312830205	886.8349776355257	504.4042527191157	413.74153177409494	862.1115617213028	570.6719378589778	958.6161994163269	641.488087643644	724.3840870819611	695.2232716943734	642.7083175412392	481.0498055905012	978.5680914255796	883.7037559716307	1007.9546743547519	855.1177752027613	768.170797088441	536.7896416547284	999.2689014063984	694.68271497462	650.9885312487819	663.1138825548619	1109.8459145171773	736.8025693644801	900.9454398953117	841.057690159466	495.89476442599573	563.4765568306359	900.6452068327604	632.6287362820101	1192.7697747075276	1021.9240470864664	1087.7078686823036	704.2163922932968	1432.0440584467187	991.1300582798829	1180.9886454077161	815.2482070517214	308.2616588440317	401.50935964513747	325.3708448436095	413.53870176731084	1421.749705630268	1077.3707385357768	849.422166793134	763.5601496922538	1437.0830210746994	986.5192444814697	734.8721806460799	827.3496605368999	450.20766506373485	292.6713976711623	1358.9022566292222	937.5574181351759	1175.558651115297	755.9183031389682	1140.7701401001316	854.8527740300245	399.34288993687966	429.7855151633076
SRR5928272	692.5172863088635	793.7906149566722	757.5328397545528	904.0332486797755	1005.9698688914137	1165.346550980752	1202.0281176479327	1353.6889056154494	0.0	399.46459683753716	1161.408910907198	1300.8652281928157	1124.6523615590036	1283.4304565012797	1296.2059902099072	1429.723982361356	1114.498764318486	1219.7858748578053	850.4859882271688	1050.5678480244385	892.4573034056947	1094.0795212889846	621.9274655854631	882.3557409917186	452.0338001412142	539.685097767298	801.6492098193659	908.4123246310941	489.89596837374035	738.2342733182787	568.9540372108794	768.5892203690228	1108.2608456609132	1335.5921838667316	999.694677225243	1158.4977398462654	1346.4681832131957	1374.8777973442454	1000.7838757612064	1166.9943266899588	1379.2040023176455	1521.6687075973607	497.8785832366096	577.4230007023593	1564.5089838148854	1737.8168989793248	1398.0240201979716	1545.1485825179207	705.5090367394673	942.8669229279494	970.7667435228335	1128.1181982781814	1108.7370190317984	1191.7664295394168	1394.286810915978	1565.1962561318373	814.0231990569289	765.0224647442286	1528.2363412603863	1663.7534301240833	664.160111288064	723.4612473679568	1173.4823348953146	1300.4265547099424	901.5602004924596	1114.8565543661919	646.590577792274	866.06256129108	977.1548745721653	1134.3058559178503	1022.1950419721517	1179.3837568008164	686.3278498208666	893.4257511964956	713.9183863310765	916.4100643449191	789.3349093275458	980.3271019473328	1030.0346309062238	1136.64050093799	1373.0655860238758	1572.9814875317916	476.68601482173256	701.978449825166	949.5949048849093	1080.3975947088677	1500.2041725847014	1649.303467924474	1021.0930591465401	1204.313237472632	690.3696578564563	914.517684209192	583.7655893119368	768.1663831995869	839.6142259311991	843.2368069446669	387.8068747639215	603.1696639636489	1503.210465510928	1613.1760347002405	1632.0517002715287	1721.3156073051694	413.79050189081505	498.58288208568837	796.6462522009432	1000.9680469721685	829.6411001914993	862.8366444015845	1667.4361292988438	1820.6168174824045	1168.4883269208647	1302.4246088785796	689.6601755318675	802.6728202929266	799.2887423508405	904.0686856177668	593.7024863479705	832.3463217705336	1316.3126319179785	1509.217063678805
SRR5928253	854.3203460601918	723.9951127737164	509.9935638239237	560.2400046146656	669.7023170004328	821.4343653167074	884.1668118310506	1035.0139191771575	399.46459683753716	0.0	840.6940048331411	973.0899458379711	806.1996786874074	958.9865707042998	976.0186689256378	1108.4452285788157	726.2333822694355	835.1128097146643	868.5644037334122	913.0864825921323	633.5705163204543	792.0994112085644	522.5222956032121	647.807531201099	668.24393916941	428.20043895893053	592.5839912293917	576.7227277216682	458.75420880728933	485.91620076231345	505.9032712319258	509.5060637231024	945.2395888623862	1120.011559591777	657.5915038888576	809.2083528716755	1048.9384095589535	1045.7068806568166	788.81864813805	895.0516457162053	1081.1407391255768	1225.9489520572283	656.601085041509	422.4841349100207	1313.305450508095	1484.051599149376	1095.3797116649303	1246.6745074397384	469.9382289437146	638.7704087458383	724.4015493912542	826.3317132047515	1253.473611551818	1172.1075206380021	1127.820577180818	1295.810943898593	911.0251405472375	650.0684337515926	1228.7002791502612	1371.6233494768496	800.7025726419371	616.8144545800542	862.6952844552837	977.1532675552659	824.8025246922061	924.7456374422629	591.4075438370227	643.3674251882106	603.8188165267554	763.6293401485526	757.9205129669404	874.4601406334922	360.38364182403393	536.6003935698396	493.8243558518014	608.0753744765688	559.9810197712079	671.7100746416983	921.4381560696945	920.2783772258405	1166.7825950684214	1343.3470201285993	558.3108608364303	517.6094024579326	592.8821924688157	703.1734502487938	1230.4771623349116	1378.6864533055975	931.9904510585892	1014.9775442817114	607.47306623435	695.335656544657	628.4629150432734	585.0547606380923	960.2484946457913	756.4888321835624	513.07744203543	405.2037806523441	1178.3767900546682	1298.5933871710722	1305.016076880274	1406.79403281251	581.7027157553589	293.7303058205768	499.45796615260923	674.6128047332045	994.8031972623754	820.3261689438486	1413.4861968657742	1567.2230098685907	868.0548080602811	982.3793853609408	879.3722647406895	758.1669123115648	851.9534014324954	766.8740756680994	629.2515053116631	665.9133684751432	1067.9997871728383	1249.2379640234496
SRR5928383	1240.860360253151	841.9832091771586	668.6418759189611	498.90691496462864	246.6280833015721	222.26907750889438	245.5857130939959	326.4340441767585	1161.408910907198	840.6940048331411	0.0	162.64955300325377	193.64254483084926	275.85696338829206	302.0965855015408	419.31241677276546	499.59756931024714	517.0334420762094	926.9109952080728	652.3312335475448	445.2778736947715	361.9034090316199	936.5460642241922	805.1757951056902	1138.5886190995282	711.1125507287211	786.8861611901204	601.8691004466705	810.8133497428435	494.14159639969364	802.4989677386371	506.37034515591984	605.7878425669763	581.0794548666213	293.25920138454927	292.25800218094867	737.0626995791581	676.5260481757274	597.707377341708	512.7930769143769	492.9740587069884	593.9695881468803	1112.231048170669	713.186517050847	747.1357303860693	908.6461293485847	446.64753112325656	596.7783806370434	550.936329349272	369.51722658868295	480.11773912870893	360.2230018513164	1468.7483805334684	1139.948575744244	567.5774113321612	682.8960533997686	1179.177990211903	737.1327724693529	499.81315175893053	644.1999030443524	1104.9474987382484	674.6075412780201	218.82656658493696	258.7443228053323	735.4070614953554	524.947806073762	778.1144277106499	487.2384019382245	605.6371301786185	628.8915875722345	394.17270650780563	306.38916887035236	740.285037703549	665.3483819640327	781.0852730005233	674.4842325294261	503.21644086091595	291.05434348640426	762.5058041098597	489.7514407299104	636.3959151016311	728.8015515286338	968.8691704155073	618.5572677023521	677.1263885888409	667.9153134205246	514.1493793127866	658.1319050069294	736.9446759064652	543.9320755032741	996.4020055293781	867.9493478240423	888.0217220185438	512.6107263263252	1228.415859656565	816.9883861821131	986.9589759042116	619.880609299047	452.8271155941368	581.5723022450735	535.4046719876729	647.2336242836444	1174.358989103654	829.0960993154633	585.6219557767789	537.5414342420185	1255.4111074605803	832.2973372623753	772.8729601027021	931.1118925166552	205.37273806280558	212.30217584360096	1213.9398579360939	816.8621200804197	962.1035259033438	557.4783539838394	987.244450049537	740.8303226644441	518.0411830820632	611.8976385442576
SRR5928205	1339.4698092880415	919.4062971945004	822.9273129393638	632.9254608951834	354.0566119823636	249.72207149457273	203.27423671849414	201.57670105572575	1300.8652281928157	973.0899458379711	162.64955300325377	0.0	253.66352053294258	218.94094719341936	264.213193029297	323.6322398889211	540.6892429148342	526.2814314291887	1030.4034600827486	715.4320469978937	566.444710341709	422.80019970553985	1062.2004937507077	901.0041790451468	1283.1426068240512	854.5327963453976	934.7048632327387	729.01950025851	946.1106865731059	616.0826926603397	952.4198595093384	646.1728720129811	657.8819527648395	567.8144840051797	401.5074653794922	328.9729746352435	808.1795935538901	715.1882272307353	713.3020208956831	575.2710658792843	437.8052602677502	510.45287137527026	1261.67610875353	860.0447310627161	718.2515941472593	850.7835666398806	392.4295330687272	511.90739104691977	673.6993525124456	457.72780004879826	606.0952719627287	431.9811666861885	1560.722768392811	1201.0411770245046	523.4222826849214	608.446254231443	1331.7492600158992	891.3078021616417	376.9699550035661	514.5691930071365	1248.3219537844207	813.7802447730933	324.90996655898897	263.78668530884966	835.7321336324197	574.4553255526321	906.964009936089	594.7143647422861	677.4481157255743	665.2701367036465	512.6945612450838	360.04710452204097	871.6875575194636	772.5511238818985	918.9494003966472	780.768164456132	650.1800356152198	412.3643790117963	884.5547201526529	580.5899667478587	635.410495432816	677.6561637469192	1089.5110366100625	723.2497810661584	784.7580070023637	742.7250428226862	460.97033989931555	573.881966064075	836.4101038561412	589.188049578134	1127.60850210335	970.3648770129305	1026.225965472672	642.7803358606983	1365.2775593989982	938.7993033383174	1126.574773347654	754.6275519552538	331.57987771538154	456.94136413354454	380.1773763991228	495.8179195480228	1327.6586282878463	975.7039568671421	722.4651926423522	638.1620193778264	1386.8486276930369	947.8214909001706	731.9500810677046	865.5293939761449	296.2523147770135	164.4626298588337	1334.825673614052	920.3135318030193	1097.6112504967568	680.52561832809	1112.4165392108855	840.683840173757	472.0064113089507	521.2612995389248
SRR5928236	1170.290936682672	752.7550900058084	683.7826550410925	522.2216871566839	323.00462885461883	321.66066677194374	230.19948426311262	319.0267037751046	1124.6523615590036	806.1996786874074	193.64254483084926	253.66352053294258	0.0	173.58422361577126	375.64456018477915	475.3471911021451	458.96672871573713	468.4526319010417	866.3715856093683	570.6689134923059	338.8343448049354	197.0890620539424	827.3892743534868	666.4319683527442	1104.729488213133	671.212635567967	802.0991536988165	620.8590883505414	799.6838137966183	497.9911954293122	762.2043287368762	445.1925046083735	564.5565272994337	541.839526074611	386.70822031256273	399.3885837715193	715.3968713276566	625.2970393726472	508.5157328069818	375.92733094808784	568.2754245524735	667.7746441752238	1104.7152603381605	715.815695605867	655.5765231756292	811.6873262990484	325.51443440964334	486.3971299252878	484.9761618260178	273.8588793444505	411.4787716451086	229.3329721827761	1434.4193761584631	1109.7127754352887	594.1071564295638	709.2429872927765	1175.725136220481	738.2547991048209	495.0082407863088	634.2581233566705	1076.344807802491	636.3722231046726	329.8352365371212	351.8024117257207	698.1873801572048	480.87190590265317	757.0500181750141	470.7574457592862	518.7300770121593	535.8300381873418	475.96112683861554	415.8395480150201	753.9172606590217	691.1460966653918	703.2171278823113	570.5794993572961	550.4166717401449	382.8778035832995	815.6551024049397	578.9115531056297	690.2672192438354	784.4737153521191	921.9231175762861	563.225189417161	656.6996128284486	639.1938373423145	562.5148278251933	692.0749531174172	764.6620783625244	594.002408089613	902.3015494975035	747.9767869603294	867.6498264152365	495.4691760446325	1171.0531159793047	723.889628257807	961.4524556213609	599.5416797998819	476.06045797882325	591.2864578637468	579.6473443386202	679.4711533362903	1167.88331837368	833.0283645141665	637.8005766068252	604.8964611474158	1203.8656159159216	756.8749533200995	718.6230486571216	864.7736012009248	297.62587284225344	295.20153400802224	1169.8987628329767	764.9714220736016	956.2737388423106	558.1999305029725	891.5905965563212	605.581680660956	526.2446827080641	625.3938331094892
SRR5928393	1289.8200469787134	853.1171914057189	844.2562559552014	661.7764713547704	437.2299267211582	368.07795828332814	219.7524753857022	212.84455737421655	1283.4304565012797	958.9865707042998	275.85696338829206	218.94094719341936	173.58422361577126	0.0	362.8946723227847	406.2064497598227	506.18280108504206	475.27382552031065	986.7168508320771	650.0555432710472	490.3891448506383	288.2689002477723	967.3909648861328	771.6070849108698	1266.1169671045614	836.1753312967883	953.2285441941805	751.6247170067098	954.3042634721667	640.8613148846998	927.707341296048	608.298560611938	632.8485486457172	534.4069181313108	497.0479135499188	449.5161063130345	773.4436189054152	648.6132106038257	631.5981903369797	438.27797553914814	544.5626063904201	612.5192574054743	1267.8073938783782	877.3352430876166	600.6960649030881	721.9504635745755	214.91987676566293	348.13013061024816	635.67161744594	397.674602445841	549.4873632428952	317.00805962551925	1542.5910446399346	1184.8259781746563	567.8039836833997	646.4874387727501	1336.7735029938628	902.6784389500118	375.69679468636144	501.4284767013132	1232.8559747556903	792.9774381960394	417.2944778954663	363.31045401046896	816.0071522794599	546.7048705372298	904.7358235056714	598.7187126449729	601.9111504246258	572.2063733153982	594.6896691747746	476.2624867680354	898.101073425782	807.9921331782789	852.5560792382013	685.6594737711021	704.5344157155997	504.3164491654539	943.1177276284918	674.4390531860394	706.9269331936882	751.3408636342492	1064.61058705161	694.695750031988	768.1503159862139	715.3511736003429	519.6880537514392	614.13860041954	876.5332295402402	654.0909688817952	1043.7365664092263	856.8730287773161	1023.5289749081386	647.9681269745748	1316.1614139389972	858.1400854130752	1120.767977137225	756.9126870462651	364.8156115365836	465.70637969055247	446.1573757534104	540.5278139088906	1334.5280926428034	993.7841746708784	781.4453098983286	710.5671698716728	1347.3091093301364	887.427200096125	654.4973863383495	771.7855279777646	376.2832024209211	275.24827119399254	1308.2159664622966	887.1843068968634	1103.316539833737	695.0938591996543	1033.0159942051282	722.077280644575	501.23912591969304	549.8690553703411
SRR5928260	1327.4379852724353	915.1352107745016	845.4546829281087	679.1829527618528	375.2953858768382	273.7397661369155	339.36194185937023	336.7960152355775	1296.2059902099072	976.0186689256378	302.0965855015408	264.213193029297	375.64456018477915	362.8946723227847	0.0	158.78496728730835	613.2928946170206	591.6503145640487	1033.490692070243	746.1453845592333	612.0007544572053	502.6833974019013	1126.7751550646149	992.1810310709726	1286.0606884299284	884.003458042048	929.4768518740077	737.4592249729751	909.3628324409613	573.0258813331826	992.7749867312598	731.1439922701435	668.2314865449048	594.3849177939148	403.0962446130782	325.2418661136459	896.6228624188005	830.3217101146456	802.7885019255355	708.7810848107449	329.07622619794586	397.77034523435856	1214.842219947242	807.9179058753004	714.3706261447103	852.8965091335012	507.50111316558014	610.1359611033527	666.0440445020698	459.51884193241773	649.1385700721335	517.1884301039685	1484.0055335792285	1109.920134013659	440.47536911526674	525.3924861435277	1349.8660455888923	953.6910281941174	388.55750234854537	515.3036644718383	1238.3618447183349	827.7424308407335	405.5371947915035	369.9486039365238	806.1036769877596	556.1306229867487	860.4446083148538	542.1933038700143	681.4400162261481	664.8000925150885	413.5595649821941	211.90570651018956	908.4846964922706	815.1094696217953	950.8715459971494	832.6689454136464	624.0994613959095	389.13427225456417	808.7692411789815	489.7009292619334	536.5043145960433	586.662861958878	1061.1124249754105	693.6796703893554	799.1258170883458	757.1970009729549	442.1302944761186	556.0491150468129	769.3118514378046	515.3255839871243	1211.0703846336025	1083.121783649493	1012.2797891744293	646.3923686762909	1372.1709058064364	981.2551282866176	1107.7276976436117	744.1783519854664	332.3279447020964	439.21074920095396	410.76156153996004	504.7564245337947	1306.0205569800962	962.9043978223065	769.9068304188092	695.9210775834506	1403.2935657062924	1003.1388386303804	744.628936817758	882.4478689621848	317.4283275788542	218.5119889419265	1339.5405986115595	947.48723238584	1094.4665407723462	708.27852594743	1177.6422966183043	945.8028663666423	458.33620230036195	498.08199087138286
SRR5928232	1424.3350697593062	1000.8519529330788	997.8000939033171	819.0947619110676	506.8533246665639	378.6840122765264	392.692089917198	328.96681594419346	1429.723982361356	1108.4452285788157	419.31241677276546	323.6322398889211	475.3471911021451	406.2064497598227	158.78496728730835	0.0	693.6033905564925	651.4255784598656	1139.711576968913	827.1441250187237	740.6689016814419	597.5860578370799	1253.1557436353655	1099.9126529413797	1424.166526415606	1023.4893577301061	1077.6303481552802	873.7866831568716	1041.788109992693	704.5531336045738	1136.3443541709823	866.6482789159588	744.6227587816186	622.711305949726	536.2742468913013	428.2208565511971	995.4472338368593	906.7753601550555	924.2445298497194	798.0001533860335	321.10607797374314	334.76040616578547	1357.1798810103778	953.7735484298531	723.6672653202628	824.2373526250492	525.4870934184399	585.6450907751159	796.5548910212576	576.1072389324197	781.7218375837335	618.8523903048177	1572.9938969418697	1175.6790384368321	435.51741899408773	474.37465743964316	1498.5767367911376	1103.291894174017	314.1098374776304	411.4938710986822	1376.366298938689	965.1883630121407	530.5601971775089	452.0366795542192	915.5181928268005	635.4559735063069	992.5574669743803	669.6086852345695	781.9237655156395	737.8472204558772	565.5967735674304	354.3363383304638	1042.8655078716035	937.5990683413559	1090.3627307937043	951.9407750851461	771.661338400776	530.4257561007664	942.5507258797252	614.2426406491004	568.1394206411795	557.9007370487752	1179.672404554883	807.7560515554666	921.4639729388242	857.5884844977401	441.09064795375707	507.71128772360277	880.5080965397723	593.7423408845262	1340.6460954825925	1194.5030000812608	1146.388835098084	778.8191622137413	1505.12082881073	1104.1051692295698	1242.873469509767	880.9417246193133	265.7804474935211	344.5518337517565	293.96736675964496	372.89428610926547	1452.059317728332	1107.5490143062518	907.3729105317047	815.7730759752375	1530.6639342382798	1120.9122090366056	743.9825923461208	848.918816563227	443.2324457248689	288.9301074511894	1455.4182226220028	1055.2662383007446	1225.414666088124	833.1617813887453	1299.6916339067727	1052.8784604147909	449.96810262528237	433.39514643887674
SRR5928160	1354.9203411747048	990.8707946806517	687.1068864526623	442.57031247648575	449.522839865401	454.4980360776333	520.5952619946835	601.8530241877964	1114.498764318486	726.2333822694355	499.59756931024714	540.6892429148342	458.96672871573713	506.18280108504206	613.2928946170206	693.6033905564925	0.0	131.01717367087306	1183.0079410470544	961.4184925221467	599.0501751155176	504.32836003078546	848.8613236390496	640.385348305909	1255.4833434084735	833.1274735193128	783.7341949628592	502.7448166812328	944.4407459831542	653.5496323621976	902.5633217956729	589.8927333908453	946.5809933667019	938.2147744664318	436.95848254256896	441.0209935084296	703.3188283416125	569.3019966139947	732.5212895238299	609.9502786039752	779.104570041002	883.2396805720339	1229.0049965865128	820.5031536068491	987.9512568181271	1110.3830983977691	657.2243564601764	778.3986239361767	667.4587134635633	503.2403293280575	651.9540996898927	510.27634767682434	1689.5680132514226	1397.3206928835996	871.9225842664963	980.2444985796191	1346.6114972324522	910.0119798263465	817.0748506370184	946.9694732160688	1289.6849844272865	891.0001838870992	555.6691260114558	567.2158130573243	1040.3608195921113	886.377441155212	971.1171421444878	722.6820685785066	297.25600090150596	291.5002637428198	699.2727399187631	630.9595006352301	588.4135685167919	455.3237682997146	694.3435411785779	482.07798080398294	710.6949118978325	541.7956157990945	1091.0452500772842	880.2383423062844	1050.5355929751604	1125.7742582120536	1085.4432311906999	761.8660362513908	412.7893188738009	307.2990083141965	910.7250776760563	1020.2339068055113	1108.6499878044724	973.1698770873045	905.3785399167826	697.8347509862176	1088.0667423433836	772.1016792043984	1381.146188962334	960.2843874998076	1097.8433707003344	743.6344929236217	699.5685982792357	821.950394495763	801.0335203811308	921.3882557127828	1197.7663369285326	788.1864623289217	578.0109400338683	503.1479069517964	1453.3992931507037	1060.252688010422	1061.8806444666416	1182.1150469004522	585.9048405829944	578.673258886158	1388.2409302636813	1033.3539874428145	1228.9514307066809	902.5426690772754	1033.9122702404038	760.0806031235003	850.327561177651	947.7845337999619
