" "	"ERR475476"	"ERR475478"	"ERR475493"	"ERR475497"	"ERR475498"	"ERR475499"	"ERR475500"	"ERR475501"	"ERR475502"	"ERR475503"	"ERR475504"	"ERR475505"	"ERR475506"	"ERR475507"	"ERR475508"	"ERR475509"	"ERR475510"	"ERR475511"	"ERR475512"	"ERR475513"	"ERR475514"	"ERR475515"	"ERR475516"	"ERR475517"	"ERR475518"	"ERR475519"	"ERR475520"	"ERR475521"	"ERR475522"	"ERR475523"	"ERR475524"	"ERR475525"	"ERR475526"	"ERR475527"	"ERR475530"	"ERR475531"	"ERR475532"	"ERR475533"	"ERR475534"	"ERR475535"	"ERR475536"	"ERR475537"	"ERR475538"	"ERR475539"	"ERR475540"	"ERR475541"	"ERR475542"	"ERR475543"	"ERR475544"	"ERR475545"	"ERR475546"	"ERR475548"	"ERR475549"	"ERR475550"	"ERR475551"	"ERR475553"	"ERR475554"	"ERR475555"	"ERR475556"	"ERR475557"	"ERR475558"	"ERR475559"	"ERR475560"	"ERR475561"	"ERR475562"	"ERR475563"	"ERR475564"	"ERR475565"	"ERR475566"	"ERR475567"	"ERR475569"	"ERR475570"	"ERR475571"	"ERR475572"	"ERR475573"	"ERR475574"	"ERR475575"	"ERR475576"	"ERR475577"	"ERR475578"	"ERR475579"	"ERR475581"	"ERR475582"	"ERR475583"	"ERR475584"	"ERR475585"	"ERR475586"	"ERR475587"	"ERR475588"	"ERR475589"	"ERR475590"	"ERR475591"	"ERR475592"	"ERR475593"	"ERR475594"	"ERR475595"	"ERR674081"	"ERR674094"	"ERR674099"	"ERR674100"	"ERR674101"	"ERR674110"	"ERR674115"	"ERR674117"	"ERR674118"	"ERR674119"	"ERR674120"	"ERR674121"	"ERR674165"	"ERR674166"	"ERR674167"	"ERR674168"
"ERR475476"	0	0.827188925514213	0.830655005030736	0.785002195727835	0.781243733501645	0.926073442809099	0.972581253048375	0.921735033388399	0.843148451517279	0.799888645390599	0.797490812728871	0.84661068887527	0.932274656851733	0.753950808983175	0.866145729795856	0.8947228772706	0.832624863816415	0.787569002956335	0.863448385801305	0.807934201049491	0.897119806757537	0.856489849297069	0.808267570999212	0.903840411094587	0.808321199322424	0.836917034239141	0.815149791308461	0.790645937852702	0.90676566683573	0.915765677503882	0.806691042989018	0.886118772495929	0.914775471493764	0.837857662311608	0.858953446142672	0.821735827949061	0.843714913046733	0.86497243116977	0.865760683342307	0.854068723360193	0.723432534148701	0.82938119265186	0.817062742495405	0.838603976555427	0.864144804365209	0.860629640556621	0.875534189654388	0.811320512738302	0.92977498087554	0.817481556141733	0.90665605001622	0.731269784234211	0.873956317977907	0.866613677356241	0.821226332607348	0.89597031637126	0.803452070887514	0.846818768565608	0.86592375294805	0.881349590699387	0.921876135943957	0.868498878393432	0.877457837526872	0.853919941141375	0.843671636204853	0.824075336925941	0.920871936825621	0.784281062576035	0.816821129493464	0.883556074850786	0.907995734979647	0.890469050675908	0.898587666292342	0.8661006477817	0.848105041416294	0.91565151519583	0.908522978184709	0.903032813563334	0.881238193526582	0.916193572151055	0.840242498561025	0.786648426454417	0.861444913627639	0.77857761759018	0.82914458599933	0.86205298358804	0.901192635534848	0.891736043643973	0.966664994341968	0.91309879800645	0.827411488610702	0.825301166644487	0.813063466857904	0.739037123956261	0.942263305801629	0.781848410372337	0.854914630229053	0.99523556576979	0.854093516641116	0.815781824454034	0.892563662161153	0.682663369256626	0.904462325397224	0.83917126154983	0.886918039972739	0.93207166724277	0.944560848127356	0.791717997353618	0.912094135598691	0.832970284563082	0.940951978312971	0.943499137967884
"ERR475478"	0.827188925514213	0	0.772133536464198	0.778251585094183	0.811427215778304	0.859462436050071	0.946064036342031	0.923766477686723	0.83057017045813	0.749428249532818	0.802481976278457	0.789564070417385	0.915239062184549	0.843628356123366	0.740540687443523	0.872956762557341	0.845741683401049	0.855897002277454	0.80031194180538	0.781932456984778	0.828674786345039	0.794989387877153	0.72110303147379	0.883935855406744	0.811552948341908	0.834368250115544	0.859097413488021	0.804698129388779	0.861944696839469	0.926810205582155	0.84959909641545	0.794397689876299	0.802002145617641	0.830260235246605	0.898037677075717	0.831060565454138	0.785201252998152	0.870694381830809	0.816364060110528	0.7829481030651	0.771645351534027	0.722108093202813	0.77312904346675	0.918738097112976	0.914238354351047	0.859532605920407	0.882792371183105	0.831892925671184	0.882084930209838	0.871502190078745	0.830894688379016	0.764316901643169	0.849013374396165	0.866624071803933	0.858461576357713	0.870061077450108	0.883202949673012	0.834089658317216	0.802106657619671	0.863256720957614	0.864287464771474	0.838563954763322	0.755974471340657	0.777703780875391	0.914978738099628	0.803471379515117	0.890010628583404	0.845827924251056	0.702115518587367	0.954422261768115	0.847292049485895	0.8115910438671	0.863214894582562	0.830304521763273	0.722724453937849	0.919484955525245	0.864482260119573	0.928243524514338	0.798219738471413	0.836756465043895	0.917696446347822	0.837143215607553	0.751075462608936	0.746722647032973	0.798028821994197	0.832654269287203	0.92764212121738	0.863664366871921	0.94842565357855	0.899120762302944	0.859725528551305	0.849084835841653	0.833803596649334	0.78907382971218	0.947574899084236	0.862862733911806	0.787691905236826	0.99482421583752	0.816307374013435	0.892864608529979	0.861686122556756	0.898257083847194	0.895598683328617	0.894795365045864	0.942552930539274	0.934649425287356	0.93421147195543	0.851758249245845	0.940404127011346	0.921982722274077	0.948389860075394	0.9582153133711
"ERR475493"	0.830655005030736	0.772133536464198	0	0.663371441138403	0.801363064697077	0.932539042705118	0.978185195699328	0.95998339303798	0.810775266157927	0.78472340592917	0.796038124928962	0.859876313515408	0.924044461212526	0.860275876061742	0.798799907984306	0.935857288422624	0.830227018158297	0.781119520261962	0.77887532237399	0.78916874599919	0.834947001907491	0.824093985701689	0.76151407544989	0.887215382121825	0.825922418952855	0.849059825345134	0.863138204900187	0.833836610928673	0.875697870830591	0.929153644855494	0.822207467508744	0.760760640306984	0.768262173952045	0.854893409356255	0.907162038278894	0.759641216598249	0.833653174608168	0.887973052823545	0.7977325866089	0.761745717367997	0.817692736984773	0.751180635555825	0.736871871923028	0.877111046497541	0.918687639086166	0.857948174525919	0.879662758370603	0.846032694630162	0.918028098314918	0.884828832947815	0.892186421483232	0.792685945030611	0.810840111878063	0.810557790653654	0.799663283311479	0.850148561220249	0.894937018247718	0.793267540718945	0.755974471340657	0.882711566106026	0.901759000882759	0.835265436403963	0.792331997784944	0.819074860961579	0.905529593406172	0.783443315274638	0.914298766827634	0.775535951964964	0.739311545537084	0.915191451260834	0.850793690155514	0.81249319350933	0.865649630391149	0.829724841303161	0.786354500160404	0.892649663531471	0.874759468006969	0.940116353864406	0.854511299103364	0.891802298644427	0.900462660893292	0.846868983449919	0.8498738944436	0.710476064597587	0.756879641893138	0.831027393804863	0.929212408984701	0.83712497843577	0.97708567282038	0.940561578775911	0.859051769238818	0.799426173236098	0.811168046585902	0.824198407916019	0.971943076445273	0.864471826348498	0.778738557118057	0.99437434222661	0.83558003969949	0.828693289523569	0.852675034660329	0.856158213007528	0.841709963540023	0.864409219695229	0.912926701969822	0.901658139459098	0.945713375723727	0.77765542162319	0.909007977729452	0.874697990651369	0.925039650438257	0.95450482080263
"ERR475497"	0.785002195727835	0.778251585094183	0.663371441138403	0	0.769868340721472	0.935426441620197	0.973789904033792	0.909158849906434	0.816515196496235	0.73451345557816	0.741015427350863	0.859167628279098	0.906930050858701	0.851832926085247	0.7955883308427	0.91961720257141	0.780068705907129	0.755122324672447	0.799107287462507	0.828037920864378	0.884369094476342	0.75302039608223	0.778489082768005	0.874465682226648	0.798340491046106	0.800342997670205	0.811480560114895	0.833950312473463	0.901270789620304	0.895355177417384	0.772503484741633	0.792866771292564	0.858591611737287	0.883939215143232	0.905603901240982	0.736807315942977	0.852486822271676	0.900570262712292	0.842078962080586	0.741711919630736	0.862147281064126	0.738084297447523	0.782488473209243	0.871794091512178	0.90978436348559	0.838382002757238	0.874144392009669	0.88444965998676	0.90906576349389	0.882394966976056	0.914785001317215	0.820600099253057	0.813739481009823	0.833829274583692	0.740989774884454	0.862388192515994	0.903457842479023	0.799305638770229	0.803923023567177	0.883330773146349	0.934869797053483	0.823452127828377	0.804725105022036	0.798971126092126	0.822742283754604	0.793927051750836	0.893043114773677	0.752579851753155	0.729199729895557	0.899163256943661	0.891543859334404	0.857666662558389	0.819935640145017	0.772881333492208	0.797010876619162	0.889568457372885	0.863030124601707	0.913888465729988	0.879865852921627	0.897654324291376	0.888466485379608	0.870346840711659	0.865635747243198	0.700199838726642	0.783862333197748	0.85621467532147	0.924228663287187	0.838542123532287	0.9580367105008	0.923006756953038	0.84162310617304	0.76945596001102	0.8157364313847	0.865698218732981	0.937991091250233	0.871625837358437	0.797537615262115	0.995442475478242	0.868467797562003	0.836968115141857	0.895180708530015	0.849252735314658	0.86105666730156	0.855303540221935	0.908853852425001	0.888243161385895	0.963101560904939	0.738157312548926	0.932043980861354	0.871399129976834	0.917076818371681	0.965566502325607
"ERR475498"	0.781243733501645	0.811427215778304	0.801363064697077	0.769868340721472	0	0.909030450698589	0.971982985708661	0.935145133587238	0.831200602776175	0.767234155749152	0.843833907660643	0.852799292015682	0.894683334476189	0.88481876973981	0.882061333413744	0.919037594686478	0.83023439989651	0.79071299730249	0.79962441922585	0.785730427975803	0.894933724399615	0.837792086470762	0.797159190453634	0.874503268033382	0.782372511733157	0.862335829139561	0.836537435588444	0.700149709521455	0.903548645635246	0.922549783197517	0.868599016125291	0.867593381654464	0.874639922535917	0.857455437489214	0.891567057529135	0.810794339162679	0.867980641516923	0.865732922143084	0.809408047065926	0.830610745050294	0.813086266399452	0.781436013738927	0.739697248860349	0.874749222247515	0.892110280362661	0.843689668615984	0.88509376541205	0.795193017005775	0.906549636196864	0.82033365470588	0.881572318506116	0.83297763171977	0.882142232567676	0.877981018327966	0.811068922611183	0.87802176518297	0.912122866012899	0.850034429921152	0.8324667840261	0.905397106583998	0.892490881336388	0.854787293193135	0.869178775789075	0.859069325151486	0.925843191451758	0.821477389043238	0.904261576064951	0.72093536746086	0.790772161229509	0.924347268522951	0.893353710591199	0.871938269426205	0.913143406603071	0.860009532155651	0.822970274397503	0.907558122403277	0.896729248688396	0.925435342129061	0.872209361396635	0.929020628533297	0.838236400100276	0.857437831874089	0.842393510394485	0.766844617405911	0.745764432054995	0.810695152856639	0.915800555636789	0.851992915180341	0.968042732164081	0.920189899225258	0.798172989023671	0.854114767170877	0.807451058601013	0.861693112595795	0.946040066977294	0.776808514850179	0.820427486939313	0.991427972937313	0.852884481504974	0.853576177370976	0.872963614862914	0.86123158580187	0.842310370562354	0.843646389884378	0.924247392168526	0.927334959363707	0.950179528129849	0.743554115605683	0.918293273579236	0.893924883721624	0.949266100028058	0.962973944420358
"ERR475499"	0.926073442809099	0.859462436050071	0.932539042705118	0.935426441620197	0.909030450698589	0	0.929852211061078	0.912821505338506	0.933018292331956	0.87742384787743	0.939886022778288	0.88748252042035	0.87985908428959	0.938179672754663	0.879493456644604	0.887993065366123	0.897637935750901	0.941181846481621	0.929960314597013	0.894010673810383	0.948365996386215	0.891341662529979	0.868167261470453	0.876981795050435	0.913038251910836	0.871794091512178	0.927654528099962	0.882408442934529	0.943074458198156	0.946013100138734	0.94280320744602	0.933659689884577	0.916564141079105	0.898541854827209	0.889641622790466	0.931206559059499	0.874827768302084	0.938359067167598	0.918245930386931	0.928735924456555	0.899473695146893	0.896450109241146	0.85366834046553	0.930475822318126	0.915366004218681	0.920978721794226	0.93853232285347	0.903973274995565	0.837248979924667	0.893743360824988	0.84266814841638	0.871247941105729	0.962274396524699	0.936589843245802	0.942721805068771	0.941958425132133	0.959493024313167	0.956711382010868	0.928085489014627	0.879781239141273	0.917197005762418	0.843736550252933	0.883798088792278	0.926897182519697	0.942275376666505	0.942625311942959	0.895957165489393	0.951785325526098	0.922126893768698	0.969740421783339	0.904132021317789	0.942676576108966	0.965023603275146	0.915210496131834	0.895444036609782	0.960630671798912	0.947177409049216	0.932956874122171	0.8835930559947	0.85307965970611	0.908323714400132	0.914508568467221	0.809193896003366	0.937129456555394	0.928584226801144	0.866343354778737	0.916576805622525	0.894620719264873	0.94088239327178	0.839705311651081	0.911132388012359	0.839505554529547	0.886158930449151	0.900804957232014	0.886740895551071	0.905364787859104	0.934539205205136	0.995488746250782	0.916529312057981	0.958238732156907	0.941695664212699	0.937162973771798	0.954664004985014	0.955370904162546	0.944774135521533	0.976181731318883	0.951417702544087	0.943511180642826	0.962617031635617	0.932858590277938	0.973582502768549	0.973565452360781
"ERR475500"	0.972581253048375	0.946064036342031	0.978185195699328	0.973789904033792	0.971982985708661	0.929852211061078	0	0.951989778323034	0.978469558700348	0.962634447715088	0.968281089986197	0.96297974585113	0.977683655545721	0.971911716993009	0.948386877173475	0.887352306524173	0.964699903099963	0.98002371513229	0.983463619139538	0.964751939997599	0.984730232277923	0.964043210738975	0.952303709899849	0.97771748271802	0.974984379060753	0.967298232321826	0.975590481558849	0.965130495464061	0.984040250138387	0.973406287901024	0.95492036645525	0.972717902110303	0.947891480787786	0.940382928007362	0.968883672549881	0.975692372300687	0.963333510425609	0.979821633476331	0.966578583534029	0.958750754799118	0.942124471050822	0.939967862391564	0.972208129919022	0.974556276846738	0.966906867744506	0.969843479517296	0.980175223843646	0.967430538535238	0.898581122030635	0.977356544093917	0.942423222405422	0.966471990298705	0.986179475399794	0.979391943973396	0.970815786624619	0.966970196830209	0.990263286188574	0.975120389669986	0.965084274524473	0.937650258035492	0.95535029980614	0.974811480147	0.939252095791251	0.968809105271356	0.978590576106631	0.967211927392666	0.978655294577872	0.983934444200833	0.97591589484646	0.98531931314967	0.941885952394543	0.981004917118113	0.984655158720378	0.969960825716112	0.948899687569106	0.97955487539704	0.973894993219119	0.973269821928051	0.940310239267819	0.914187475471676	0.978582133962223	0.973343745500061	0.918324833405301	0.976763826751269	0.972228074649871	0.972008640027506	0.9446479759292	0.962384761350342	0.951340587601368	0.898319287777395	0.971161370889413	0.974218646243747	0.970049533143868	0.964321032488756	0.9472312222604	0.975980952696619	0.982559751033928	0.997298123291043	0.98554420605321	0.989489923300426	0.987148875253389	0.9843547534319	0.98531931314967	0.990249535627325	0.941036678196739	0.964766393763054	0.987248479815556	0.981676650982913	0.989861615547884	0.956473522143223	0.96052867684992	0.988878100931643
"ERR475501"	0.921735033388399	0.923766477686723	0.95998339303798	0.909158849906434	0.935145133587238	0.912821505338506	0.951989778323034	0	0.960557820306498	0.885469150202619	0.922596750429372	0.895802619156116	0.916234758994057	0.89055205764765	0.926200972015455	0.89246110460531	0.811499610503268	0.929039190934117	0.980508945316152	0.867897679560035	0.986453865227578	0.910018345602935	0.894422940436217	0.932040904508138	0.925114449150945	0.901498675547707	0.752894558029077	0.898171951295623	0.982810986701493	0.871543408849482	0.909011188210298	0.946624009819409	0.960610274410416	0.961192741781828	0.931677770349708	0.925802731692618	0.942845411151475	0.953055196290502	0.934505522297552	0.935570095980201	0.941269533034817	0.94236589937211	0.906294803792577	0.907323082726933	0.885810798627181	0.939315826064069	0.970121060263455	0.949045687380055	0.911976005728574	0.951622298760866	0.927108353542428	0.950048710861389	0.957277697776978	0.963637786735396	0.905271052763678	0.97477746037979	0.988326274886483	0.952472444415562	0.958823859806785	0.962201775282094	0.976455907281331	0.923575866674409	0.950021948767329	0.961570995624919	0.89804095244606	0.946204834345226	0.916671780261524	0.9119376878287	0.94511941818844	0.828419382769888	0.962654765735391	0.9760969048875	0.966054048024096	0.941036678196739	0.922023470301578	0.972581253048375	0.958461158120667	0.847603772294647	0.949525115604316	0.858282289828562	0.921374270111749	0.960359612569615	0.870484506338524	0.939203534252376	0.964928248366743	0.92037227939592	0.840855299977176	0.911388167862722	0.934588194723835	0.892236073097563	0.916377304666035	0.878208483740858	0.870188483749562	0.950221144970297	0.823381181944264	0.929203130866765	0.95049157402768	0.997859170158129	0.986035291929679	0.9574125838728	0.983538868996375	0.937175161326388	0.904876543027539	0.946129946473901	0.924085053528468	0.878764875776867	0.941825550861971	0.911892980200868	0.979933910947616	0.919456612660191	0.914120689705671	0.900765848437319
"ERR475502"	0.843148451517279	0.83057017045813	0.810775266157927	0.816515196496235	0.831200602776175	0.933018292331956	0.978469558700348	0.960557820306498	0	0.78108746112218	0.782292525430354	0.88224334004655	0.907892798859412	0.901081898212645	0.842682599439356	0.915461191248614	0.841753387339146	0.853597447092728	0.817232567561963	0.809220669099131	0.863260206349936	0.828748795551835	0.82541653861873	0.880822790350869	0.80308122435407	0.849009801090942	0.871306359789326	0.851028750468741	0.909967070445725	0.932127035699267	0.84445732737394	0.85285963587757	0.868844106115849	0.87738305758097	0.916380471921738	0.824351278416748	0.87660067026647	0.894419643522785	0.839988485679063	0.807378169804705	0.854896946223009	0.801425066032154	0.803830406432192	0.885874415879074	0.927148715010403	0.868243274182569	0.861228087958398	0.882165825948785	0.89366083071974	0.891636646287687	0.888576447804685	0.862956897239141	0.857726495463158	0.832907829995939	0.854681157360782	0.85412185050565	0.903587556670146	0.818879225206283	0.843772610463811	0.920111268077422	0.908240130513396	0.828611871165063	0.845267128258317	0.824228239428133	0.928674012234908	0.802547729555665	0.932668113797452	0.827281670404474	0.797342580668183	0.92147154310716	0.867607216926239	0.840956766676358	0.882586968708746	0.810397494641459	0.81989432136491	0.885770615566789	0.842628406242293	0.953220733311875	0.877352462913223	0.928472748082337	0.907091163681922	0.87850031913896	0.864638743679967	0.826427863720248	0.79573308386686	0.882213009723374	0.916000268995623	0.886065224053698	0.96679170405712	0.944323426986608	0.839712574250609	0.855946429673517	0.850362496356431	0.863051044972937	0.963298724613204	0.871392258634074	0.822506725275284	0.99315630244798	0.832154174725475	0.875479618670929	0.89101003272451	0.892229453139473	0.880549063656841	0.897139491438703	0.940367785342319	0.943493116527458	0.958165544955108	0.833561434805453	0.932050133514617	0.911947267556693	0.954398671077606	0.966489277181988
"ERR475503"	0.799888645390599	0.749428249532818	0.78472340592917	0.73451345557816	0.767234155749152	0.87742384787743	0.962634447715088	0.885469150202619	0.78108746112218	0	0.726235140520855	0.794632871225323	0.845673400254066	0.869947420559323	0.811411973659744	0.86889932300295	0.779188962247065	0.825282556138922	0.834943340728683	0.748140319361951	0.895901270746038	0.742535604901758	0.714705199185991	0.850448048122539	0.76787328512177	0.789263647407678	0.817809608234536	0.766758475703869	0.917911253673927	0.920881359878915	0.811385299011577	0.825758799476766	0.860387983634726	0.8782933352697	0.892060617471005	0.766282428421207	0.827481949315766	0.885512705279011	0.844003342562798	0.790760328907241	0.831734647574871	0.781676278733507	0.745857773989053	0.88265432210388	0.876675554478245	0.861333013916147	0.858493209312064	0.841992160047477	0.871457533012292	0.861944696839469	0.85187914973739	0.819837972910599	0.854677619160892	0.850426661374743	0.838829502353711	0.867157397476678	0.903885782877484	0.798009337310336	0.831277977428914	0.866454271946775	0.904119064158082	0.787497628905764	0.81602008098821	0.791903050368058	0.894037068083443	0.783439323239682	0.869720038169684	0.802377529759501	0.717271110557528	0.936199272898392	0.868744011765926	0.813636989084905	0.841018362791745	0.800327469938777	0.76259708357114	0.898286549742358	0.8491634331833	0.919941385709417	0.85760330323853	0.873740810498815	0.848763189437271	0.874544267868798	0.722913645398084	0.768323555012193	0.787505559770807	0.834536806797713	0.882479186385093	0.82170212495471	0.963872392157959	0.850815063249156	0.833488032571794	0.798655891330693	0.781980478413567	0.835722652631182	0.920608024502654	0.828486020526821	0.801510307395399	0.994183365075231	0.851861371850099	0.839825132918384	0.875503494127924	0.881049105121782	0.897316621953613	0.886767637944702	0.931970143492151	0.944708055687598	0.931175746463362	0.810920205651899	0.933334484177333	0.9068849307556	0.955671046886664	0.94878941593111
"ERR475504"	0.797490812728871	0.802481976278457	0.796038124928962	0.741015427350863	0.843833907660643	0.939886022778288	0.968281089986197	0.922596750429372	0.782292525430354	0.726235140520855	0	0.852241698502232	0.909511791939478	0.891891730330093	0.814331310004285	0.873282155078621	0.810321148020742	0.772942255054793	0.814331310004285	0.804755932826318	0.905406801829331	0.771588371337879	0.775228524329128	0.877542802646119	0.820341161833912	0.837055671965771	0.837824875316216	0.844349268098052	0.933911128108834	0.926029889312789	0.800750456905336	0.831366393060231	0.886048489109631	0.87835442042271	0.870518917502689	0.775928102589839	0.839836024533734	0.87016093887614	0.820720147592086	0.818295695411733	0.868947633357231	0.809851400762097	0.83676376460548	0.888643081110571	0.900413744012576	0.863901154969371	0.838909506584613	0.897981992800687	0.915239062184549	0.895835504978154	0.896558497799022	0.856715534202135	0.812067031945913	0.834481848018812	0.821866876823246	0.860692664638456	0.92289411450253	0.796061583225358	0.843624749303665	0.877726283415418	0.909476508014013	0.810328783123793	0.818687288705355	0.818193989314904	0.872641466403535	0.781580184106139	0.913248540951555	0.786171717436287	0.749883668390847	0.891016667264917	0.88145421632222	0.85170845928936	0.825967034532989	0.77235309310781	0.795940372186678	0.883902256929288	0.859392257544479	0.925211048749942	0.880582864320394	0.901261020967622	0.896272700208395	0.89362451357223	0.819762833267011	0.77270665814798	0.829865198824632	0.902584716663904	0.918564627914032	0.886329569451579	0.957638293385816	0.897867330982859	0.82004080216678	0.839915890131484	0.8203261474823	0.890638371724208	0.95972367195304	0.894976542893421	0.810386043273041	0.995153867419787	0.884160913036412	0.835444707951815	0.881892755896013	0.879716924118259	0.872401448953584	0.844345665774126	0.909450845543139	0.941798367922455	0.953392127193478	0.835188588843332	0.917939677666026	0.875435275846589	0.957664668638454	0.95899926995002
"ERR475505"	0.84661068887527	0.789564070417385	0.859876313515408	0.859167628279098	0.852799292015682	0.88748252042035	0.96297974585113	0.895802619156116	0.88224334004655	0.794632871225323	0.852241698502232	0	0.911490446159086	0.90600434361795	0.835532494291395	0.879029307628812	0.856440468846391	0.879666143883283	0.907142709755012	0.818645882457907	0.924618713633489	0.853221565776857	0.828130531532898	0.906088270180636	0.857258223603097	0.86526771995764	0.857642023658028	0.832922525789585	0.949611425754412	0.941051801750337	0.88109976006881	0.878981854686305	0.88067073649379	0.91316570952829	0.897867330982859	0.897916474683488	0.840982130575598	0.921894946827846	0.906059220135436	0.857941138417748	0.878778439419462	0.861315527599297	0.820836421117582	0.923153782476727	0.857170159706788	0.910502017414712	0.914588017612891	0.876934168595282	0.916031962762738	0.917661690089859	0.805626161781145	0.886028406513006	0.903545402924336	0.92406944146173	0.915035893113731	0.928692586652796	0.933282310087066	0.889332266829638	0.861249074696915	0.89861384256151	0.932640458333933	0.886091998918367	0.871416307967684	0.874185417995202	0.92459063945815	0.883562798877365	0.913929827953398	0.887739519925118	0.842205525055119	0.953849887270131	0.897916474683488	0.867555332913844	0.909428389890337	0.885432293248114	0.823142143371838	0.948857965886409	0.924768417816602	0.934229854856653	0.873179419845843	0.880718046565549	0.900645245466083	0.903318365487579	0.741459904067133	0.836610454571129	0.878788611936056	0.881376592733845	0.907915317793927	0.862918536284646	0.968266734198069	0.887021626619595	0.872511183896406	0.860366965144767	0.833741231243512	0.877427246935	0.920350271265118	0.882657689560498	0.821840669380543	0.995798922508945	0.900188670289769	0.899235163477868	0.91513748716133	0.927170446850747	0.925920990115073	0.90618831963888	0.934652486630786	0.942968988336056	0.944981332240586	0.864287464771474	0.947407571447229	0.915733968162981	0.954852604960998	0.9566203620317
"ERR475506"	0.932274656851733	0.915239062184549	0.924044461212526	0.906930050858701	0.894683334476189	0.87985908428959	0.977683655545721	0.916234758994057	0.907892798859412	0.845673400254066	0.909511791939478	0.911490446159086	0	0.965629995842901	0.940951978312971	0.952126035884275	0.8792665120933	0.943812158316216	0.895605263079503	0.900263705101166	0.952176382973311	0.820945172369927	0.886252621080396	0.781820392257369	0.876266973811833	0.807151774108441	0.895467071844602	0.917532124368973	0.96017591146089	0.924553204944116	0.919878452748943	0.931920912906822	0.941469041405657	0.95728649576015	0.953699313645805	0.91615555074811	0.954566731522996	0.945956165614259	0.91238137147048	0.932953803026073	0.95538562106236	0.908702895863137	0.820389955837247	0.935481462764736	0.952170460037477	0.928237327921646	0.900703920487229	0.93111103422825	0.927511831615001	0.955488627751498	0.90474066239878	0.933048998785535	0.923031785409271	0.854957069615171	0.889827818535709	0.785718496780406	0.959627337907424	0.808233093099657	0.938845255541308	0.950375692922704	0.956461773166626	0.765974443553138	0.930225847686266	0.886172315790106	0.922825265849265	0.896243126490439	0.639339088053084	0.935673991990469	0.872336283724184	0.947688412543427	0.949715574290636	0.892179800931695	0.88310538049045	0.844079031468542	0.909976684905167	0.864579632737563	0.837292738842317	0.979684059885513	0.931363675669443	0.963130560271172	0.874322149688781	0.924699808573583	0.898194872892186	0.931742413982879	0.921151417447024	0.863308999598355	0.833906301602529	0.853090303879624	0.954938041921772	0.791225559080431	0.901615837219362	0.776441157348277	0.879313940940157	0.90197042438315	0.770072387321935	0.878361207251253	0.951509632461906	0.996413267391593	0.953985661606002	0.939039606227106	0.970215460850677	0.970069561738821	0.960688945640686	0.94598613192018	0.97336080327424	0.973158916607349	0.980503338356451	0.942878568841974	0.977187266361908	0.96317405627926	0.975301681011371	0.989831339745511
"ERR475507"	0.753950808983175	0.843628356123366	0.860275876061742	0.851832926085247	0.88481876973981	0.938179672754663	0.971911716993009	0.89055205764765	0.901081898212645	0.869947420559323	0.891891730330093	0.90600434361795	0.965629995842901	0	0.905800929683465	0.928698777982298	0.865920283870178	0.871746024017188	0.91776595216758	0.84162310617304	0.874585264717221	0.91401254294979	0.868605921522433	0.955161879424629	0.884281802040386	0.905380947460104	0.888899544761157	0.819672653063823	0.874216185522244	0.920554597968881	0.938827031513868	0.862307900034369	0.897864054580317	0.82255907975012	0.896022916765925	0.90625608468106	0.88627938693727	0.880018125519221	0.891606823603977	0.856585070981153	0.747188505312103	0.855186894965184	0.825762518607671	0.939995139454761	0.925101983421714	0.893723554722701	0.936958790673135	0.747620173631051	0.906691516686769	0.834254630066346	0.896922921290814	0.767914232351631	0.944735089347216	0.901732973901709	0.898522220175527	0.950880628438186	0.834228970860598	0.928810209677466	0.865340649990971	0.945938185012808	0.925285823612625	0.935368357574626	0.90997988968729	0.899901486018136	0.899685999370812	0.896308843711578	0.96944831286084	0.884023201981861	0.879069978382137	0.975618786575965	0.890203344878062	0.918387947533025	0.962111710823946	0.945983135366263	0.846499443072002	0.958112843802078	0.957131042863331	0.896003192205302	0.905196699720646	0.857846142471172	0.925223511949627	0.805264362111803	0.891550487489125	0.839632680655015	0.848180194174757	0.814888454862499	0.955026410286764	0.944846213175548	0.959802477449041	0.946216815416975	0.896154395826882	0.898855914080692	0.888259830454092	0.744536967115133	0.947867594474022	0.829846732653267	0.8766347097822	0.995570390157868	0.831344290406572	0.913732533643521	0.906543186208727	0.752260787329494	0.89048233262606	0.890960271141012	0.949081436253292	0.897680544942601	0.959606901119131	0.861140634887479	0.95209641768939	0.909707415914057	0.922092421484768	0.96070933994158
"ERR475508"	0.866145729795856	0.740540687443523	0.798799907984306	0.7955883308427	0.882061333413744	0.879493456644604	0.948386877173475	0.926200972015455	0.842682599439356	0.811411973659744	0.814331310004285	0.835532494291395	0.940951978312971	0.905800929683465	0	0.884801997322865	0.883895536991044	0.878717400443381	0.856242904388173	0.811339568257673	0.87554783157269	0.819661379569434	0.753066530339059	0.92468733322505	0.857712417696519	0.81645474657379	0.864409219695229	0.871364772426306	0.913531983729735	0.949164840833657	0.839196703654535	0.769137298517621	0.844781383986439	0.860514078295053	0.91689965147226	0.84386996179933	0.80164202020202	0.893898484093574	0.815547256131652	0.815191442988946	0.826565299133396	0.780734699246884	0.847044701111464	0.892411473161871	0.890608495294522	0.875182796220897	0.893373529938511	0.885469150202619	0.901693931117023	0.907046056879052	0.8507509415831	0.815047542948462	0.85586875613354	0.874527184967062	0.872590042695016	0.878903887558362	0.92059859667511	0.864829942803954	0.82004080216678	0.852184843249803	0.865906407346454	0.886864568352344	0.744927977792447	0.798243111831442	0.91713691540196	0.850458741198029	0.918312209695866	0.855995852799052	0.729060324229449	0.930519015969722	0.859665904889624	0.821421191669819	0.843191767528792	0.827559817085898	0.768077994058735	0.927583184604304	0.878961516481058	0.92676671182594	0.846628629737247	0.848598722949639	0.944350480355811	0.910562846379435	0.796768812353548	0.829769168368523	0.836610454571129	0.880177121592886	0.923153782476727	0.897519923872963	0.967269465614833	0.911892980200868	0.892110280362661	0.867700596168882	0.852021353018405	0.853359890390284	0.965667511075896	0.912422848560231	0.789291324183019	0.993869459378045	0.833161280576083	0.899754572460478	0.885834237407326	0.907335964232348	0.878042137500681	0.920538883275926	0.924933667773412	0.959092797861707	0.952954666124422	0.852294995186191	0.944918280983645	0.898682549348701	0.959034344886453	0.964228441797183
"ERR475509"	0.8947228772706	0.872956762557341	0.935857288422624	0.91961720257141	0.919037594686478	0.887993065366123	0.887352306524173	0.89246110460531	0.915461191248614	0.86889932300295	0.873282155078621	0.879029307628812	0.952126035884275	0.928698777982298	0.884801997322865	0	0.869575292636149	0.922045410271246	0.960927800090246	0.873049261652755	0.967240697305157	0.915607112249882	0.884466443003505	0.950693561945087	0.915194625452439	0.923716487887013	0.923347669647187	0.862503374978523	0.972655275802635	0.943258226801773	0.853437904939215	0.940110293802335	0.888919523970786	0.889555153533732	0.885345167119153	0.939876928707866	0.900231082528203	0.933334484177333	0.911928107932017	0.907789843331114	0.891719478655985	0.886981530849965	0.911368988542334	0.926633101814992	0.89966640548947	0.918204896267982	0.955303201082056	0.920956738381298	0.823761949028056	0.94106994944446	0.872020640261898	0.913481038626106	0.958607439200463	0.952898479092822	0.925734254386982	0.960546163119971	0.966186673210342	0.95077077207391	0.927604898847024	0.907168480968256	0.919484955525245	0.940558551298648	0.896210264945025	0.946001114434197	0.930037518037518	0.925531884062171	0.958206531054967	0.936098532458663	0.933751693235972	0.957054766003893	0.906398041355712	0.94019512836565	0.967881850196963	0.938760204724229	0.877617561312315	0.962643155535534	0.956925656665691	0.928773068354855	0.885720382665252	0.81803951324175	0.932637385416187	0.933328346313969	0.800839672928634	0.92914745878248	0.924247392168526	0.925815181173907	0.861539311903504	0.925385507246377	0.941481130405486	0.881032219120199	0.8861120792222	0.900009197694049	0.895286054827175	0.923888308371067	0.879334266359957	0.937214768948515	0.927533548747292	0.99647846340823	0.951764579481003	0.941985599849321	0.947314920766525	0.934471837260233	0.939858740098939	0.93779331289574	0.88413068669205	0.916624295023523	0.953663878258317	0.926732535687094	0.963232045280402	0.89942795735952	0.918290117495339	0.959805395941821
"ERR475510"	0.832624863816415	0.845741683401049	0.830227018158297	0.780068705907129	0.83023439989651	0.897637935750901	0.964699903099963	0.811499610503268	0.841753387339146	0.779188962247065	0.810321148020742	0.856440468846391	0.8792665120933	0.865920283870178	0.883895536991044	0.869575292636149	0	0.845712933586976	0.808623725850611	0.842689824815513	0.932523675019507	0.798757095829337	0.780136943482023	0.828130531532898	0.794961971006956	0.820476273801759	0.870959195295536	0.831510039932805	0.948407757131552	0.830854133488907	0.849467003894673	0.90479890108267	0.910668480544398	0.908047195763456	0.936345770394916	0.830227018158297	0.915955894607879	0.907203914401934	0.874144392009669	0.849149143556027	0.875394340904679	0.830367255255179	0.791091546425369	0.886466711919794	0.916212581852198	0.891109542496172	0.904303674762532	0.886931407075156	0.88665063048616	0.911333824699674	0.87703622033888	0.885948068884902	0.883112109946918	0.877794224034337	0.872644894483975	0.880018125519221	0.938738939889678	0.817383482246813	0.8727682914964	0.944248271462906	0.944500751605703	0.772735097057811	0.881656661940816	0.875390929525	0.896006479681019	0.858117015116609	0.880930892407069	0.805906982736408	0.844280820102934	0.918274336799599	0.926549190153283	0.886630569594974	0.871509060082976	0.827166664557683	0.866163068077558	0.895118149659215	0.877549599300024	0.89992433571206	0.909290427732128	0.878137198535419	0.882229860106126	0.902012699315279	0.844709387114064	0.846987329804505	0.855836977554478	0.868868264167292	0.848766764273892	0.84019533315189	0.954799568096665	0.905077067108485	0.832213031618337	0.779739452705861	0.84097488386052	0.893522152418188	0.896430399942848	0.866669112207529	0.874510101546728	0.994791511329344	0.920432011228332	0.912614240294708	0.920856231371088	0.885810798627181	0.921640944497123	0.92560350073898	0.938930292727044	0.871340720896249	0.946914243025908	0.842306755516141	0.961483730727859	0.916288613988729	0.915955894607879	0.949801853147546
"ERR475511"	0.787569002956335	0.855897002277454	0.781119520261962	0.755122324672447	0.79071299730249	0.941181846481621	0.98002371513229	0.929039190934117	0.853597447092728	0.825282556138922	0.772942255054793	0.879666143883283	0.943812158316216	0.871746024017188	0.878717400443381	0.922045410271246	0.845712933586976	0	0.873740810498815	0.794895381984963	0.924200568742383	0.88222312001399	0.852561404377538	0.922725106640166	0.822241141600961	0.914791354439865	0.824925120045641	0.772942255054793	0.928085489014627	0.918107033112622	0.828363845514504	0.886941432191279	0.906175411059742	0.892616587662153	0.845083672884503	0.807876704620361	0.818088497832186	0.885335113227742	0.856666173241556	0.807466402475505	0.843202596024837	0.801928589202098	0.832922525789585	0.840539915059702	0.870983263088654	0.858412366054933	0.905697579347861	0.894670152915957	0.924780891283794	0.863183522781282	0.923735234606106	0.884157554634571	0.868429807560242	0.883821612329258	0.754264823980458	0.936220639629972	0.92333516290443	0.838563954763322	0.869568399066974	0.891444427500546	0.948655270590637	0.887525918279776	0.890515536110272	0.911892980200868	0.906268991356167	0.816390511764518	0.952090493849493	0.746875147876993	0.84286681835348	0.886931407075156	0.910866889345214	0.895197170213337	0.925301400399452	0.890246530729535	0.851078599385783	0.934897337114063	0.936071054481799	0.874469099221902	0.882475817852438	0.933260825154583	0.818265562096982	0.891994393355708	0.86340308903509	0.757775171720556	0.84782581671722	0.878045532815039	0.931628512806326	0.913226241425808	0.97237905964072	0.943267262953272	0.836069896962885	0.833432974833704	0.7972801562353	0.919664425814385	0.959714915049736	0.898365117757876	0.820206018908934	0.995622091101683	0.889049371321723	0.78565088224408	0.853150617131191	0.823955970752906	0.824176033288509	0.806691042989018	0.857145499383477	0.907725486267832	0.941206037326327	0.742262585278642	0.904122303476734	0.810611213058375	0.937555881611224	0.95055099031061
"ERR475512"	0.863448385801305	0.80031194180538	0.77887532237399	0.799107287462507	0.79962441922585	0.929960314597013	0.983463619139538	0.980508945316152	0.817232567561963	0.834943340728683	0.814331310004285	0.907142709755012	0.895605263079503	0.91776595216758	0.856242904388173	0.960927800090246	0.808623725850611	0.873740810498815	0	0.855148007929989	0.845004517274681	0.766471249758779	0.803791811725836	0.805079528789906	0.813648377951143	0.826446437954633	0.899705592554341	0.832944568786142	0.87303213333617	0.931970143492151	0.835210546323961	0.868267457904441	0.839218510285231	0.874472516196409	0.939440229766686	0.790898358260552	0.90595591858897	0.843603107912951	0.829865198824632	0.829322049954214	0.837824875316216	0.794695570756066	0.797432304438649	0.899754572460478	0.961207295101948	0.8657537431699	0.82773405510006	0.820836421117582	0.911241109133732	0.853164807562625	0.909454053418049	0.831576326579494	0.810321148020742	0.793499236869767	0.837970581136948	0.779116598115699	0.90781880153542	0.756650345428936	0.838112609139856	0.924000742985175	0.87197602421919	0.727031128752034	0.809748235853115	0.706859807672856	0.943348581363202	0.787378653478818	0.91601294672487	0.747370519408996	0.725039289926991	0.923510230865943	0.900632205721877	0.812869635383812	0.826409288897893	0.739881446032113	0.826453867483761	0.864388349276654	0.79253259336701	0.965684824881013	0.905384179323051	0.918346924187831	0.929938695637115	0.854649312774759	0.894132736763609	0.817296711009028	0.782644386580725	0.898600754582454	0.909838861444366	0.859781639243426	0.966728353084135	0.965575160991507	0.841087197761835	0.840590678241725	0.889511913854817	0.860755681748344	0.976811834188883	0.832176246755538	0.847582279582727	0.995366255500878	0.827233444892227	0.911097208882936	0.908143671661483	0.932314630557051	0.919909920145899	0.918353235674253	0.965448152695613	0.950316256788054	0.957957637218087	0.832929873547623	0.956866960035114	0.934784107756491	0.959037267691133	0.970778643924756
