	ERR475476	ERR475478	ERR475493	ERR475497	ERR475498	ERR475499	ERR475500	ERR475501	ERR475502	ERR475503	ERR475504	ERR475505	ERR475506	ERR475507	ERR475508	ERR475509	ERR475510	ERR475511	ERR475512	ERR475513	ERR475514	ERR475515	ERR475516	ERR475517	ERR475518	ERR475519	ERR475520	ERR475521	ERR475522	ERR475523	ERR475524	ERR475525	ERR475526	ERR475527	ERR475530	ERR475531	ERR475532	ERR475533	ERR475534	ERR475535	ERR475536	ERR475537	ERR475538	ERR475539	ERR475540	ERR475541	ERR475542	ERR475543	ERR475544	ERR475545	ERR475546	ERR475548	ERR475549	ERR475550	ERR475551	ERR475553	ERR475554	ERR475555	ERR475556	ERR475557	ERR475558	ERR475559	ERR475560	ERR475561	ERR475562	ERR475563	ERR475564	ERR475565	ERR475566	ERR475567	ERR475569	ERR475570	ERR475571	ERR475572	ERR475573	ERR475574	ERR475575	ERR475576	ERR475577	ERR475578	ERR475579	ERR475581	ERR475582	ERR475583	ERR475584	ERR475585	ERR475586	ERR475587	ERR475588	ERR475589	ERR475590	ERR475591	ERR475592	ERR475593	ERR475594	ERR475595	ERR674081	ERR674094	ERR674099	ERR674100	ERR674101	ERR674110	ERR674115	ERR674117	ERR674118	ERR674119	ERR674120	ERR674121	ERR674165	ERR674166	ERR674167	ERR674168
ERR475476	0	0.6205551028251648	0.5910547971725464	0.519216001033783	0.4295959174633026	0.7132444977760315	0.8200500011444092	0.2983481287956238	0.3858209252357483	0.467065304517746	0.5156787037849426	0.5572197437286377	0.7147333025932312	0.1318543404340744	0.636096179485321	0.6061514616012573	0.4681916832923889	0.4184553921222687	0.6895870566368103	0.3317224383354187	0.3823094964027405	0.6589949727058411	0.5916873812675476	0.7205703854560852	0.4490740597248077	0.5911752581596375	0.2475289702415466	0.4770903289318085	0.2193068712949753	0.5376833081245422	0.4985208809375763	0.5993958711624146	0.6630624532699585	0.3084888458251953	0.3901252448558807	0.5666320323944092	0.4491214156150818	0.4473564326763153	0.6027384400367737	0.529585063457489	0.3592479228973389	0.6330636143684387	0.5571192502975464	0.4068482220172882	0.328948438167572	0.3256154954433441	0.6549147367477417	0.2193275690078735	0.6918891072273254	0.1986940950155258	0.656511127948761	0.3320091664791107	0.6919981837272644	0.6730172038078308	0.4273457229137421	0.7331063151359558	0.3347119688987732	0.695600152015686	0.6097120046615601	0.6394658088684082	0.7731736898422241	0.6975878477096558	0.7309324741363525	0.6543046832084656	0.2678137123584747	0.6347480416297913	0.7841057777404785	0.4797331988811493	0.6053968071937561	0.3442099988460541	0.4341806769371033	0.6903397440910339	0.7014926075935364	0.6828004121780396	0.5521378517150879	0.7233288884162903	0.7371786832809448	0.4187305271625519	0.7318850159645081	0.5662967562675476	0.4128391742706299	0.2147001922130585	0.6497459411621094	0.4122837483882904	0.4626845121383667	0.4469409584999084	0.5974253416061401	0.6904700398445129	0.7919872403144836	0.7031874060630798	0.3412397503852844	0.5108035206794739	0.3149018585681915	0.2979242503643036	0.6579121947288513	0.2645138204097748	0.4626279175281525	0.8965110182762146	0.5962432026863098	0.3447073996067047	0.2081974446773529	0.1675580441951752	0.5002435445785522	0.3678977489471436	0.4260653853416443	0.3661541938781738	0.7639045715332031	0.4153485298156738	0.7224175333976746	0.3200055062770844	0.4976255893707275	0.4086318910121918
ERR475478	0.6205551028251648	0	0.2464298009872437	0.3012687563896179	0.348401665687561	0.4829198122024536	0.519549548625946	0.6725335717201233	0.4783379733562469	0.2857608795166016	0.2794794738292694	0.362570583820343	0.4813626408576965	0.5915505886077881	0.2353745549917221	0.3746516704559326	0.3612339496612549	0.3885494768619537	0.3131853938102722	0.4513560831546783	0.4761585891246796	0.2513095736503601	0.1585120111703873	0.3921374976634979	0.3253889977931976	0.3158709406852722	0.6540565490722656	0.3478821218013763	0.6878859996795654	0.4235492646694183	0.4124190807342529	0.2213414907455444	0.2896448075771332	0.4926082491874695	0.5462773442268372	0.2673755884170532	0.4011156260967255	0.3707370758056641	0.2122615277767181	0.3055563867092133	0.3784229159355164	0.201640397310257	0.243315190076828	0.5747776627540588	0.6621787548065186	0.4460498690605164	0.3410075604915619	0.531290590763092	0.4487150609493256	0.5898628830909729	0.2916299402713776	0.3775123357772827	0.3463485836982727	0.3300535082817078	0.4114756286144257	0.3377794027328491	0.8184185028076172	0.349160224199295	0.2187255024909973	0.4526893496513367	0.4369705319404602	0.3363415002822876	0.2355073839426041	0.2634799480438232	0.5410498380661011	0.2692585587501526	0.637097179889679	0.3717881441116333	0.2187280803918839	0.7791053056716919	0.4266684949398041	0.280577689409256	0.3477249443531036	0.3235330283641815	0.2093461453914642	0.3970915675163269	0.3938787579536438	0.7555356025695801	0.2653874754905701	0.4886461496353149	0.5098869204521179	0.5989258885383606	0.308670312166214	0.3316417634487152	0.2720791399478912	0.4233168363571167	0.3689261972904205	0.4251356720924377	0.5970709919929504	0.4615166485309601	0.4867581427097321	0.3772012889385223	0.5689997673034668	0.455500990152359	0.5226410627365112	0.5357396602630615	0.3316385746002197	0.7638154029846191	0.3597825765609741	0.5093839168548584	0.5829677581787109	0.721275269985199	0.3873631954193115	0.5183131694793701	0.7021676301956177	0.6121184229850769	0.6421144008636475	0.4058429002761841	0.4897145926952362	0.7199889421463013	0.6015716195106506	0.7190919518470764
ERR475493	0.5910547971725464	0.2464298009872437	0	0.177083358168602	0.3048459589481354	0.588083028793335	0.6042711734771729	0.6501142382621765	0.4302873313426971	0.280544638633728	0.2324639409780502	0.3921174705028534	0.4809389710426331	0.5582793354988098	0.3062111139297485	0.4586373269557953	0.2987352013587952	0.2804451882839203	0.2533519864082336	0.4481121599674225	0.477497935295105	0.272398829460144	0.2117520570755005	0.3901800811290741	0.3026015758514404	0.3234284520149231	0.6268177032470703	0.3343079686164856	0.6559231281280518	0.3828088343143463	0.39389768242836	0.1824329793453217	0.3091575503349304	0.532238245010376	0.5371351838111877	0.1360317170619965	0.4307346940040588	0.3508853316307068	0.2513506710529327	0.2524824142456055	0.4230780005455017	0.2110753357410431	0.2356478422880173	0.5225450992584229	0.6331278681755066	0.4305472671985626	0.3444960713386536	0.5542888045310974	0.5016935467720032	0.5981323719024658	0.3844910264015198	0.4161596894264221	0.2601413726806641	0.2458140999078751	0.3324885666370392	0.3064053356647491	0.7835088968276978	0.2563056945800781	0.1625133752822876	0.5138314366340637	0.5149536728858948	0.3449419736862183	0.3000592887401581	0.2318920642137527	0.489684671163559	0.2199636995792389	0.647637665271759	0.2565553188323975	0.1729523688554764	0.7139358520507812	0.4492898881435394	0.2466203719377518	0.2678081095218658	0.2756126821041107	0.2547858655452728	0.3199311494827271	0.3942518532276154	0.7412630915641785	0.37203449010849	0.5542120337486267	0.4657829105854034	0.5909420251846313	0.4025896787643433	0.2804521024227142	0.2393870055675507	0.4080783128738403	0.3488154411315918	0.4161927998065948	0.6133472919464111	0.5575897097587585	0.4877797365188599	0.3567394018173218	0.5295660495758057	0.4752763509750366	0.5255098342895508	0.5387544631958008	0.2943290770053864	0.7527006268501282	0.3831233978271484	0.4564442932605743	0.5708445310592651	0.6484878659248352	0.3141491115093231	0.4614201784133911	0.678360641002655	0.5454200506210327	0.6426120400428772	0.3364174067974091	0.4115143716335297	0.6729772090911865	0.5469933152198792	0.6952323913574219
ERR475497	0.519216001033783	0.3012687563896179	0.177083358168602	0	0.2262343168258667	0.6033436059951782	0.6568693518638611	0.5860688090324402	0.4093860983848572	0.270134836435318	0.2068152129650116	0.3842642903327942	0.5136948227882385	0.5250800848007202	0.3411977291107178	0.4615550339221954	0.2407527565956116	0.2445541322231293	0.3074906468391418	0.4273675382137299	0.4735444486141205	0.3050873279571533	0.266602486371994	0.4137949347496033	0.2706077396869659	0.3360219597816467	0.5556517839431763	0.255750447511673	0.6551870703697205	0.3183825612068176	0.3243329226970673	0.2438390254974365	0.3864699006080627	0.5366825461387634	0.5011656284332275	0.1521745473146439	0.4004544019699097	0.3315166234970093	0.3093551397323608	0.2463525235652924	0.4182664752006531	0.2655871212482452	0.2783571183681488	0.4705117046833038	0.586170494556427	0.3977521955966949	0.3842438459396362	0.5376560091972351	0.523080587387085	0.5356799960136414	0.438122421503067	0.4130206406116486	0.3204890489578247	0.3260209560394287	0.2757211327552795	0.3757072985172272	0.7823337912559509	0.3308624923229218	0.2573403716087341	0.4928735196590424	0.5773235559463501	0.3724673390388489	0.3637791872024536	0.2966193854808807	0.434093177318573	0.2826353907585144	0.6657567620277405	0.1652256697416306	0.2317270487546921	0.6691435575485229	0.4575132131576538	0.3505366146564484	0.3201628923416138	0.2995532155036926	0.2759662568569183	0.3774964511394501	0.4291311800479889	0.6956918239593506	0.4391968846321106	0.5193120241165161	0.4111139476299286	0.5804864168167114	0.4616759717464447	0.232852041721344	0.2155256569385529	0.4015774726867676	0.3659161031246185	0.4607392847537994	0.6414146423339844	0.584865391254425	0.4364643692970276	0.3105175495147705	0.4891599118709564	0.4797393977642059	0.5451046228408813	0.4938393235206604	0.2890996634960175	0.7882147431373596	0.3921435177326202	0.4164226651191711	0.5813536047935486	0.6074588298797607	0.2669348418712616	0.4102762341499329	0.6408791542053223	0.5003633499145508	0.6454344987869263	0.2434497326612473	0.4404151737689972	0.6372885704040527	0.5197087526321411	0.6656094193458557
ERR475498	0.4295959174633026	0.348401665687561	0.3048459589481354	0.2262343168258667	0	0.5854902267456055	0.6568500399589539	0.4611344039440155	0.3118016719818115	0.2069816887378693	0.2716476619243622	0.3496133685112	0.503237247467041	0.4242759346961975	0.3708544373512268	0.4313080012798309	0.2311456203460693	0.1915895491838455	0.43491530418396	0.2837005853652954	0.3771860599517822	0.3804615437984467	0.3028015196323395	0.4492802023887634	0.2135267853736877	0.3389821946620941	0.4683143496513367	0.1695273369550705	0.5535579919815063	0.3368592858314514	0.3168361485004425	0.319257915019989	0.40371373295784	0.4207899272441864	0.4001739323139191	0.2614079713821411	0.3304406106472015	0.2595780491828918	0.3374534249305725	0.2589601278305054	0.3066143095493317	0.319813460111618	0.2782161831855774	0.3743093609809875	0.4800640642642975	0.3032627105712891	0.4018193483352661	0.4040185213088989	0.5178661346435547	0.436919629573822	0.4269914925098419	0.3222277760505676	0.4482888281345367	0.4401306211948395	0.2109025865793228	0.4891158044338226	0.680156409740448	0.4449815154075623	0.3527576625347137	0.4943364262580872	0.5868881940841675	0.4469757676124573	0.4669925570487976	0.4021859765052795	0.3247340023517609	0.3778925836086273	0.6648917198181152	0.1686159521341324	0.32036292552948	0.5813634991645813	0.3593988716602325	0.4409445226192474	0.4386210739612579	0.409997284412384	0.3069614470005035	0.4830941557884216	0.4872003197669983	0.6031281352043152	0.4772846102714539	0.4749163389205933	0.2947946488857269	0.4749107956886292	0.4335123002529144	0.184722974896431	0.1667605191469193	0.2750584781169891	0.3529748320579529	0.4730382561683655	0.6461116075515747	0.5682259798049927	0.3153795897960663	0.3203328847885132	0.3665440380573273	0.3715398013591766	0.5442478656768799	0.3621160089969635	0.228174701333046	0.7907819747924805	0.3883658349514008	0.3369125127792358	0.4807215631008148	0.5148048400878906	0.2053678780794144	0.3201355040073395	0.542421281337738	0.4088117480278015	0.6484726667404175	0.1865847110748291	0.4825509786605835	0.5364793539047241	0.41108039021492	0.555561363697052
ERR475499	0.7132444977760315	0.4829198122024536	0.588083028793335	0.6033436059951782	0.5854902267456055	0	0.5339052677154541	0.6570408940315247	0.6394474506378174	0.4804531633853912	0.5363426208496094	0.4828433990478516	0.5544964671134949	0.6963785886764526	0.4636736512184143	0.3989301919937134	0.5355879068374634	0.6148090362548828	0.6455003023147583	0.5609135627746582	0.6951149106025696	0.5465090274810791	0.4916656017303467	0.5708085894584656	0.5222067832946777	0.4722095131874084	0.7096540927886963	0.5254847407341003	0.7676642537117004	0.5724431872367859	0.546642541885376	0.5575259923934937	0.5599914789199829	0.5782174468040466	0.5767257809638977	0.5728391408920288	0.5074230432510376	0.5723262429237366	0.5135430097579956	0.5598082542419434	0.5489368438720703	0.5372421741485596	0.4546781182289124	0.7187716960906982	0.6985858678817749	0.5816316604614258	0.5657002925872803	0.6419808864593506	0.3421938419342041	0.6414223909378052	0.4406160116195679	0.5415180921554565	0.660130500793457	0.6127751469612122	0.6346871256828308	0.6322565078735352	0.8614725470542908	0.6641792058944702	0.5565372109413147	0.3682809770107269	0.5998678803443909	0.5109355449676514	0.5313597321510315	0.6056209802627563	0.6758096814155579	0.6038809418678284	0.6152280569076538	0.6536632776260376	0.5758013725280762	0.8202021718025208	0.5533488988876343	0.6070745587348938	0.6589298248291016	0.6185283064842224	0.4683771431446075	0.6662459373474121	0.6656991243362427	0.718907356262207	0.4869814515113831	0.437353104352951	0.5805382132530212	0.6888849139213562	0.3459650278091431	0.6231085062026978	0.5709618926048279	0.4830729961395264	0.5069459676742554	0.5819545984268188	0.65012526512146	0.3641721904277802	0.5789430141448975	0.4313293993473053	0.6099308729171753	0.6018113493919373	0.4976255297660828	0.6154897212982178	0.5599879026412964	0.7528248429298401	0.5693697333335876	0.6668006181716919	0.700265645980835	0.7886115908622742	0.629044234752655	0.6626636385917664	0.6702014207839966	0.7119269371032715	0.6240578293800354	0.6365581154823303	0.7077578902244568	0.7140111327171326	0.6975173354148865	0.6660617589950562
ERR475500	0.8200500011444092	0.519549548625946	0.6042711734771729	0.6568693518638611	0.6568500399589539	0.5339052677154541	0	0.76835036277771	0.7113577723503113	0.5999536514282227	0.5938162207603455	0.6004580855369568	0.600662887096405	0.7797932624816895	0.5237737894058228	0.4823227524757385	0.6242576837539673	0.6738696098327637	0.5988292098045349	0.6856649518013	0.7450953125953674	0.5497789978981018	0.5335392951965332	0.5735890865325928	0.5946676731109619	0.55663001537323	0.8057348132133484	0.6548023223876953	0.8327770233154297	0.5915234088897705	0.5511602759361267	0.5797043442726135	0.5411874055862427	0.6369061470031738	0.6806085109710693	0.6286559104919434	0.6108542680740356	0.6448951959609985	0.5444084405899048	0.5849905610084534	0.622900128364563	0.5399734377861023	0.5771308541297913	0.7871798872947693	0.796826958656311	0.6778872609138489	0.5306466221809387	0.7599711418151855	0.5456608533859253	0.7366918325424194	0.5113393068313599	0.6356019973754883	0.5988370180130005	0.5650078058242798	0.6647114157676697	0.5559532642364502	0.8830521702766418	0.6013966202735901	0.5631375908851624	0.485448956489563	0.5066572427749634	0.5433745384216309	0.5187829732894897	0.5870590806007385	0.7441814541816711	0.5541119575500488	0.6662411093711853	0.7006117701530457	0.6012826561927795	0.8764220476150513	0.629941463470459	0.5876129865646362	0.6067202091217041	0.5815631747245789	0.5409004688262939	0.5918968915939331	0.5631954073905945	0.7112087607383728	0.4763514399528503	0.5003659129142761	0.6929695010185242	0.7845165729522705	0.49825319647789	0.675586462020874	0.6295398473739624	0.6546601057052612	0.54400634765625	0.5211082696914673	0.4281449615955353	0.4770864546298981	0.6769969463348389	0.6190592646598816	0.7442381978034973	0.6876617670059204	0.5758945345878601	0.7209271788597107	0.6444719433784485	0.661347508430481	0.6127339601516724	0.7485896944999695	0.805703341960907	0.869050145149231	0.6792662739753723	0.7208505272865295	0.6936374306678772	0.7426323890686035	0.5934852957725525	0.7141833901405334	0.720525860786438	0.7554998397827148	0.721022367477417	0.7871738076210022
ERR475501	0.2983481287956238	0.6725335717201233	0.6501142382621765	0.5860688090324402	0.4611344039440155	0.6570408940315247	0.76835036277771	0	0.3996123969554901	0.4861233532428741	0.5577837228775024	0.5301273465156555	0.6696039438247681	0.3120358288288116	0.6683766841888428	0.5285856127738953	0.4161180853843689	0.4512545466423035	0.7535539269447327	0.3198842108249664	0.5198835134506226	0.6646656394004822	0.6186127662658691	0.6757676601409912	0.4749524891376495	0.5770954489707947	0.1900268793106079	0.4815802574157715	0.4232656955718994	0.5121706128120422	0.5016438961029053	0.6535365581512451	0.6668328642845154	0.4034959673881531	0.3560426533222198	0.6088249087333679	0.4404302537441254	0.4893062114715576	0.6233963370323181	0.5750564932823181	0.5111241340637207	0.6578404903411865	0.5728282332420349	0.4025241136550903	0.2160547375679016	0.3884145617485046	0.6234782934188843	0.3978384435176849	0.628081202507019	0.3515374064445496	0.609565794467926	0.4931376576423645	0.7332722544670105	0.7103898525238037	0.4332927763462067	0.7530022263526917	0.5061041712760925	0.739931046962738	0.6572550535202026	0.6419329643249512	0.7937080860137939	0.6749405860900879	0.7683932185173035	0.7196338772773743	0.3851890861988068	0.6974253058433533	0.7226887941360474	0.529110312461853	0.6652031540870667	0.2682484984397888	0.45353963971138	0.7103570699691772	0.7304088473320007	0.717924177646637	0.5985345244407654	0.7403772473335266	0.7510731816291809	0.3447196185588837	0.7343108654022217	0.5296879410743713	0.3703450560569763	0.3556264936923981	0.5936968326568604	0.4524242579936981	0.5302244424819946	0.4711011946201324	0.4932653903961182	0.6273441314697266	0.7248618602752686	0.6350999474525452	0.3675162494182587	0.5072011947631836	0.2350547164678574	0.4599910080432892	0.551601767539978	0.4185149669647217	0.529114305973053	0.8392457962036133	0.6328874826431274	0.3437843024730682	0.3938418626785278	0.338970273733139	0.5016453862190247	0.3252826333045959	0.3173980712890625	0.2669491171836853	0.6937218904495239	0.4430130422115326	0.686852753162384	0.2733882665634155	0.412101536989212	0.2524880766868591
ERR475502	0.3858209252357483	0.4783379733562469	0.4302873313426971	0.4093860983848572	0.3118016719818115	0.6394474506378174	0.7113577723503113	0.3996123969554901	0	0.3301543891429901	0.3558325469493866	0.4348772168159485	0.567829966545105	0.3564309775829315	0.4311555922031403	0.4928556978702545	0.3487222194671631	0.3062871992588043	0.4736077189445496	0.198649674654007	0.303180456161499	0.5155431628227234	0.453044980764389	0.5535938739776611	0.3213599622249603	0.4487369358539581	0.3877193331718445	0.3705457746982574	0.4322821795940399	0.4485622346401215	0.3489499092102051	0.4375311136245728	0.4757270812988281	0.3079404234886169	0.3197659552097321	0.4094041883945465	0.3404446542263031	0.3080925941467285	0.4164234697818756	0.38959601521492	0.3281432092189789	0.4624232947826385	0.4312301278114319	0.3108824193477631	0.3843772709369659	0.2413808703422546	0.4629796743392944	0.3680297434329987	0.5217313766479492	0.367577999830246	0.5020825862884521	0.3086273968219757	0.5087676048278809	0.5010550618171692	0.3090156316757202	0.5555577278137207	0.5565541982650757	0.5212717056274414	0.4496758282184601	0.5366191267967224	0.6504771113395691	0.5033015608787537	0.559161901473999	0.4924332797527313	0.3051159381866455	0.4689501523971558	0.7340183854103088	0.3509661555290222	0.4214822947978973	0.4642456471920013	0.2784117460250854	0.4808138012886047	0.5271348357200623	0.5031894445419312	0.3925380408763885	0.5563554763793945	0.544603705406189	0.4969688951969147	0.5692924857139587	0.5222039818763733	0.3392674028873444	0.3553814888000488	0.5135238170623779	0.2929869592189789	0.3171494603157043	0.3671989440917969	0.428853839635849	0.5558555126190186	0.6718874573707581	0.6324766874313354	0.2838172316551208	0.3724860548973083	0.2989261150360107	0.3061505258083344	0.5963324904441833	0.3520136177539825	0.3172690570354462	0.8287875652313232	0.3807977437973022	0.25373774766922	0.3641564846038818	0.4307653307914734	0.320395290851593	0.2435766011476517	0.4380965232849121	0.3204684555530548	0.690031111240387	0.2637616693973541	0.5571309328079224	0.4298830926418304	0.3862374126911163	0.4669556617736816
ERR475503	0.467065304517746	0.2857608795166016	0.280544638633728	0.270134836435318	0.2069816887378693	0.4804531633853912	0.5999536514282227	0.4861233532428741	0.3301543891429901	0	0.2083326429128647	0.2503712773323059	0.4288396537303925	0.4614473879337311	0.3176397085189819	0.3580398261547089	0.2155826836824417	0.263032853603363	0.3900943100452423	0.2944360375404358	0.3906293213367462	0.305293470621109	0.2240934669971466	0.3956936895847321	0.1837140470743179	0.2755548059940338	0.5020690560340881	0.1964390128850937	0.5761523842811584	0.343735545873642	0.3016434013843536	0.2879079282283783	0.3387258648872375	0.4215484857559204	0.409817636013031	0.2610012590885162	0.3157156407833099	0.2589746117591858	0.2984990477561951	0.2408960312604904	0.3175069391727448	0.3103705942630768	0.2217131704092026	0.4267871975898743	0.4892737865447998	0.3165199458599091	0.3438292443752289	0.4156537055969238	0.4469300508499146	0.4757533967494965	0.3532865643501282	0.3088925778865814	0.4034274518489838	0.398192822933197	0.2733384072780609	0.4251286089420319	0.6939102411270142	0.400907963514328	0.2901569306850433	0.4302689731121063	0.5361717343330383	0.361427515745163	0.4052666127681732	0.3405347764492035	0.4021061360836029	0.3250882029533386	0.6008135080337524	0.2646559476852417	0.2673685550689697	0.6189358830451965	0.3408589065074921	0.3567086756229401	0.3920567631721497	0.3783181011676788	0.2176825255155563	0.4512160122394562	0.4385563731193542	0.6187068223953247	0.4122474491596222	0.42432901263237	0.3234042525291443	0.4897240102291107	0.3185161650180817	0.2498704344034195	0.1776915639638901	0.2735914289951324	0.2842986285686493	0.4104388952255249	0.6101088523864746	0.4679257869720459	0.3467577397823334	0.2599569261074066	0.3779312372207642	0.3598475158214569	0.478429913520813	0.379300057888031	0.2125022560358047	0.7444335222244263	0.3286061882972717	0.3526290059089661	0.482441782951355	0.5699041485786438	0.293426513671875	0.3700738847255707	0.5595118999481201	0.464982807636261	0.5733427405357361	0.2681407928466797	0.4646542370319366	0.5685910582542419	0.4689126908779144	0.5682956576347351
ERR475504	0.5156787037849426	0.2794794738292694	0.2324639409780502	0.2068152129650116	0.2716476619243622	0.5363426208496094	0.5938162207603455	0.5577837228775024	0.3558325469493866	0.2083326429128647	0	0.3089142739772797	0.4803487360477448	0.5025767087936401	0.287651926279068	0.3645737767219543	0.2326568216085434	0.2583597898483276	0.3059784770011902	0.3579975962638855	0.4154133498668671	0.2755175828933716	0.2285313308238983	0.3943664729595184	0.2371092587709427	0.3143216073513031	0.5440402626991272	0.2859024405479431	0.5934834480285645	0.3211669027805328	0.2937226295471191	0.2114237099885941	0.3348516523838043	0.4335023462772369	0.4148334860801697	0.1966700106859207	0.3477385342121124	0.25452920794487	0.2171013802289963	0.2555971443653107	0.3627077341079712	0.2706833481788635	0.279369592666626	0.4390498399734497	0.5305567979812622	0.340579092502594	0.3146943151950836	0.4933972954750061	0.4514762759208679	0.4947147369384766	0.3600420951843262	0.3660383224487305	0.3009686470031738	0.2927182018756866	0.2642385959625244	0.34912970662117	0.7273740172386169	0.3114926517009735	0.2300043851137161	0.4064579606056213	0.4815376400947571	0.3544192612171173	0.341662585735321	0.2688938081264496	0.4362391531467438	0.2571934461593628	0.6459635496139526	0.2279998511075974	0.2160837650299072	0.6159485578536987	0.3683986067771912	0.2907386720180511	0.3161947429180145	0.3036671876907349	0.2151445895433426	0.3518487513065338	0.3948541581630707	0.646509051322937	0.3970630466938019	0.4698521494865417	0.3827266693115234	0.5271065831184387	0.3847098350524902	0.2566709518432617	0.2236450165510178	0.3670364022254944	0.3114380836486816	0.4487161636352539	0.5943301320075989	0.5046200156211853	0.3783547282218933	0.3159919679164886	0.4549000263214111	0.4224844872951508	0.5255026817321777	0.4699654579162598	0.2536264955997467	0.7535344958305359	0.3268720805644989	0.3831595778465271	0.5136340856552124	0.5979571342468262	0.2797958850860596	0.3619894087314606	0.5725909471511841	0.492705911397934	0.6256633996963501	0.3019087314605713	0.3860393464565277	0.5714366436004639	0.4818423390388489	0.6320000886917114
ERR475505	0.5572197437286377	0.362570583820343	0.3921174705028534	0.3842642903327942	0.3496133685112	0.4828433990478516	0.6004580855369568	0.5301273465156555	0.4348772168159485	0.2503712773323059	0.3089142739772797	0	0.4803182482719421	0.5456362962722778	0.3795790672302246	0.3641039133071899	0.3142282068729401	0.3777286112308502	0.4834421575069427	0.3660294413566589	0.483241468667984	0.3913518190383911	0.3468557298183441	0.4589188396930695	0.3106746077537537	0.3687901794910431	0.5448894500732422	0.2997966110706329	0.6264210939407349	0.3875511586666107	0.3753094673156738	0.3702204525470734	0.4130124747753143	0.4717741906642914	0.4241496324539185	0.3835155665874481	0.3428854942321777	0.3552053868770599	0.3890243172645569	0.3234411180019379	0.4142323136329651	0.4035926461219788	0.3356158137321472	0.5104161500930786	0.5146833062171936	0.4042806625366211	0.4114610254764557	0.4804387986660004	0.4821362495422363	0.5559917688369751	0.322376161813736	0.4004546105861664	0.476776659488678	0.4629253149032593	0.4042456746101379	0.4831062853336334	0.7397358417510986	0.4896725714206696	0.3691750466823578	0.4254993200302124	0.5630249977111816	0.4308911561965942	0.4636371731758118	0.4114992320537567	0.5030320286750793	0.4290871024131775	0.6141595244407654	0.4110142886638641	0.3954204916954041	0.6666179299354553	0.3916344940662384	0.4247488677501678	0.4717212915420532	0.4652398228645325	0.2977873384952545	0.517413318157196	0.496019035577774	0.6589747667312622	0.4725907444953918	0.4504081606864929	0.4036940336227417	0.5406022667884827	0.3141938149929047	0.3820621073246002	0.3115672469139099	0.3626066446304321	0.345956027507782	0.4516939222812653	0.6297577619552612	0.465274840593338	0.425163596868515	0.3445937633514404	0.4510492086410522	0.4123642146587372	0.488070547580719	0.4653670489788055	0.3159338533878326	0.7418799996376038	0.3802304267883301	0.4413198530673981	0.5373193025588989	0.6488620042800903	0.4070704877376556	0.4497459530830383	0.6006852388381958	0.5496225357055664	0.5655264854431152	0.4002260267734528	0.5219992399215698	0.61115562915802	0.5368943810462952	0.5752725005149841
ERR475506	0.7147333025932312	0.4813626408576965	0.4809389710426331	0.5136948227882385	0.503237247467041	0.5544964671134949	0.600662887096405	0.6696039438247681	0.567829966545105	0.4288396537303925	0.4803487360477448	0.4803182482719421	0	0.7146809697151184	0.5288321375846863	0.5485841631889343	0.434070885181427	0.5476424694061279	0.4425331950187683	0.5556806921958923	0.6325304508209229	0.354008674621582	0.4259493947029114	0.2694298326969147	0.4448433518409729	0.3633017241954803	0.7042620182037354	0.5029157996177673	0.7603220343589783	0.4606157541275024	0.5160021781921387	0.4911306202411652	0.4910096824169159	0.6608034372329712	0.6440455317497253	0.4994068443775177	0.5930973887443542	0.5196964740753174	0.4849050939083099	0.5121158361434937	0.6070874333381653	0.48927903175354	0.3296464085578918	0.6360210180282593	0.7233179807662964	0.5594297647476196	0.4358298480510712	0.6607650518417358	0.5822933316230774	0.730244517326355	0.4865924715995789	0.580557644367218	0.4084661304950714	0.3809498250484467	0.5270248651504517	0.3702331483364105	0.8762945532798767	0.3871138095855713	0.4723817706108093	0.6289271116256714	0.5633137822151184	0.2710243463516235	0.4933344423770905	0.4646472632884979	0.6252093911170959	0.4227975308895111	0.2627942860126495	0.5661982297897339	0.4680359959602356	0.79183030128479	0.5875857472419739	0.4594111740589142	0.4137722849845886	0.3882929980754852	0.4845736920833588	0.399552583694458	0.4072295427322388	0.8237345218658447	0.4884003698825836	0.6480202674865723	0.5319497585296631	0.6783090829849243	0.4799109101295471	0.5516167879104614	0.4972383975982666	0.4614825844764709	0.3666846454143524	0.3773981928825378	0.5642631053924561	0.4019208252429962	0.5770884156227112	0.3347958624362946	0.5988951325416565	0.5625848174095154	0.2994873523712158	0.571325421333313	0.529827356338501	0.6035284399986267	0.5688414573669434	0.600666344165802	0.7160993218421936	0.8075376749038696	0.5654880404472351	0.5804595351219177	0.7636138796806335	0.6775228381156921	0.6932078003883362	0.5887685418128967	0.6145501732826233	0.7831289768218994	0.656822681427002	0.689248263835907
ERR475507	0.1318543404340744	0.5915505886077881	0.5582793354988098	0.5250800848007202	0.4242759346961975	0.6963785886764526	0.7797932624816895	0.3120358288288116	0.3564309775829315	0.4614473879337311	0.5025767087936401	0.5456362962722778	0.7146809697151184	0	0.606150209903717	0.5756018161773682	0.462039053440094	0.4051569104194641	0.6821781992912292	0.3163859248161316	0.3444845080375671	0.6592586040496826	0.559181272983551	0.7137936353683472	0.4421078860759735	0.5882139801979065	0.3102983236312866	0.4514792859554291	0.2259481698274612	0.5444793701171875	0.5082070827484131	0.5744056701660156	0.6187233924865723	0.270155668258667	0.3599739670753479	0.5489684343338013	0.4167607128620148	0.4346065819263458	0.5609758496284485	0.5028969049453735	0.3186794817447662	0.5921709537506104	0.5478118658065796	0.3943396210670471	0.3179996013641357	0.3023124039173126	0.6239457726478577	0.2156741768121719	0.6621078848838806	0.1749630570411682	0.6099687218666077	0.2947134971618652	0.6971860527992249	0.6559485793113708	0.4160445928573608	0.7182900309562683	0.3527084290981293	0.6921565532684326	0.592072069644928	0.6132071614265442	0.7498024702072144	0.6854484677314758	0.7094228267669678	0.6471849679946899	0.2614350318908691	0.6297608613967896	0.8161434531211853	0.4768407940864563	0.5816339254379272	0.393651008605957	0.3939316868782043	0.6474518775939941	0.7107198238372803	0.6972161531448364	0.5213319659233093	0.7117967009544373	0.7309678196907043	0.4216519594192505	0.700108528137207	0.545570969581604	0.4054214060306549	0.1831751465797424	0.6253935694694519	0.3935583233833313	0.4369372427463531	0.4040040373802185	0.582880437374115	0.6824937462806702	0.7650717496871948	0.6938430070877075	0.3424181342124939	0.4938568472862244	0.305132120847702	0.2702001929283142	0.6638931035995483	0.2898322939872742	0.4261235296726227	0.8922089338302612	0.5378968119621277	0.3396223187446594	0.1760415583848953	0.1857520192861557	0.4492469131946564	0.3519694209098816	0.4073381125926971	0.3359729945659637	0.7486857771873474	0.4012662172317505	0.6941285133361816	0.323778361082077	0.4728692770004272	0.4071861207485199
ERR475508	0.636096179485321	0.2353745549917221	0.3062111139297485	0.3411977291107178	0.3708544373512268	0.4636736512184143	0.5237737894058228	0.6683766841888428	0.4311555922031403	0.3176397085189819	0.287651926279068	0.3795790672302246	0.5288321375846863	0.606150209903717	0	0.3585506975650787	0.4057909250259399	0.4226129651069641	0.3535966873168945	0.445454865694046	0.4784950315952301	0.3409349918365479	0.2734285891056061	0.4678270816802979	0.3741073906421661	0.3240865767002106	0.653178334236145	0.372517317533493	0.6756570935249329	0.4424262940883636	0.3930042088031769	0.2423284351825714	0.3234081864356995	0.4871188998222351	0.5332598090171814	0.3243316113948822	0.3923796117305756	0.3806150257587433	0.2514567971229553	0.3428997099399567	0.3533617854118347	0.2796474099159241	0.3022580146789551	0.5696186423301697	0.6371204853057861	0.4530870318412781	0.3727776408195496	0.5462518930435181	0.3878937363624573	0.5783705115318298	0.2936028242111206	0.4147603809833527	0.4049113094806671	0.4012847244739532	0.430654913187027	0.406419426202774	0.8146013021469116	0.4182270765304565	0.2700139284133911	0.3979471623897552	0.4394521713256836	0.4122743904590607	0.2827938795089722	0.3096844553947449	0.5464734435081482	0.3458132743835449	0.6763610243797302	0.3833318650722504	0.2557117938995361	0.7522258162498474	0.4072817265987396	0.3382812738418579	0.388748437166214	0.363971620798111	0.227363795042038	0.4592288136482239	0.440990149974823	0.7412445545196533	0.3193410038948059	0.4664169549942017	0.5117561817169189	0.6270928382873535	0.2869886159896851	0.3870245516300201	0.3140399158000946	0.4454356729984283	0.391310840845108	0.4699614644050598	0.6260695457458496	0.4936186075210571	0.505217969417572	0.3997271358966827	0.5675496459007263	0.4810326397418976	0.5503544807434082	0.5557948350906372	0.3358218371868134	0.7805055379867554	0.3482450544834137	0.5083615779876709	0.5992287397384644	0.7131982445716858	0.4059264957904816	0.5070316195487976	0.6951111555099487	0.6132684350013733	0.6683928370475769	0.4074692726135254	0.4977803826332092	0.7035871148109436	0.5945762395858765	0.7278406023979187
ERR475509	0.6061514616012573	0.3746516704559326	0.4586373269557953	0.4615550339221954	0.4313080012798309	0.3989301919937134	0.4823227524757385	0.5285856127738953	0.4928556978702545	0.3580398261547089	0.3645737767219543	0.3641039133071899	0.5485841631889343	0.5756018161773682	0.3585506975650787	0	0.3900891840457916	0.4665901660919189	0.5420284271240234	0.4292967319488525	0.5159245133399963	0.4643830358982086	0.3717961609363556	0.5394523739814758	0.374330073595047	0.4054047763347626	0.6163150072097778	0.3638075888156891	0.6677790880203247	0.453597366809845	0.3769567608833313	0.4164276719093323	0.3749835193157196	0.4251649677753448	0.4553685486316681	0.4249908924102783	0.3943515121936798	0.4247399568557739	0.3677935004234314	0.3661224842071533	0.4032760560512543	0.3999225795269012	0.4074411690235138	0.4978913068771362	0.5219714045524597	0.4418445825576782	0.3889755010604858	0.5387378931045532	0.2844233214855194	0.5576950311660767	0.3116119205951691	0.4348177909851074	0.5480850338935852	0.5228573679924011	0.4813196659088135	0.5431956052780151	0.761195182800293	0.5535356402397156	0.4372407495975494	0.4004978239536285	0.5052721500396729	0.5089920163154602	0.4576901197433472	0.49327751994133	0.5253617167472839	0.4899218082427979	0.66395503282547	0.4936710596084595	0.4540112614631653	0.7137693762779236	0.4165822863578796	0.4906294941902161	0.5586113333702087	0.5269928574562073	0.3151759505271912	0.5649516582489014	0.5716496109962463	0.695913553237915	0.394205629825592	0.3477815091609955	0.470245897769928	0.5727176070213318	0.3068832457065582	0.4774346351623535	0.4191428124904633	0.4067420959472656	0.3063399195671082	0.5056471824645996	0.5590505599975586	0.4539514482021332	0.4360457360744476	0.3896373510360718	0.5229900479316711	0.4890081286430359	0.4453331530094147	0.5389160513877869	0.4252124428749084	0.7433338165283203	0.3977287709712982	0.5354046821594238	0.5977187752723694	0.6762262582778931	0.4592546820640564	0.5031989812850952	0.5374764800071716	0.5020355582237244	0.5330965518951416	0.4762099087238312	0.4966915249824524	0.5946804881095886	0.4406709671020508	0.6298218369483948
ERR475510	0.4681916832923889	0.3612339496612549	0.2987352013587952	0.2407527565956116	0.2311456203460693	0.5355879068374634	0.6242576837539673	0.4161180853843689	0.3487222194671631	0.2155826836824417	0.2326568216085434	0.3142282068729401	0.434070885181427	0.462039053440094	0.4057909250259399	0.3900891840457916	0	0.2282405197620392	0.4060399234294891	0.342409759759903	0.4323011040687561	0.3501106202602386	0.2954990267753601	0.3723885118961334	0.1880435347557068	0.3095352947711945	0.4907238185405731	0.2492103278636932	0.6040180325508118	0.2703784108161926	0.2857120633125305	0.345029354095459	0.3987391591072083	0.4603426158428192	0.4331543445587158	0.2731468081474304	0.3495267629623413	0.3078148663043976	0.3312387466430664	0.2728042304515839	0.4035997092723846	0.3423640131950378	0.2659592926502228	0.3858227133750916	0.4768931567668915	0.3555651307106018	0.3764339685440063	0.4915472269058228	0.4548662602901459	0.5140087604522705	0.3799830079078674	0.3856547772884369	0.4101298451423645	0.3947029113769531	0.2148380130529404	0.4418546259403229	0.7099142670631409	0.3962367475032806	0.3512219190597534	0.4817874729633331	0.6071846485137939	0.3451019525527954	0.4609546065330505	0.3992566466331482	0.4230571091175079	0.3635717630386353	0.6036099791526794	0.246708020567894	0.3316510915756226	0.5787584185600281	0.4128773808479309	0.3977030515670776	0.4140908420085907	0.3957443237304688	0.3114144504070282	0.4274575412273407	0.4699831902980804	0.6183179616928101	0.4629240036010742	0.4573659002780914	0.2896082401275635	0.4968039691448212	0.3960443139076233	0.2392244338989258	0.2537365853786469	0.306407630443573	0.2502953410148621	0.417838454246521	0.6030572652816772	0.5351946353912354	0.3438003361225128	0.2561119496822357	0.3663928806781769	0.426925927400589	0.4649367332458496	0.4313904643058777	0.2739374935626984	0.7384768128395081	0.374244749546051	0.3531689345836639	0.537729024887085	0.5397765636444092	0.2925034761428833	0.3233846426010132	0.5351592302322388	0.3974791467189789	0.5959216952323914	0.2930672764778137	0.42066290974617	0.5373413562774658	0.4180381894111633	0.5431810617446899
ERR475511	0.4184553921222687	0.3885494768619537	0.2804451882839203	0.2445541322231293	0.1915895491838455	0.6148090362548828	0.6738696098327637	0.4512545466423035	0.3062871992588043	0.263032853603363	0.2583597898483276	0.3777286112308502	0.5476424694061279	0.4051569104194641	0.4226129651069641	0.4665901660919189	0.2282405197620392	0	0.4449672698974609	0.2976548969745636	0.3836558163166046	0.4425112307071686	0.3499397337436676	0.4952138960361481	0.2581104636192322	0.4206643402576447	0.4534038901329041	0.2599393725395203	0.5402179360389709	0.3401335179805756	0.3220334649085999	0.3530809581279755	0.4354989230632782	0.4157764613628387	0.3478094637393951	0.257903516292572	0.2686266005039215	0.2421807050704956	0.3652554452419281	0.2526470720767975	0.3146032691001892	0.339496523141861	0.3295461237430573	0.339762270450592	0.4317980110645294	0.2820681035518646	0.4399486780166626	0.4454843401908875	0.538203239440918	0.4546733200550079	0.4681728780269623	0.3150990307331085	0.4444920420646667	0.4254110753536224	0.1766498237848282	0.495936244726181	0.6677017211914062	0.4364032447338104	0.3543476164340973	0.4896826446056366	0.6242727041244507	0.4559015035629272	0.4814464151859283	0.4331668019294739	0.3349578082561493	0.3798783123493195	0.7148200273513794	0.1837357878684998	0.3557945191860199	0.5163531303405762	0.3362959027290344	0.427105724811554	0.458705872297287	0.4468940496444702	0.3263155221939087	0.4801210463047028	0.5146001577377319	0.5364762544631958	0.4846717417240143	0.4771585166454315	0.270721971988678	0.4672007858753204	0.48263019323349	0.1443118005990982	0.2074442207813263	0.3298133909702301	0.3854252398014069	0.5339034795761108	0.6750523447990417	0.6142034530639648	0.3282763361930847	0.3506527245044708	0.3547904491424561	0.382735401391983	0.5723732709884644	0.4267116189002991	0.2118104547262192	0.7984749674797058	0.4042192399501801	0.2601333558559418	0.4376678168773651	0.4596298038959503	0.1756635755300522	0.2627979815006256	0.4787173569202423	0.3571125566959381	0.650600254535675	0.1731885522603989	0.4630718529224396	0.4724248647689819	0.3898778259754181	0.5113855004310608
